-3.500000000000000000e+00
-3.487499999999999822e+00
-3.475000000000000089e+00
-3.462499999999999911e+00
-3.450000000000000178e+00
-3.437500000000000000e+00
-3.424999999999999822e+00
-3.412500000000000089e+00
-3.399999999999999911e+00
-3.387500000000000178e+00
-3.375000000000000000e+00
-3.362499999999999822e+00
-3.350000000000000089e+00
-3.337499999999999911e+00
-3.325000000000000178e+00
-3.312500000000000000e+00
-3.299999999999999822e+00
-3.287500000000000089e+00
-3.274999999999999911e+00
-3.262500000000000178e+00
-3.250000000000000000e+00
-3.237499999999999822e+00
-3.225000000000000089e+00
-3.212499999999999911e+00
-3.200000000000000178e+00
-3.187500000000000000e+00
-3.174999999999999822e+00
-3.162500000000000089e+00
-3.149999999999999911e+00
-3.137500000000000178e+00
-3.125000000000000000e+00
-3.112499999999999822e+00
-3.100000000000000089e+00
-3.087499999999999911e+00
-3.075000000000000178e+00
-3.062500000000000000e+00
-3.049999999999999822e+00
-3.037500000000000089e+00
-3.024999999999999911e+00
-3.012500000000000178e+00
-3.000000000000000000e+00
-2.987499999999999822e+00
-2.975000000000000089e+00
-2.962499999999999911e+00
-2.950000000000000178e+00
-2.937500000000000000e+00
-2.924999999999999822e+00
-2.912500000000000089e+00
-2.899999999999999911e+00
-2.887500000000000178e+00
-2.875000000000000000e+00
-2.862499999999999822e+00
-2.850000000000000089e+00
-2.837499999999999911e+00
-2.825000000000000178e+00
-2.812500000000000000e+00
-2.799999999999999822e+00
-2.787500000000000089e+00
-2.774999999999999911e+00
-2.762500000000000178e+00
-2.750000000000000000e+00
-2.737499999999999822e+00
-2.725000000000000089e+00
-2.712499999999999911e+00
-2.700000000000000178e+00
-2.687500000000000000e+00
-2.674999999999999822e+00
-2.662500000000000089e+00
-2.649999999999999911e+00
-2.637500000000000178e+00
-2.625000000000000000e+00
-2.612499999999999822e+00
-2.600000000000000089e+00
-2.587499999999999911e+00
-2.575000000000000178e+00
-2.562500000000000000e+00
-2.549999999999999822e+00
-2.537500000000000089e+00
-2.524999999999999911e+00
-2.512500000000000178e+00
-2.500000000000000000e+00
-2.487499999999999822e+00
-2.475000000000000089e+00
-2.462499999999999911e+00
-2.450000000000000178e+00
-2.437500000000000000e+00
-2.424999999999999822e+00
-2.412500000000000089e+00
-2.399999999999999911e+00
-2.387500000000000178e+00
-2.375000000000000000e+00
-2.362499999999999822e+00
-2.350000000000000089e+00
-2.337499999999999911e+00
-2.325000000000000178e+00
-2.312500000000000000e+00
-2.299999999999999822e+00
-2.287500000000000089e+00
-2.274999999999999911e+00
-2.262500000000000178e+00
-2.250000000000000000e+00
-2.237499999999999822e+00
-2.225000000000000089e+00
-2.212499999999999911e+00
-2.200000000000000178e+00
-2.187500000000000000e+00
-2.174999999999999822e+00
-2.162500000000000089e+00
-2.149999999999999911e+00
-2.137500000000000178e+00
-2.125000000000000000e+00
-2.112499999999999822e+00
-2.100000000000000089e+00
-2.087499999999999911e+00
-2.075000000000000178e+00
-2.062500000000000000e+00
-2.049999999999999822e+00
-2.037500000000000089e+00
-2.024999999999999911e+00
-2.012500000000000178e+00
-2.000000000000000000e+00
-1.987500000000000044e+00
-1.975000000000000089e+00
-1.962499999999999911e+00
-1.949999999999999956e+00
-1.937500000000000000e+00
-1.925000000000000044e+00
-1.912500000000000089e+00
-1.899999999999999911e+00
-1.887499999999999956e+00
-1.875000000000000000e+00
-1.862500000000000044e+00
-1.850000000000000089e+00
-1.837499999999999911e+00
-1.824999999999999956e+00
-1.812500000000000000e+00
-1.800000000000000044e+00
-1.787500000000000089e+00
-1.774999999999999911e+00
-1.762499999999999956e+00
-1.750000000000000000e+00
-1.737500000000000044e+00
-1.725000000000000089e+00
-1.712499999999999911e+00
-1.699999999999999956e+00
-1.687500000000000000e+00
-1.675000000000000044e+00
-1.662500000000000089e+00
-1.649999999999999911e+00
-1.637499999999999956e+00
-1.625000000000000000e+00
-1.612500000000000044e+00
-1.600000000000000089e+00
-1.587499999999999911e+00
-1.574999999999999956e+00
-1.562500000000000000e+00
-1.550000000000000044e+00
-1.537500000000000089e+00
-1.524999999999999911e+00
-1.512499999999999956e+00
-1.500000000000000000e+00
-1.487500000000000044e+00
-1.475000000000000089e+00
-1.462499999999999911e+00
-1.449999999999999956e+00
-1.437500000000000000e+00
-1.425000000000000044e+00
-1.412500000000000089e+00
-1.399999999999999911e+00
-1.387499999999999956e+00
-1.375000000000000000e+00
-1.362500000000000044e+00
-1.350000000000000089e+00
-1.337499999999999911e+00
-1.324999999999999956e+00
-1.312500000000000000e+00
-1.300000000000000044e+00
-1.287500000000000089e+00
-1.274999999999999911e+00
-1.262499999999999956e+00
-1.250000000000000000e+00
-1.237500000000000044e+00
-1.225000000000000089e+00
-1.212499999999999911e+00
-1.199999999999999956e+00
-1.187500000000000000e+00
-1.175000000000000044e+00
-1.162500000000000089e+00
-1.149999999999999911e+00
-1.137499999999999956e+00
-1.125000000000000000e+00
-1.112500000000000044e+00
-1.100000000000000089e+00
-1.087499999999999911e+00
-1.074999999999999956e+00
-1.062500000000000000e+00
-1.050000000000000044e+00
-1.037500000000000089e+00
-1.024999999999999911e+00
-1.012499999999999956e+00
-1.000000000000000000e+00
-9.875000000000000444e-01
-9.749999999999999778e-01
-9.625000000000000222e-01
-9.499999999999999556e-01
-9.375000000000000000e-01
-9.250000000000000444e-01
-9.124999999999999778e-01
-9.000000000000000222e-01
-8.874999999999999556e-01
-8.750000000000000000e-01
-8.625000000000000444e-01
-8.499999999999999778e-01
-8.375000000000000222e-01
-8.249999999999999556e-01
-8.125000000000000000e-01
-8.000000000000000444e-01
-7.874999999999999778e-01
-7.750000000000000222e-01
-7.624999999999999556e-01
-7.500000000000000000e-01
-7.375000000000000444e-01
-7.249999999999999778e-01
-7.125000000000000222e-01
-6.999999999999999556e-01
-6.875000000000000000e-01
-6.750000000000000444e-01
-6.624999999999999778e-01
-6.500000000000000222e-01
-6.374999999999999556e-01
-6.250000000000000000e-01
-6.125000000000000444e-01
-5.999999999999999778e-01
-5.875000000000000222e-01
-5.749999999999999556e-01
-5.625000000000000000e-01
-5.500000000000000444e-01
-5.374999999999999778e-01
-5.250000000000000222e-01
-5.124999999999999556e-01
-5.000000000000000000e-01
-4.874999999999999889e-01
-4.749999999999999778e-01
-4.625000000000000222e-01
-4.500000000000000111e-01
-4.375000000000000000e-01
-4.249999999999999889e-01
-4.124999999999999778e-01
-4.000000000000000222e-01
-3.875000000000000111e-01
-3.750000000000000000e-01
-3.624999999999999889e-01
-3.499999999999999778e-01
-3.375000000000000222e-01
-3.250000000000000111e-01
-3.125000000000000000e-01
-2.999999999999999889e-01
-2.874999999999999778e-01
-2.750000000000000222e-01
-2.625000000000000111e-01
-2.500000000000000000e-01
-2.374999999999999889e-01
-2.250000000000000056e-01
-2.124999999999999944e-01
-2.000000000000000111e-01
-1.875000000000000000e-01
-1.749999999999999889e-01
-1.625000000000000056e-01
-1.499999999999999944e-01
-1.375000000000000111e-01
-1.250000000000000000e-01
-1.125000000000000028e-01
-1.000000000000000056e-01
-8.749999999999999445e-02
-7.499999999999999722e-02
-6.250000000000000000e-02
-5.000000000000000278e-02
-3.749999999999999861e-02
-2.500000000000000139e-02
-1.250000000000000069e-02
0.000000000000000000e+00
1.250000000000000069e-02
2.500000000000000139e-02
3.749999999999999861e-02
5.000000000000000278e-02
6.250000000000000000e-02
7.499999999999999722e-02
8.749999999999999445e-02
1.000000000000000056e-01
1.125000000000000028e-01
1.250000000000000000e-01
1.375000000000000111e-01
1.499999999999999944e-01
1.625000000000000056e-01
1.749999999999999889e-01
1.875000000000000000e-01
2.000000000000000111e-01
2.124999999999999944e-01
2.250000000000000056e-01
2.374999999999999889e-01
2.500000000000000000e-01
2.625000000000000111e-01
2.750000000000000222e-01
2.874999999999999778e-01
2.999999999999999889e-01
3.125000000000000000e-01
3.250000000000000111e-01
3.375000000000000222e-01
3.499999999999999778e-01
3.624999999999999889e-01
3.750000000000000000e-01
3.875000000000000111e-01
4.000000000000000222e-01
4.124999999999999778e-01
4.249999999999999889e-01
4.375000000000000000e-01
4.500000000000000111e-01
4.625000000000000222e-01
4.749999999999999778e-01
4.874999999999999889e-01
5.000000000000000000e-01
5.124999999999999556e-01
5.250000000000000222e-01
5.374999999999999778e-01
5.500000000000000444e-01
5.625000000000000000e-01
5.749999999999999556e-01
5.875000000000000222e-01
5.999999999999999778e-01
6.125000000000000444e-01
6.250000000000000000e-01
6.374999999999999556e-01
6.500000000000000222e-01
6.624999999999999778e-01
6.750000000000000444e-01
6.875000000000000000e-01
6.999999999999999556e-01
7.125000000000000222e-01
7.249999999999999778e-01
7.375000000000000444e-01
7.500000000000000000e-01
7.624999999999999556e-01
7.750000000000000222e-01
7.874999999999999778e-01
8.000000000000000444e-01
8.125000000000000000e-01
8.249999999999999556e-01
8.375000000000000222e-01
8.499999999999999778e-01
8.625000000000000444e-01
8.750000000000000000e-01
8.874999999999999556e-01
9.000000000000000222e-01
9.124999999999999778e-01
9.250000000000000444e-01
9.375000000000000000e-01
9.499999999999999556e-01
9.625000000000000222e-01
9.749999999999999778e-01
9.875000000000000444e-01
1.000000000000000000e+00
1.012499999999999956e+00
1.024999999999999911e+00
1.037500000000000089e+00
1.050000000000000044e+00
1.062500000000000000e+00
1.074999999999999956e+00
1.087499999999999911e+00
1.100000000000000089e+00
1.112500000000000044e+00
1.125000000000000000e+00
1.137499999999999956e+00
1.149999999999999911e+00
1.162500000000000089e+00
1.175000000000000044e+00
1.187500000000000000e+00
1.199999999999999956e+00
1.212499999999999911e+00
1.225000000000000089e+00
1.237500000000000044e+00
1.250000000000000000e+00
1.262499999999999956e+00
1.274999999999999911e+00
1.287500000000000089e+00
1.300000000000000044e+00
1.312500000000000000e+00
1.324999999999999956e+00
1.337499999999999911e+00
1.350000000000000089e+00
1.362500000000000044e+00
1.375000000000000000e+00
1.387499999999999956e+00
1.399999999999999911e+00
1.412500000000000089e+00
1.425000000000000044e+00
1.437500000000000000e+00
1.449999999999999956e+00
1.462499999999999911e+00
1.475000000000000089e+00
1.487500000000000044e+00
1.500000000000000000e+00
1.512499999999999956e+00
1.524999999999999911e+00
1.537500000000000089e+00
1.550000000000000044e+00
1.562500000000000000e+00
1.574999999999999956e+00
1.587499999999999911e+00
1.600000000000000089e+00
1.612500000000000044e+00
1.625000000000000000e+00
1.637499999999999956e+00
1.649999999999999911e+00
1.662500000000000089e+00
1.675000000000000044e+00
1.687500000000000000e+00
1.699999999999999956e+00
1.712499999999999911e+00
1.725000000000000089e+00
1.737500000000000044e+00
1.750000000000000000e+00
1.762499999999999956e+00
1.774999999999999911e+00
1.787500000000000089e+00
1.800000000000000044e+00
1.812500000000000000e+00
1.824999999999999956e+00
1.837499999999999911e+00
1.850000000000000089e+00
1.862500000000000044e+00
1.875000000000000000e+00
1.887499999999999956e+00
1.899999999999999911e+00
1.912500000000000089e+00
1.925000000000000044e+00
1.937500000000000000e+00
1.949999999999999956e+00
1.962499999999999911e+00
1.975000000000000089e+00
1.987500000000000044e+00
2.000000000000000000e+00
2.012500000000000178e+00
2.024999999999999911e+00
2.037500000000000089e+00
2.049999999999999822e+00
2.062500000000000000e+00
2.075000000000000178e+00
2.087499999999999911e+00
2.100000000000000089e+00
2.112499999999999822e+00
2.125000000000000000e+00
2.137500000000000178e+00
2.149999999999999911e+00
2.162500000000000089e+00
2.174999999999999822e+00
2.187500000000000000e+00
2.200000000000000178e+00
2.212499999999999911e+00
2.225000000000000089e+00
2.237499999999999822e+00
2.250000000000000000e+00
2.262500000000000178e+00
2.274999999999999911e+00
2.287500000000000089e+00
2.299999999999999822e+00
2.312500000000000000e+00
2.325000000000000178e+00
2.337499999999999911e+00
2.350000000000000089e+00
2.362499999999999822e+00
2.375000000000000000e+00
2.387500000000000178e+00
2.399999999999999911e+00
2.412500000000000089e+00
2.424999999999999822e+00
2.437500000000000000e+00
2.450000000000000178e+00
2.462499999999999911e+00
2.475000000000000089e+00
2.487499999999999822e+00
2.500000000000000000e+00
2.512500000000000178e+00
2.524999999999999911e+00
2.537500000000000089e+00
2.549999999999999822e+00
2.562500000000000000e+00
2.575000000000000178e+00
2.587499999999999911e+00
2.600000000000000089e+00
2.612499999999999822e+00
2.625000000000000000e+00
2.637500000000000178e+00
2.649999999999999911e+00
2.662500000000000089e+00
2.674999999999999822e+00
2.687500000000000000e+00
2.700000000000000178e+00
2.712499999999999911e+00
2.725000000000000089e+00
2.737499999999999822e+00
2.750000000000000000e+00
2.762500000000000178e+00
2.774999999999999911e+00
2.787500000000000089e+00
2.799999999999999822e+00
2.812500000000000000e+00
2.825000000000000178e+00
2.837499999999999911e+00
2.850000000000000089e+00
2.862499999999999822e+00
2.875000000000000000e+00
2.887500000000000178e+00
2.899999999999999911e+00
2.912500000000000089e+00
2.924999999999999822e+00
2.937500000000000000e+00
2.950000000000000178e+00
2.962499999999999911e+00
2.975000000000000089e+00
2.987499999999999822e+00
3.000000000000000000e+00
3.012500000000000178e+00
3.024999999999999911e+00
3.037500000000000089e+00
3.049999999999999822e+00
3.062500000000000000e+00
3.075000000000000178e+00
3.087499999999999911e+00
3.100000000000000089e+00
3.112499999999999822e+00
3.125000000000000000e+00
3.137500000000000178e+00
3.149999999999999911e+00
3.162500000000000089e+00
3.174999999999999822e+00
3.187500000000000000e+00
3.200000000000000178e+00
3.212499999999999911e+00
3.225000000000000089e+00
3.237499999999999822e+00
3.250000000000000000e+00
3.262500000000000178e+00
3.274999999999999911e+00
3.287500000000000089e+00
3.299999999999999822e+00
3.312500000000000000e+00
3.325000000000000178e+00
3.337499999999999911e+00
3.350000000000000089e+00
3.362499999999999822e+00
3.375000000000000000e+00
3.387500000000000178e+00
3.399999999999999911e+00
3.412500000000000089e+00
3.424999999999999822e+00
3.437500000000000000e+00
3.450000000000000178e+00
3.462499999999999911e+00
3.475000000000000089e+00
3.487499999999999822e+00
