8.699999999999999400e-02
1.739999999999999880e-01
2.610000000000000098e-01
3.479999999999999760e-01
4.349999999999999978e-01
5.220000000000000195e-01
6.089999999999999858e-01
6.959999999999999520e-01
7.830000000000000293e-01
8.699999999999999956e-01
9.569999999999999618e-01
1.044000000000000039e+00
1.131000000000000005e+00
1.217999999999999972e+00
1.304999999999999938e+00
1.391999999999999904e+00
1.479000000000000092e+00
1.566000000000000059e+00
1.653000000000000025e+00
1.739999999999999991e+00
1.826999999999999957e+00
1.913999999999999924e+00
2.000999999999999890e+00
2.088000000000000078e+00
2.174999999999999822e+00
2.262000000000000011e+00
2.349000000000000199e+00
2.435999999999999943e+00
2.523000000000000131e+00
2.609999999999999876e+00
2.697000000000000064e+00
2.783999999999999808e+00
2.870999999999999996e+00
2.958000000000000185e+00
3.044999999999999929e+00
3.132000000000000117e+00
3.218999999999999861e+00
3.306000000000000050e+00
3.392999999999999794e+00
3.479999999999999982e+00
3.567000000000000171e+00
3.653999999999999915e+00
3.741000000000000103e+00
3.827999999999999847e+00
3.915000000000000036e+00
4.001999999999999780e+00
4.089000000000000412e+00
4.176000000000000156e+00
4.262999999999999901e+00
4.349999999999999645e+00
4.437000000000000277e+00
4.524000000000000021e+00
4.610999999999999766e+00
4.698000000000000398e+00
4.785000000000000142e+00
4.871999999999999886e+00
4.958999999999999631e+00
5.046000000000000263e+00
5.133000000000000007e+00
5.219999999999999751e+00
5.307000000000000384e+00
5.394000000000000128e+00
5.480999999999999872e+00
5.567999999999999616e+00
5.655000000000000249e+00
5.741999999999999993e+00
5.828999999999999737e+00
5.916000000000000369e+00
6.003000000000000114e+00
6.089999999999999858e+00
6.176999999999999602e+00
6.264000000000000234e+00
6.350999999999999979e+00
6.437999999999999723e+00
6.525000000000000355e+00
6.612000000000000099e+00
6.698999999999999844e+00
6.785999999999999588e+00
6.873000000000000220e+00
6.959999999999999964e+00
7.046999999999999709e+00
7.134000000000000341e+00
7.221000000000000085e+00
7.307999999999999829e+00
7.394999999999999574e+00
7.482000000000000206e+00
7.568999999999999950e+00
7.655999999999999694e+00
7.743000000000000327e+00
7.830000000000000071e+00
7.916999999999999815e+00
8.003999999999999559e+00
8.090999999999999304e+00
8.178000000000000824e+00
8.265000000000000568e+00
8.352000000000000313e+00
8.439000000000000057e+00
8.525999999999999801e+00
8.612999999999999545e+00
8.699999999999999289e+00
8.787000000000000810e+00
8.874000000000000554e+00
8.961000000000000298e+00
9.048000000000000043e+00
9.134999999999999787e+00
9.221999999999999531e+00
9.308999999999999275e+00
9.396000000000000796e+00
9.483000000000000540e+00
9.570000000000000284e+00
9.657000000000000028e+00
9.743999999999999773e+00
9.830999999999999517e+00
9.917999999999999261e+00
1.000500000000000078e+01
1.009200000000000053e+01
1.017900000000000027e+01
1.026600000000000001e+01
1.035299999999999976e+01
1.043999999999999950e+01
1.052699999999999925e+01
1.061400000000000077e+01
1.070100000000000051e+01
1.078800000000000026e+01
1.087500000000000000e+01
1.096199999999999974e+01
1.104899999999999949e+01
1.113599999999999923e+01
1.122300000000000075e+01
1.131000000000000050e+01
1.139700000000000024e+01
1.148399999999999999e+01
1.157099999999999973e+01
1.165799999999999947e+01
1.174499999999999922e+01
1.183200000000000074e+01
1.191900000000000048e+01
1.200600000000000023e+01
1.209299999999999997e+01
1.217999999999999972e+01
1.226699999999999946e+01
1.235399999999999920e+01
1.244100000000000072e+01
1.252800000000000047e+01
1.261500000000000021e+01
1.270199999999999996e+01
1.278899999999999970e+01
1.287599999999999945e+01
1.296299999999999919e+01
1.305000000000000071e+01
1.313700000000000045e+01
1.322400000000000020e+01
1.331099999999999994e+01
1.339799999999999969e+01
1.348499999999999943e+01
1.357199999999999918e+01
1.365900000000000070e+01
1.374600000000000044e+01
1.383300000000000018e+01
1.391999999999999993e+01
1.400699999999999967e+01
1.409399999999999942e+01
1.418099999999999916e+01
1.426800000000000068e+01
1.435500000000000043e+01
1.444200000000000017e+01
1.452899999999999991e+01
1.461599999999999966e+01
1.470299999999999940e+01
1.478999999999999915e+01
1.487700000000000067e+01
1.496400000000000041e+01
1.505100000000000016e+01
1.513799999999999990e+01
1.522499999999999964e+01
1.531199999999999939e+01
1.539899999999999913e+01
1.548600000000000065e+01
1.557300000000000040e+01
1.566000000000000014e+01
1.574699999999999989e+01
1.583399999999999963e+01
1.592099999999999937e+01
1.600799999999999912e+01
1.609499999999999886e+01
1.618199999999999861e+01
1.626899999999999835e+01
1.635600000000000165e+01
1.644300000000000139e+01
1.653000000000000114e+01
1.661700000000000088e+01
1.670400000000000063e+01
1.679100000000000037e+01
1.687800000000000011e+01
1.696499999999999986e+01
1.705199999999999960e+01
1.713899999999999935e+01
1.722599999999999909e+01
1.731299999999999883e+01
1.739999999999999858e+01
1.748699999999999832e+01
1.757400000000000162e+01
1.766100000000000136e+01
1.774800000000000111e+01
1.783500000000000085e+01
1.792200000000000060e+01
1.800900000000000034e+01
1.809600000000000009e+01
1.818299999999999983e+01
1.826999999999999957e+01
1.835699999999999932e+01
1.844399999999999906e+01
1.853099999999999881e+01
1.861799999999999855e+01
1.870499999999999829e+01
1.879200000000000159e+01
1.887900000000000134e+01
1.896600000000000108e+01
1.905300000000000082e+01
1.914000000000000057e+01
1.922700000000000031e+01
1.931400000000000006e+01
1.940099999999999980e+01
1.948799999999999955e+01
1.957499999999999929e+01
1.966199999999999903e+01
1.974899999999999878e+01
1.983599999999999852e+01
1.992299999999999827e+01
2.001000000000000156e+01
2.009700000000000131e+01
2.018400000000000105e+01
2.027100000000000080e+01
2.035800000000000054e+01
2.044500000000000028e+01
2.053200000000000003e+01
2.061899999999999977e+01
2.070599999999999952e+01
2.079299999999999926e+01
2.087999999999999901e+01
2.096699999999999875e+01
2.105399999999999849e+01
2.114099999999999824e+01
2.122800000000000153e+01
2.131500000000000128e+01
2.140200000000000102e+01
2.148900000000000077e+01
2.157600000000000051e+01
2.166300000000000026e+01
2.175000000000000000e+01
2.183699999999999974e+01
2.192399999999999949e+01
2.201099999999999923e+01
2.209799999999999898e+01
2.218499999999999872e+01
2.227199999999999847e+01
2.235900000000000176e+01
2.244600000000000151e+01
2.253300000000000125e+01
2.262000000000000099e+01
2.270700000000000074e+01
2.279400000000000048e+01
2.288100000000000023e+01
2.296799999999999997e+01
2.305499999999999972e+01
2.314199999999999946e+01
2.322899999999999920e+01
2.331599999999999895e+01
2.340299999999999869e+01
2.348999999999999844e+01
2.357700000000000173e+01
2.366400000000000148e+01
2.375100000000000122e+01
2.383800000000000097e+01
2.392500000000000071e+01
2.401200000000000045e+01
2.409900000000000020e+01
2.418599999999999994e+01
2.427299999999999969e+01
2.435999999999999943e+01
2.444699999999999918e+01
2.453399999999999892e+01
2.462099999999999866e+01
2.470799999999999841e+01
2.479500000000000171e+01
2.488200000000000145e+01
2.496900000000000119e+01
2.505600000000000094e+01
2.514300000000000068e+01
2.523000000000000043e+01
2.531700000000000017e+01
2.540399999999999991e+01
2.549099999999999966e+01
2.557799999999999940e+01
2.566499999999999915e+01
2.575199999999999889e+01
2.583899999999999864e+01
2.592599999999999838e+01
2.601300000000000168e+01
2.610000000000000142e+01
2.618700000000000117e+01
2.627400000000000091e+01
2.636100000000000065e+01
2.644800000000000040e+01
2.653500000000000014e+01
2.662199999999999989e+01
2.670899999999999963e+01
2.679599999999999937e+01
2.688299999999999912e+01
2.696999999999999886e+01
2.705699999999999861e+01
2.714399999999999835e+01
2.723100000000000165e+01
2.731800000000000139e+01
2.740500000000000114e+01
2.749200000000000088e+01
2.757900000000000063e+01
2.766600000000000037e+01
2.775300000000000011e+01
2.783999999999999986e+01
2.792699999999999960e+01
2.801399999999999935e+01
2.810099999999999909e+01
2.818799999999999883e+01
2.827499999999999858e+01
2.836199999999999832e+01
2.844900000000000162e+01
2.853600000000000136e+01
2.862300000000000111e+01
2.871000000000000085e+01
2.879700000000000060e+01
2.888400000000000034e+01
2.897100000000000009e+01
2.905799999999999983e+01
2.914499999999999957e+01
2.923199999999999932e+01
2.931899999999999906e+01
2.940599999999999881e+01
2.949299999999999855e+01
2.957999999999999829e+01
2.966700000000000159e+01
2.975400000000000134e+01
2.984100000000000108e+01
2.992800000000000082e+01
3.001500000000000057e+01
3.010200000000000031e+01
3.018900000000000006e+01
3.027599999999999980e+01
3.036299999999999955e+01
3.044999999999999929e+01
3.053699999999999903e+01
3.062399999999999878e+01
3.071099999999999852e+01
3.079799999999999827e+01
3.088500000000000156e+01
3.097200000000000131e+01
3.105900000000000105e+01
3.114600000000000080e+01
3.123300000000000054e+01
3.132000000000000028e+01
3.140700000000000003e+01
3.149399999999999977e+01
3.158099999999999952e+01
3.166799999999999926e+01
3.175499999999999901e+01
3.184199999999999875e+01
3.192899999999999849e+01
3.201599999999999824e+01
3.210300000000000153e+01
3.218999999999999773e+01
3.227700000000000102e+01
3.236399999999999721e+01
3.245100000000000051e+01
3.253799999999999670e+01
3.262500000000000000e+01
3.271200000000000330e+01
3.279899999999999949e+01
3.288600000000000279e+01
3.297299999999999898e+01
3.306000000000000227e+01
3.314699999999999847e+01
3.323400000000000176e+01
3.332099999999999795e+01
3.340800000000000125e+01
3.349499999999999744e+01
3.358200000000000074e+01
3.366899999999999693e+01
3.375600000000000023e+01
3.384300000000000352e+01
3.392999999999999972e+01
3.401700000000000301e+01
3.410399999999999920e+01
3.419100000000000250e+01
3.427799999999999869e+01
3.436500000000000199e+01
3.445199999999999818e+01
3.453900000000000148e+01
3.462599999999999767e+01
3.471300000000000097e+01
3.479999999999999716e+01
3.488700000000000045e+01
3.497399999999999665e+01
3.506099999999999994e+01
3.514800000000000324e+01
3.523499999999999943e+01
3.532200000000000273e+01
3.540899999999999892e+01
3.549600000000000222e+01
3.558299999999999841e+01
3.567000000000000171e+01
3.575699999999999790e+01
3.584400000000000119e+01
3.593099999999999739e+01
3.601800000000000068e+01
3.610499999999999687e+01
3.619200000000000017e+01
3.627900000000000347e+01
3.636599999999999966e+01
3.645300000000000296e+01
3.653999999999999915e+01
3.662700000000000244e+01
3.671399999999999864e+01
3.680100000000000193e+01
3.688799999999999812e+01
3.697500000000000142e+01
3.706199999999999761e+01
3.714900000000000091e+01
3.723599999999999710e+01
3.732300000000000040e+01
3.740999999999999659e+01
3.749699999999999989e+01
3.758400000000000318e+01
3.767099999999999937e+01
3.775800000000000267e+01
3.784499999999999886e+01
3.793200000000000216e+01
3.801899999999999835e+01
3.810600000000000165e+01
3.819299999999999784e+01
3.828000000000000114e+01
3.836699999999999733e+01
3.845400000000000063e+01
3.854099999999999682e+01
3.862800000000000011e+01
3.871500000000000341e+01
3.880199999999999960e+01
3.888900000000000290e+01
3.897599999999999909e+01
3.906300000000000239e+01
3.914999999999999858e+01
3.923700000000000188e+01
3.932399999999999807e+01
3.941100000000000136e+01
3.949799999999999756e+01
3.958500000000000085e+01
3.967199999999999704e+01
3.975900000000000034e+01
3.984599999999999653e+01
3.993299999999999983e+01
4.002000000000000313e+01
4.010699999999999932e+01
4.019400000000000261e+01
4.028099999999999881e+01
4.036800000000000210e+01
4.045499999999999829e+01
4.054200000000000159e+01
4.062899999999999778e+01
4.071600000000000108e+01
4.080299999999999727e+01
4.089000000000000057e+01
4.097699999999999676e+01
4.106400000000000006e+01
4.115100000000000335e+01
4.123799999999999955e+01
4.132500000000000284e+01
4.141199999999999903e+01
4.149900000000000233e+01
4.158599999999999852e+01
4.167300000000000182e+01
4.175999999999999801e+01
4.184700000000000131e+01
4.193399999999999750e+01
4.202100000000000080e+01
4.210799999999999699e+01
4.219500000000000028e+01
4.228199999999999648e+01
4.236899999999999977e+01
4.245600000000000307e+01
4.254299999999999926e+01
4.263000000000000256e+01
4.271699999999999875e+01
4.280400000000000205e+01
4.289099999999999824e+01
4.297800000000000153e+01
4.306499999999999773e+01
4.315200000000000102e+01
4.323899999999999721e+01
4.332600000000000051e+01
4.341299999999999670e+01
4.350000000000000000e+01
4.358700000000000330e+01
4.367399999999999949e+01
4.376100000000000279e+01
4.384799999999999898e+01
4.393500000000000227e+01
4.402199999999999847e+01
4.410900000000000176e+01
4.419599999999999795e+01
4.428300000000000125e+01
4.436999999999999744e+01
4.445700000000000074e+01
4.454399999999999693e+01
4.463100000000000023e+01
4.471800000000000352e+01
4.480499999999999972e+01
4.489200000000000301e+01
4.497899999999999920e+01
4.506600000000000250e+01
4.515299999999999869e+01
4.524000000000000199e+01
4.532699999999999818e+01
4.541400000000000148e+01
4.550099999999999767e+01
4.558800000000000097e+01
4.567499999999999716e+01
4.576200000000000045e+01
4.584899999999999665e+01
4.593599999999999994e+01
4.602300000000000324e+01
4.610999999999999943e+01
4.619700000000000273e+01
4.628399999999999892e+01
4.637100000000000222e+01
4.645799999999999841e+01
4.654500000000000171e+01
4.663199999999999790e+01
4.671900000000000119e+01
4.680599999999999739e+01
4.689300000000000068e+01
4.697999999999999687e+01
4.706700000000000017e+01
4.715400000000000347e+01
4.724099999999999966e+01
4.732800000000000296e+01
4.741499999999999915e+01
4.750200000000000244e+01
4.758899999999999864e+01
4.767600000000000193e+01
4.776299999999999812e+01
4.785000000000000142e+01
4.793699999999999761e+01
4.802400000000000091e+01
4.811099999999999710e+01
4.819800000000000040e+01
4.828499999999999659e+01
4.837199999999999989e+01
4.845900000000000318e+01
4.854599999999999937e+01
4.863300000000000267e+01
4.871999999999999886e+01
4.880700000000000216e+01
4.889399999999999835e+01
4.898100000000000165e+01
4.906799999999999784e+01
4.915500000000000114e+01
4.924199999999999733e+01
4.932900000000000063e+01
4.941599999999999682e+01
4.950300000000000011e+01
4.959000000000000341e+01
4.967699999999999960e+01
4.976400000000000290e+01
4.985099999999999909e+01
4.993800000000000239e+01
5.002499999999999858e+01
5.011200000000000188e+01
5.019899999999999807e+01
5.028600000000000136e+01
5.037299999999999756e+01
5.046000000000000085e+01
5.054699999999999704e+01
5.063400000000000034e+01
5.072099999999999653e+01
5.080799999999999983e+01
5.089500000000000313e+01
5.098199999999999932e+01
5.106900000000000261e+01
5.115599999999999881e+01
5.124300000000000210e+01
5.132999999999999829e+01
5.141700000000000159e+01
5.150399999999999778e+01
5.159100000000000108e+01
5.167799999999999727e+01
5.176500000000000057e+01
5.185199999999999676e+01
5.193900000000000006e+01
5.202600000000000335e+01
5.211299999999999955e+01
5.220000000000000284e+01
5.228699999999999903e+01
5.237400000000000233e+01
5.246099999999999852e+01
5.254800000000000182e+01
5.263499999999999801e+01
5.272200000000000131e+01
5.280899999999999750e+01
5.289600000000000080e+01
5.298299999999999699e+01
5.307000000000000028e+01
5.315699999999999648e+01
5.324399999999999977e+01
5.333100000000000307e+01
5.341799999999999926e+01
5.350500000000000256e+01
5.359199999999999875e+01
5.367900000000000205e+01
5.376599999999999824e+01
5.385300000000000153e+01
5.393999999999999773e+01
5.402700000000000102e+01
5.411399999999999721e+01
5.420100000000000051e+01
5.428799999999999670e+01
5.437500000000000000e+01
5.446200000000000330e+01
5.454899999999999949e+01
5.463600000000000279e+01
5.472299999999999898e+01
5.481000000000000227e+01
5.489699999999999847e+01
5.498400000000000176e+01
5.507099999999999795e+01
5.515800000000000125e+01
5.524499999999999744e+01
5.533200000000000074e+01
5.541899999999999693e+01
5.550600000000000023e+01
5.559300000000000352e+01
5.567999999999999972e+01
5.576700000000000301e+01
5.585399999999999920e+01
5.594100000000000250e+01
5.602799999999999869e+01
5.611500000000000199e+01
5.620199999999999818e+01
5.628900000000000148e+01
5.637599999999999767e+01
5.646300000000000097e+01
5.654999999999999716e+01
5.663700000000000045e+01
5.672399999999999665e+01
5.681099999999999994e+01
5.689800000000000324e+01
5.698499999999999943e+01
5.707200000000000273e+01
5.715899999999999892e+01
5.724600000000000222e+01
5.733299999999999841e+01
5.742000000000000171e+01
5.750699999999999790e+01
5.759400000000000119e+01
5.768099999999999739e+01
5.776800000000000068e+01
5.785499999999999687e+01
5.794200000000000017e+01
5.802900000000000347e+01
5.811599999999999966e+01
5.820300000000000296e+01
5.828999999999999915e+01
5.837700000000000244e+01
5.846399999999999864e+01
5.855100000000000193e+01
5.863799999999999812e+01
5.872500000000000142e+01
5.881199999999999761e+01
5.889900000000000091e+01
5.898599999999999710e+01
5.907300000000000040e+01
5.915999999999999659e+01
5.924699999999999989e+01
5.933400000000000318e+01
5.942099999999999937e+01
5.950800000000000267e+01
5.959499999999999886e+01
5.968200000000000216e+01
5.976899999999999835e+01
5.985600000000000165e+01
5.994299999999999784e+01
6.003000000000000114e+01
6.011699999999999733e+01
6.020400000000000063e+01
6.029099999999999682e+01
6.037800000000000011e+01
6.046500000000000341e+01
6.055199999999999960e+01
6.063900000000000290e+01
6.072599999999999909e+01
6.081300000000000239e+01
6.089999999999999858e+01
6.098700000000000188e+01
6.107399999999999807e+01
6.116100000000000136e+01
6.124799999999999756e+01
6.133500000000000085e+01
6.142199999999999704e+01
6.150900000000000034e+01
6.159599999999999653e+01
6.168299999999999983e+01
6.177000000000000313e+01
6.185699999999999932e+01
6.194400000000000261e+01
6.203099999999999881e+01
6.211800000000000210e+01
6.220499999999999829e+01
6.229200000000000159e+01
6.237899999999999778e+01
6.246600000000000108e+01
6.255299999999999727e+01
6.264000000000000057e+01
6.272699999999999676e+01
6.281400000000000006e+01
6.290100000000000335e+01
6.298799999999999955e+01
6.307500000000000284e+01
6.316199999999999903e+01
6.324900000000000233e+01
6.333599999999999852e+01
6.342300000000000182e+01
6.350999999999999801e+01
6.359700000000000131e+01
6.368399999999999750e+01
6.377100000000000080e+01
6.385799999999999699e+01
6.394500000000000028e+01
6.403199999999999648e+01
6.411899999999999977e+01
6.420600000000000307e+01
6.429300000000000637e+01
6.437999999999999545e+01
6.446699999999999875e+01
6.455400000000000205e+01
6.464100000000000534e+01
6.472799999999999443e+01
6.481499999999999773e+01
6.490200000000000102e+01
6.498900000000000432e+01
6.507599999999999341e+01
6.516299999999999670e+01
6.525000000000000000e+01
6.533700000000000330e+01
6.542400000000000659e+01
6.551099999999999568e+01
6.559799999999999898e+01
6.568500000000000227e+01
6.577200000000000557e+01
6.585899999999999466e+01
6.594599999999999795e+01
6.603300000000000125e+01
6.612000000000000455e+01
6.620699999999999363e+01
6.629399999999999693e+01
6.638100000000000023e+01
6.646800000000000352e+01
6.655500000000000682e+01
6.664199999999999591e+01
6.672899999999999920e+01
6.681600000000000250e+01
6.690300000000000580e+01
6.698999999999999488e+01
6.707699999999999818e+01
6.716400000000000148e+01
6.725100000000000477e+01
6.733799999999999386e+01
6.742499999999999716e+01
6.751200000000000045e+01
6.759900000000000375e+01
6.768600000000000705e+01
6.777299999999999613e+01
6.785999999999999943e+01
6.794700000000000273e+01
6.803400000000000603e+01
6.812099999999999511e+01
6.820799999999999841e+01
6.829500000000000171e+01
6.838200000000000500e+01
6.846899999999999409e+01
6.855599999999999739e+01
6.864300000000000068e+01
6.873000000000000398e+01
6.881699999999999307e+01
6.890399999999999636e+01
6.899099999999999966e+01
6.907800000000000296e+01
6.916500000000000625e+01
6.925199999999999534e+01
6.933899999999999864e+01
6.942600000000000193e+01
6.951300000000000523e+01
6.959999999999999432e+01
6.968699999999999761e+01
6.977400000000000091e+01
6.986100000000000421e+01
6.994799999999999329e+01
7.003499999999999659e+01
7.012199999999999989e+01
7.020900000000000318e+01
7.029600000000000648e+01
7.038299999999999557e+01
7.046999999999999886e+01
7.055700000000000216e+01
7.064400000000000546e+01
7.073099999999999454e+01
7.081799999999999784e+01
7.090500000000000114e+01
7.099200000000000443e+01
7.107899999999999352e+01
7.116599999999999682e+01
7.125300000000000011e+01
7.134000000000000341e+01
7.142700000000000671e+01
7.151399999999999579e+01
7.160099999999999909e+01
7.168800000000000239e+01
7.177500000000000568e+01
7.186199999999999477e+01
7.194899999999999807e+01
7.203600000000000136e+01
7.212300000000000466e+01
7.220999999999999375e+01
7.229699999999999704e+01
7.238400000000000034e+01
7.247100000000000364e+01
7.255800000000000693e+01
7.264499999999999602e+01
7.273199999999999932e+01
7.281900000000000261e+01
7.290600000000000591e+01
7.299299999999999500e+01
7.307999999999999829e+01
7.316700000000000159e+01
7.325400000000000489e+01
7.334099999999999397e+01
7.342799999999999727e+01
7.351500000000000057e+01
7.360200000000000387e+01
7.368899999999999295e+01
7.377599999999999625e+01
7.386299999999999955e+01
7.395000000000000284e+01
7.403700000000000614e+01
7.412399999999999523e+01
7.421099999999999852e+01
7.429800000000000182e+01
7.438500000000000512e+01
7.447199999999999420e+01
7.455899999999999750e+01
7.464600000000000080e+01
7.473300000000000409e+01
7.481999999999999318e+01
7.490699999999999648e+01
7.499399999999999977e+01
7.508100000000000307e+01
7.516800000000000637e+01
7.525499999999999545e+01
7.534199999999999875e+01
7.542900000000000205e+01
7.551600000000000534e+01
7.560299999999999443e+01
7.568999999999999773e+01
7.577700000000000102e+01
7.586400000000000432e+01
7.595099999999999341e+01
7.603799999999999670e+01
7.612500000000000000e+01
7.621200000000000330e+01
7.629900000000000659e+01
7.638599999999999568e+01
7.647299999999999898e+01
7.656000000000000227e+01
7.664700000000000557e+01
7.673399999999999466e+01
7.682099999999999795e+01
7.690800000000000125e+01
7.699500000000000455e+01
7.708199999999999363e+01
7.716899999999999693e+01
7.725600000000000023e+01
7.734300000000000352e+01
7.743000000000000682e+01
7.751699999999999591e+01
7.760399999999999920e+01
7.769100000000000250e+01
7.777800000000000580e+01
7.786499999999999488e+01
7.795199999999999818e+01
7.803900000000000148e+01
7.812600000000000477e+01
7.821299999999999386e+01
7.829999999999999716e+01
7.838700000000000045e+01
7.847400000000000375e+01
7.856100000000000705e+01
7.864799999999999613e+01
7.873499999999999943e+01
7.882200000000000273e+01
7.890900000000000603e+01
7.899599999999999511e+01
7.908299999999999841e+01
7.917000000000000171e+01
7.925700000000000500e+01
7.934399999999999409e+01
7.943099999999999739e+01
7.951800000000000068e+01
7.960500000000000398e+01
7.969199999999999307e+01
7.977899999999999636e+01
7.986599999999999966e+01
7.995300000000000296e+01
8.004000000000000625e+01
8.012699999999999534e+01
8.021399999999999864e+01
8.030100000000000193e+01
8.038800000000000523e+01
8.047499999999999432e+01
8.056199999999999761e+01
8.064900000000000091e+01
8.073600000000000421e+01
8.082299999999999329e+01
8.090999999999999659e+01
8.099699999999999989e+01
8.108400000000000318e+01
8.117100000000000648e+01
8.125799999999999557e+01
8.134499999999999886e+01
8.143200000000000216e+01
8.151900000000000546e+01
8.160599999999999454e+01
8.169299999999999784e+01
8.178000000000000114e+01
8.186700000000000443e+01
8.195399999999999352e+01
8.204099999999999682e+01
8.212800000000000011e+01
8.221500000000000341e+01
8.230200000000000671e+01
8.238899999999999579e+01
8.247599999999999909e+01
8.256300000000000239e+01
8.265000000000000568e+01
8.273699999999999477e+01
8.282399999999999807e+01
8.291100000000000136e+01
8.299800000000000466e+01
8.308499999999999375e+01
8.317199999999999704e+01
8.325900000000000034e+01
8.334600000000000364e+01
8.343300000000000693e+01
8.351999999999999602e+01
8.360699999999999932e+01
8.369400000000000261e+01
8.378100000000000591e+01
8.386799999999999500e+01
8.395499999999999829e+01
8.404200000000000159e+01
8.412900000000000489e+01
8.421599999999999397e+01
8.430299999999999727e+01
8.439000000000000057e+01
8.447700000000000387e+01
8.456399999999999295e+01
8.465099999999999625e+01
8.473799999999999955e+01
8.482500000000000284e+01
8.491200000000000614e+01
8.499899999999999523e+01
8.508599999999999852e+01
8.517300000000000182e+01
8.526000000000000512e+01
8.534699999999999420e+01
8.543399999999999750e+01
8.552100000000000080e+01
8.560800000000000409e+01
8.569499999999999318e+01
8.578199999999999648e+01
8.586899999999999977e+01
8.595600000000000307e+01
8.604300000000000637e+01
8.612999999999999545e+01
8.621699999999999875e+01
8.630400000000000205e+01
8.639100000000000534e+01
8.647799999999999443e+01
8.656499999999999773e+01
8.665200000000000102e+01
8.673900000000000432e+01
8.682599999999999341e+01
8.691299999999999670e+01
8.700000000000000000e+01
8.708700000000000330e+01
8.717400000000000659e+01
8.726099999999999568e+01
8.734799999999999898e+01
8.743500000000000227e+01
8.752200000000000557e+01
8.760899999999999466e+01
8.769599999999999795e+01
8.778300000000000125e+01
8.787000000000000455e+01
8.795699999999999363e+01
8.804399999999999693e+01
8.813100000000000023e+01
8.821800000000000352e+01
8.830500000000000682e+01
8.839199999999999591e+01
8.847899999999999920e+01
8.856600000000000250e+01
8.865300000000000580e+01
8.873999999999999488e+01
8.882699999999999818e+01
8.891400000000000148e+01
8.900100000000000477e+01
8.908799999999999386e+01
8.917499999999999716e+01
8.926200000000000045e+01
8.934900000000000375e+01
8.943600000000000705e+01
8.952299999999999613e+01
8.960999999999999943e+01
8.969700000000000273e+01
8.978400000000000603e+01
8.987099999999999511e+01
8.995799999999999841e+01
9.004500000000000171e+01
9.013200000000000500e+01
9.021899999999999409e+01
9.030599999999999739e+01
9.039300000000000068e+01
9.048000000000000398e+01
9.056699999999999307e+01
9.065399999999999636e+01
9.074099999999999966e+01
9.082800000000000296e+01
9.091500000000000625e+01
9.100199999999999534e+01
9.108899999999999864e+01
9.117600000000000193e+01
9.126300000000000523e+01
9.134999999999999432e+01
9.143699999999999761e+01
9.152400000000000091e+01
9.161100000000000421e+01
9.169799999999999329e+01
9.178499999999999659e+01
9.187199999999999989e+01
9.195900000000000318e+01
9.204600000000000648e+01
9.213299999999999557e+01
9.221999999999999886e+01
9.230700000000000216e+01
9.239400000000000546e+01
9.248099999999999454e+01
9.256799999999999784e+01
9.265500000000000114e+01
9.274200000000000443e+01
9.282899999999999352e+01
9.291599999999999682e+01
9.300300000000000011e+01
9.309000000000000341e+01
9.317700000000000671e+01
9.326399999999999579e+01
9.335099999999999909e+01
9.343800000000000239e+01
9.352500000000000568e+01
9.361199999999999477e+01
9.369899999999999807e+01
9.378600000000000136e+01
9.387300000000000466e+01
9.395999999999999375e+01
9.404699999999999704e+01
9.413400000000000034e+01
9.422100000000000364e+01
9.430800000000000693e+01
9.439499999999999602e+01
9.448199999999999932e+01
9.456900000000000261e+01
9.465600000000000591e+01
9.474299999999999500e+01
9.482999999999999829e+01
9.491700000000000159e+01
9.500400000000000489e+01
9.509099999999999397e+01
9.517799999999999727e+01
9.526500000000000057e+01
9.535200000000000387e+01
9.543899999999999295e+01
9.552599999999999625e+01
9.561299999999999955e+01
9.570000000000000284e+01
9.578700000000000614e+01
9.587399999999999523e+01
9.596099999999999852e+01
9.604800000000000182e+01
9.613500000000000512e+01
9.622199999999999420e+01
9.630899999999999750e+01
9.639600000000000080e+01
9.648300000000000409e+01
9.656999999999999318e+01
9.665699999999999648e+01
9.674399999999999977e+01
9.683100000000000307e+01
9.691800000000000637e+01
9.700499999999999545e+01
9.709199999999999875e+01
9.717900000000000205e+01
9.726600000000000534e+01
9.735299999999999443e+01
9.743999999999999773e+01
9.752700000000000102e+01
9.761400000000000432e+01
9.770099999999999341e+01
9.778799999999999670e+01
9.787500000000000000e+01
9.796200000000000330e+01
9.804900000000000659e+01
9.813599999999999568e+01
9.822299999999999898e+01
9.831000000000000227e+01
9.839700000000000557e+01
9.848399999999999466e+01
9.857099999999999795e+01
9.865800000000000125e+01
9.874500000000000455e+01
9.883199999999999363e+01
9.891899999999999693e+01
9.900600000000000023e+01
9.909300000000000352e+01
9.918000000000000682e+01
9.926699999999999591e+01
9.935399999999999920e+01
9.944100000000000250e+01
9.952800000000000580e+01
9.961499999999999488e+01
9.970199999999999818e+01
9.978900000000000148e+01
9.987600000000000477e+01
9.996299999999999386e+01
1.000499999999999972e+02
1.001370000000000005e+02
1.002240000000000038e+02
1.003110000000000070e+02
1.003979999999999961e+02
1.004849999999999994e+02
1.005720000000000027e+02
1.006590000000000060e+02
1.007459999999999951e+02
1.008329999999999984e+02
1.009200000000000017e+02
1.010070000000000050e+02
1.010939999999999941e+02
1.011809999999999974e+02
1.012680000000000007e+02
1.013550000000000040e+02
1.014419999999999931e+02
1.015289999999999964e+02
1.016159999999999997e+02
1.017030000000000030e+02
1.017900000000000063e+02
1.018769999999999953e+02
1.019639999999999986e+02
1.020510000000000019e+02
1.021380000000000052e+02
1.022249999999999943e+02
1.023119999999999976e+02
1.023990000000000009e+02
1.024860000000000042e+02
1.025729999999999933e+02
1.026599999999999966e+02
1.027469999999999999e+02
1.028340000000000032e+02
1.029210000000000065e+02
1.030079999999999956e+02
1.030949999999999989e+02
1.031820000000000022e+02
1.032690000000000055e+02
1.033559999999999945e+02
1.034429999999999978e+02
1.035300000000000011e+02
1.036170000000000044e+02
1.037039999999999935e+02
1.037909999999999968e+02
1.038780000000000001e+02
1.039650000000000034e+02
1.040520000000000067e+02
1.041389999999999958e+02
1.042259999999999991e+02
1.043130000000000024e+02
1.044000000000000057e+02
1.044869999999999948e+02
1.045739999999999981e+02
1.046610000000000014e+02
1.047480000000000047e+02
1.048349999999999937e+02
1.049219999999999970e+02
1.050090000000000003e+02
1.050960000000000036e+02
1.051830000000000069e+02
1.052699999999999960e+02
1.053569999999999993e+02
1.054440000000000026e+02
1.055310000000000059e+02
1.056179999999999950e+02
1.057049999999999983e+02
1.057920000000000016e+02
1.058790000000000049e+02
1.059659999999999940e+02
1.060529999999999973e+02
1.061400000000000006e+02
1.062270000000000039e+02
1.063139999999999930e+02
1.064009999999999962e+02
1.064879999999999995e+02
1.065750000000000028e+02
1.066620000000000061e+02
1.067489999999999952e+02
1.068359999999999985e+02
1.069230000000000018e+02
1.070100000000000051e+02
1.070969999999999942e+02
1.071839999999999975e+02
1.072710000000000008e+02
1.073580000000000041e+02
1.074449999999999932e+02
1.075319999999999965e+02
1.076189999999999998e+02
1.077060000000000031e+02
1.077930000000000064e+02
1.078799999999999955e+02
1.079669999999999987e+02
1.080540000000000020e+02
1.081410000000000053e+02
1.082279999999999944e+02
1.083149999999999977e+02
1.084020000000000010e+02
1.084890000000000043e+02
1.085759999999999934e+02
1.086629999999999967e+02
1.087500000000000000e+02
1.088370000000000033e+02
1.089240000000000066e+02
1.090109999999999957e+02
1.090979999999999990e+02
1.091850000000000023e+02
1.092720000000000056e+02
1.093589999999999947e+02
1.094459999999999980e+02
1.095330000000000013e+02
1.096200000000000045e+02
1.097069999999999936e+02
1.097939999999999969e+02
1.098810000000000002e+02
1.099680000000000035e+02
1.100550000000000068e+02
1.101419999999999959e+02
1.102289999999999992e+02
1.103160000000000025e+02
1.104030000000000058e+02
1.104899999999999949e+02
1.105769999999999982e+02
1.106640000000000015e+02
1.107510000000000048e+02
1.108379999999999939e+02
1.109249999999999972e+02
1.110120000000000005e+02
1.110990000000000038e+02
1.111860000000000070e+02
1.112729999999999961e+02
1.113599999999999994e+02
1.114470000000000027e+02
1.115340000000000060e+02
1.116209999999999951e+02
1.117079999999999984e+02
1.117950000000000017e+02
1.118820000000000050e+02
1.119689999999999941e+02
1.120559999999999974e+02
1.121430000000000007e+02
1.122300000000000040e+02
1.123169999999999931e+02
1.124039999999999964e+02
1.124909999999999997e+02
1.125780000000000030e+02
1.126650000000000063e+02
1.127519999999999953e+02
1.128389999999999986e+02
1.129260000000000019e+02
1.130130000000000052e+02
1.130999999999999943e+02
1.131869999999999976e+02
1.132740000000000009e+02
1.133610000000000042e+02
1.134479999999999933e+02
1.135349999999999966e+02
1.136219999999999999e+02
1.137090000000000032e+02
1.137960000000000065e+02
1.138829999999999956e+02
1.139699999999999989e+02
1.140570000000000022e+02
1.141440000000000055e+02
1.142309999999999945e+02
1.143179999999999978e+02
1.144050000000000011e+02
1.144920000000000044e+02
1.145789999999999935e+02
1.146659999999999968e+02
1.147530000000000001e+02
1.148400000000000034e+02
1.149270000000000067e+02
1.150139999999999958e+02
1.151009999999999991e+02
1.151880000000000024e+02
1.152750000000000057e+02
1.153619999999999948e+02
1.154489999999999981e+02
1.155360000000000014e+02
1.156230000000000047e+02
1.157099999999999937e+02
1.157969999999999970e+02
1.158840000000000003e+02
1.159710000000000036e+02
1.160580000000000069e+02
1.161449999999999960e+02
1.162319999999999993e+02
1.163190000000000026e+02
1.164060000000000059e+02
1.164929999999999950e+02
1.165799999999999983e+02
1.166670000000000016e+02
1.167540000000000049e+02
1.168409999999999940e+02
1.169279999999999973e+02
1.170150000000000006e+02
1.171020000000000039e+02
1.171889999999999930e+02
1.172759999999999962e+02
1.173629999999999995e+02
1.174500000000000028e+02
1.175370000000000061e+02
1.176239999999999952e+02
1.177109999999999985e+02
1.177980000000000018e+02
1.178850000000000051e+02
1.179719999999999942e+02
1.180589999999999975e+02
1.181460000000000008e+02
1.182330000000000041e+02
1.183199999999999932e+02
1.184069999999999965e+02
1.184939999999999998e+02
1.185810000000000031e+02
1.186680000000000064e+02
1.187549999999999955e+02
1.188419999999999987e+02
1.189290000000000020e+02
1.190160000000000053e+02
1.191029999999999944e+02
1.191899999999999977e+02
1.192770000000000010e+02
1.193640000000000043e+02
1.194509999999999934e+02
1.195379999999999967e+02
1.196250000000000000e+02
1.197120000000000033e+02
1.197990000000000066e+02
1.198859999999999957e+02
1.199729999999999990e+02
1.200600000000000023e+02
1.201470000000000056e+02
1.202339999999999947e+02
1.203209999999999980e+02
1.204080000000000013e+02
1.204950000000000045e+02
1.205819999999999936e+02
1.206689999999999969e+02
1.207560000000000002e+02
1.208430000000000035e+02
1.209300000000000068e+02
1.210169999999999959e+02
1.211039999999999992e+02
1.211910000000000025e+02
1.212780000000000058e+02
1.213649999999999949e+02
1.214519999999999982e+02
1.215390000000000015e+02
1.216260000000000048e+02
1.217129999999999939e+02
1.217999999999999972e+02
1.218870000000000005e+02
1.219740000000000038e+02
1.220610000000000070e+02
1.221479999999999961e+02
1.222349999999999994e+02
1.223220000000000027e+02
1.224090000000000060e+02
1.224959999999999951e+02
1.225829999999999984e+02
1.226700000000000017e+02
1.227570000000000050e+02
1.228439999999999941e+02
1.229309999999999974e+02
1.230180000000000007e+02
1.231050000000000040e+02
1.231919999999999931e+02
1.232789999999999964e+02
1.233659999999999997e+02
1.234530000000000030e+02
1.235400000000000063e+02
1.236269999999999953e+02
1.237139999999999986e+02
1.238010000000000019e+02
1.238880000000000052e+02
1.239749999999999943e+02
1.240619999999999976e+02
1.241490000000000009e+02
1.242360000000000042e+02
1.243229999999999933e+02
1.244099999999999966e+02
1.244969999999999999e+02
1.245840000000000032e+02
1.246710000000000065e+02
1.247579999999999956e+02
1.248449999999999989e+02
1.249320000000000022e+02
1.250190000000000055e+02
1.251059999999999945e+02
1.251929999999999978e+02
1.252800000000000011e+02
1.253670000000000044e+02
1.254539999999999935e+02
1.255409999999999968e+02
1.256280000000000001e+02
1.257150000000000034e+02
1.258020000000000067e+02
1.258889999999999958e+02
1.259759999999999991e+02
1.260630000000000024e+02
1.261500000000000057e+02
1.262369999999999948e+02
1.263239999999999981e+02
1.264110000000000014e+02
1.264980000000000047e+02
1.265849999999999937e+02
1.266719999999999970e+02
1.267590000000000003e+02
1.268460000000000036e+02
1.269330000000000069e+02
1.270199999999999960e+02
1.271069999999999993e+02
1.271940000000000026e+02
1.272810000000000059e+02
1.273679999999999950e+02
1.274549999999999983e+02
1.275420000000000016e+02
1.276290000000000049e+02
1.277159999999999940e+02
1.278029999999999973e+02
1.278900000000000006e+02
1.279770000000000039e+02
1.280639999999999930e+02
1.281510000000000105e+02
1.282379999999999995e+02
1.283249999999999886e+02
1.284120000000000061e+02
1.284989999999999952e+02
1.285860000000000127e+02
1.286730000000000018e+02
1.287599999999999909e+02
1.288470000000000084e+02
1.289339999999999975e+02
1.290209999999999866e+02
1.291080000000000041e+02
1.291949999999999932e+02
1.292820000000000107e+02
1.293689999999999998e+02
1.294559999999999889e+02
1.295430000000000064e+02
1.296299999999999955e+02
1.297170000000000130e+02
1.298040000000000020e+02
1.298909999999999911e+02
1.299780000000000086e+02
1.300649999999999977e+02
1.301519999999999868e+02
1.302390000000000043e+02
1.303259999999999934e+02
1.304130000000000109e+02
1.305000000000000000e+02
1.305869999999999891e+02
1.306740000000000066e+02
1.307609999999999957e+02
1.308480000000000132e+02
1.309350000000000023e+02
1.310219999999999914e+02
1.311090000000000089e+02
1.311959999999999980e+02
1.312829999999999870e+02
1.313700000000000045e+02
1.314569999999999936e+02
1.315440000000000111e+02
1.316310000000000002e+02
1.317179999999999893e+02
1.318050000000000068e+02
1.318919999999999959e+02
1.319790000000000134e+02
1.320660000000000025e+02
1.321529999999999916e+02
1.322400000000000091e+02
1.323269999999999982e+02
1.324139999999999873e+02
1.325010000000000048e+02
1.325879999999999939e+02
1.326750000000000114e+02
1.327620000000000005e+02
1.328489999999999895e+02
1.329360000000000070e+02
1.330229999999999961e+02
1.331100000000000136e+02
1.331970000000000027e+02
1.332839999999999918e+02
1.333710000000000093e+02
1.334579999999999984e+02
1.335449999999999875e+02
1.336320000000000050e+02
1.337189999999999941e+02
1.338060000000000116e+02
1.338930000000000007e+02
1.339799999999999898e+02
1.340670000000000073e+02
1.341539999999999964e+02
1.342410000000000139e+02
1.343280000000000030e+02
1.344149999999999920e+02
1.345020000000000095e+02
1.345889999999999986e+02
1.346759999999999877e+02
1.347630000000000052e+02
1.348499999999999943e+02
1.349370000000000118e+02
1.350240000000000009e+02
1.351109999999999900e+02
1.351980000000000075e+02
1.352849999999999966e+02
1.353720000000000141e+02
1.354590000000000032e+02
1.355459999999999923e+02
1.356330000000000098e+02
1.357199999999999989e+02
1.358069999999999879e+02
1.358940000000000055e+02
1.359809999999999945e+02
1.360680000000000121e+02
1.361550000000000011e+02
1.362419999999999902e+02
1.363290000000000077e+02
1.364159999999999968e+02
1.365029999999999859e+02
1.365900000000000034e+02
1.366769999999999925e+02
1.367640000000000100e+02
1.368509999999999991e+02
1.369379999999999882e+02
1.370250000000000057e+02
1.371119999999999948e+02
1.371990000000000123e+02
1.372860000000000014e+02
1.373729999999999905e+02
1.374600000000000080e+02
1.375469999999999970e+02
1.376339999999999861e+02
1.377210000000000036e+02
1.378079999999999927e+02
1.378950000000000102e+02
1.379819999999999993e+02
1.380689999999999884e+02
1.381560000000000059e+02
1.382429999999999950e+02
1.383300000000000125e+02
1.384170000000000016e+02
1.385039999999999907e+02
1.385910000000000082e+02
1.386779999999999973e+02
1.387649999999999864e+02
1.388520000000000039e+02
1.389389999999999930e+02
1.390260000000000105e+02
1.391129999999999995e+02
1.391999999999999886e+02
1.392870000000000061e+02
1.393739999999999952e+02
1.394610000000000127e+02
1.395480000000000018e+02
1.396349999999999909e+02
1.397220000000000084e+02
1.398089999999999975e+02
1.398959999999999866e+02
1.399830000000000041e+02
1.400699999999999932e+02
1.401570000000000107e+02
1.402439999999999998e+02
1.403309999999999889e+02
1.404180000000000064e+02
1.405049999999999955e+02
1.405920000000000130e+02
1.406790000000000020e+02
1.407659999999999911e+02
1.408530000000000086e+02
1.409399999999999977e+02
1.410269999999999868e+02
1.411140000000000043e+02
1.412009999999999934e+02
1.412880000000000109e+02
1.413750000000000000e+02
1.414619999999999891e+02
1.415490000000000066e+02
1.416359999999999957e+02
1.417230000000000132e+02
1.418100000000000023e+02
1.418969999999999914e+02
1.419840000000000089e+02
1.420709999999999980e+02
1.421579999999999870e+02
1.422450000000000045e+02
1.423319999999999936e+02
1.424190000000000111e+02
1.425060000000000002e+02
1.425929999999999893e+02
1.426800000000000068e+02
1.427669999999999959e+02
1.428540000000000134e+02
1.429410000000000025e+02
1.430279999999999916e+02
1.431150000000000091e+02
1.432019999999999982e+02
1.432889999999999873e+02
1.433760000000000048e+02
1.434629999999999939e+02
1.435500000000000114e+02
1.436370000000000005e+02
1.437239999999999895e+02
1.438110000000000070e+02
1.438979999999999961e+02
