-1.987976945081013866e+02
-1.960892790515877664e+02
-1.933808635950741177e+02
-1.906724481385604690e+02
-1.879640326820468204e+02
-1.852556172255331717e+02
-1.825472017690195514e+02
-1.798387863125059027e+02
-1.771303708559922825e+02
-1.744219553994786338e+02
-1.717135399429649851e+02
-1.690051244864513080e+02
-1.662967090299376878e+02
-1.635882935734240391e+02
-1.608798781169104188e+02
-1.581714626603967702e+02
-1.554630472038831215e+02
-1.527546317473695012e+02
-1.500462162908558525e+02
-1.473378008343422039e+02
-1.446293853778285268e+02
-1.419209699213149065e+02
-1.392125544648012578e+02
-1.365041390082876376e+02
-1.337957235517739889e+02
-1.310873080952603402e+02
-1.283788926387467200e+02
-1.256704771822330429e+02
-1.229620617257194084e+02
-1.202536462692057597e+02
-1.175452308126921110e+02
-1.148368153561784766e+02
-1.121283998996648421e+02
-1.094199844431511934e+02
-1.067115689866375590e+02
-1.040031535301238961e+02
-1.012947380736102616e+02
-9.858632261709661293e+01
-9.587790716058297846e+01
-9.316949170406934400e+01
-9.046107624755569532e+01
-8.775266079104204664e+01
-8.504424533452841217e+01
-8.233582987801477771e+01
-7.962741442150111482e+01
-7.691899896498748035e+01
-7.421058350847383167e+01
-7.150216805196019720e+01
-6.879375259544654853e+01
-6.608533713893291406e+01
-6.337692168241928670e+01
-6.066850622590563091e+01
-5.796009076939199645e+01
-5.525167531287835487e+01
-5.254325985636470620e+01
-4.983484439985106462e+01
-4.712642894333742305e+01
-4.441801348682377437e+01
-4.170959803031013990e+01
-3.900118257379649123e+01
-3.629276711728284965e+01
-3.358435166076920808e+01
-3.087593620425556651e+01
-2.816752074774192494e+01
-2.545910529122828336e+01
-2.275068983471464179e+01
-2.004227437820100022e+01
-1.733385892168735865e+01
-1.462544346517371352e+01
-1.191702800866007195e+01
-9.208612552146430374e+00
-6.500197095632787914e+00
-3.791781639119145453e+00
-1.083366182605502548e+00
1.625049273908139691e+00
4.333464730421782818e+00
7.041880186935423502e+00
9.750295643449064187e+00
1.245871109996270931e+01
1.516712655647635088e+01
1.787554201298999246e+01
2.058395746950363758e+01
2.329237292601727560e+01
2.600078838253092073e+01
2.870920383904456230e+01
3.141761929555820032e+01
3.412603475207184545e+01
3.683445020858549412e+01
3.954286566509912859e+01
4.225128112161277727e+01
4.495969657812641174e+01
4.766811203464006041e+01
5.037652749115370199e+01
5.308494294766734356e+01
5.579335840418098513e+01
5.850177386069462671e+01
6.121018931720827538e+01
6.391860477372191696e+01
6.662702023023555853e+01
6.933543568674920721e+01
7.204385114326285589e+01
7.475226659977649035e+01
7.746068205629012482e+01
8.016909751280375929e+01
8.287751296931742218e+01
8.558592842583105664e+01
8.829434388234470532e+01
9.100275933885833979e+01
9.371117479537198847e+01
9.641959025188563714e+01
9.912800570839927161e+01
1.018364211649129061e+02
1.045448366214265548e+02
1.072532520779401892e+02
1.099616675344538237e+02
1.126700829909674866e+02
1.153784984474811353e+02
1.180869139039947697e+02
1.207953293605084042e+02
1.235037448170220387e+02
1.262121602735357015e+02
1.289205757300493360e+02
1.316289911865629847e+02
1.343374066430766050e+02
1.370458220995902536e+02
1.397542375561039023e+02
1.424626530126175226e+02
1.451710684691311712e+02
1.478794839256447915e+02
1.505878993821584402e+02
1.532963148386721173e+02
1.560047302951857660e+02
1.587131457516993862e+02
1.614215612082130349e+02
1.641299766647266551e+02
1.668383921212403038e+02
1.695468075777539525e+02
1.722552230342675728e+02
1.749636384907812499e+02
1.776720539472948701e+02
1.803804694038085472e+02
1.830888848603221675e+02
1.857973003168358161e+02
1.885057157733494364e+02
1.912141312298630851e+02
1.939225466863767338e+02
1.966309621428904109e+02
1.993393775994040027e+02
2.020477930559176798e+02
