-2.183208003995862692e-02
2.183208003995621913e-02
6.549624011987106864e-02
1.091604001997859147e-01
1.528245602797007330e-01
1.964887203596155929e-01
2.401528804395303973e-01
2.838170405194452850e-01
3.274812005993602004e-01
3.711453606792750048e-01
4.148095207591898093e-01
4.584736808391046137e-01
5.021378409190194736e-01
5.458020009989342780e-01
5.894661610788490824e-01
6.331303211587641089e-01
6.767944812386789133e-01
7.204586413185937177e-01
7.641228013985085221e-01
8.077869614784233265e-01
8.514511215583382420e-01
8.951152816382529354e-01
9.387794417181679618e-01
9.824436017980827662e-01
1.026107761877997682e+00
1.069771921957912486e+00
1.113436082037827290e+00
1.157100242117742095e+00
1.200764402197656899e+00
1.244428562277572148e+00
1.288092722357486730e+00
1.331756882437401757e+00
1.375421042517316339e+00
1.419085202597231365e+00
1.462749362677146170e+00
1.506413522757060974e+00
1.550077682836975779e+00
1.593741842916890583e+00
1.637406002996805388e+00
1.681070163076720414e+00
1.724734323156634996e+00
1.768398483236549801e+00
1.812062643316465049e+00
1.855726803396379854e+00
1.899390963476294658e+00
1.943055123556209463e+00
1.986719283636124267e+00
2.030383443716039071e+00
2.074047603795953876e+00
2.117711763875868680e+00
2.161375923955783485e+00
2.205040084035698289e+00
2.248704244115613538e+00
2.292368404195527898e+00
2.336032564275442702e+00
2.379696724355357507e+00
2.423360884435272755e+00
2.467025044515188004e+00
2.510689204595102364e+00
2.554353364675017168e+00
2.598017524754931973e+00
2.641681684834847221e+00
2.685345844914762026e+00
2.729010004994676386e+00
2.772674165074591190e+00
2.816338325154506439e+00
2.860002485234421243e+00
2.903666645314336048e+00
2.947330805394250408e+00
2.990994965474165657e+00
3.034659125554080461e+00
3.078323285633995265e+00
3.121987445713910514e+00
3.165651605793824874e+00
3.209315765873740123e+00
3.252979925953654483e+00
3.296644086033569732e+00
3.340308246113484536e+00
3.383972406193399340e+00
3.427636566273313701e+00
3.471300726353228949e+00
3.514964886433143310e+00
3.558629046513058558e+00
3.602293206592973807e+00
3.645957366672888167e+00
3.689621526752803415e+00
3.733285686832717776e+00
3.776949846912633024e+00
3.820614006992547385e+00
3.864278167072462633e+00
3.907942327152376993e+00
3.951606487232292242e+00
3.995270647312206602e+00
4.038934807392121407e+00
