7.413315969396059018e+02 2.641776178498778105e+00
7.414943838515382595e+02 2.641774515501841947e+00
7.416571707634705035e+02 2.641770889214568818e+00
7.418199576754028612e+02 2.641765483332026321e+00
7.419827445873352190e+02 2.641758379429834491e+00
7.421455314992673493e+02 2.641749459399492572e+00
7.423083184111997070e+02 2.641738895070046222e+00
7.424711053231319511e+02 2.641726562334389961e+00
7.426338922350643088e+02 2.641712728723768056e+00
7.427966791469964392e+02 2.641697362459927145e+00
7.429594660589287969e+02 2.641680430335166196e+00
7.431222529708610409e+02 2.641661995289798615e+00
7.432850398827933986e+02 2.641642023558949948e+00
7.434478267947256427e+02 2.641620678276229484e+00
7.436106137066578867e+02 2.641597922848224034e+00
7.437734006185902444e+02 2.641573818475268176e+00
7.439361875305224885e+02 2.641548332528325105e+00
7.440989744424547325e+02 2.641521625319529942e+00
7.442617613543869766e+02 2.641493555529872861e+00
7.444245482663193343e+02 2.641464191191397859e+00
7.445873351782516920e+02 2.641433602615110843e+00
7.447501220901838224e+02 2.641401847941571734e+00
7.449129090021161801e+02 2.641368803022889011e+00
7.450756959140484241e+02 2.641334733979617599e+00
7.452384828259807819e+02 2.641299403064801155e+00
7.454012697379129122e+02 2.641262990632275987e+00
7.455640566498452699e+02 2.641225469601692133e+00
7.457268435617776277e+02 2.641186903435764677e+00
7.458896304737098717e+02 2.641147169660771787e+00
7.460524173856422294e+02 2.641106460057981220e+00
7.462152042975743598e+02 2.641064741520398051e+00
7.463779912095067175e+02 2.641021984278579371e+00
7.465407781214389615e+02 2.640978187375321529e+00
7.467035650333713193e+02 2.640933526634775763e+00
7.468663519453034496e+02 2.640887789479353653e+00
7.470291388572358073e+02 2.640841269863146046e+00
7.471919257691681651e+02 2.640793721474558264e+00
7.473547126811004091e+02 2.640745243589812663e+00
7.475174995930326531e+02 2.640695836660354789e+00
7.476802865049648972e+02 2.640645603938874597e+00
7.478430734168972549e+02 2.640594525573835227e+00
7.480058603288293853e+02 2.640542582666559834e+00
7.481686472407617430e+02 2.640489762320842981e+00
7.483314341526941007e+02 2.640436077639837009e+00
7.484942210646263447e+02 2.640381644254307325e+00
7.486570079765587025e+02 2.640326444473873213e+00
7.488197948884908328e+02 2.640270445646875519e+00
7.489825818004231905e+02 2.640213562590761676e+00
7.491453687123554346e+02 2.640156022819151627e+00
7.493081556242877923e+02 2.640097687883183664e+00
7.494709425362199227e+02 2.640038578901452215e+00
7.496337294481522804e+02 2.639978793415810543e+00
7.497965163600846381e+02 2.639918202145606685e+00
7.499593032720168821e+02 2.639856865955211074e+00
7.501220901839492399e+02 2.639794995618492290e+00
7.502848770958813702e+02 2.639732340470755112e+00
7.504476640078137279e+02 2.639669036379973299e+00
7.506104509197459720e+02 2.639605051948018311e+00
7.507732378316782160e+02 2.639540296413990461e+00
7.509360247436105738e+02 2.639474951237038791e+00
7.510988116555428178e+02 2.639409094477588535e+00
7.512615985674751755e+02 2.639342499562198796e+00
7.514189171769255609e+02 2.639276667042667501e+00
7.514243854794073059e+02 2.639275214405948589e+00
7.515871723913396636e+02 2.639207355181569792e+00
7.517499593032719076e+02 2.639138838132035758e+00
7.519127462152042654e+02 2.639069839496420489e+00
7.520755331271366231e+02 2.639000276225427211e+00
7.522383200390687534e+02 2.638929954230356589e+00
7.524011069510011112e+02 2.638859124918007559e+00
7.525638938629333552e+02 2.638787734901011373e+00
7.527266807748657129e+02 2.638715767294396830e+00
7.528894676867978433e+02 2.638643392779372210e+00
7.530522545987302010e+02 2.638570176668258327e+00
7.532150415106624450e+02 2.638496623096131533e+00
7.533778284225948028e+02 2.638422443669644402e+00
7.535406153345270468e+02 2.638347868122876694e+00
7.537034022464592908e+02 2.638272653489680319e+00
7.538661891583916486e+02 2.638197054718160128e+00
7.540289760703238926e+02 2.638120836449821649e+00
7.541917629822561366e+02 2.638044075808801736e+00
7.543545498941883807e+02 2.637967006615435928e+00
7.545173368061207384e+02 2.637889187392989054e+00
7.546801237180530961e+02 2.637811167325240014e+00
7.548429106299852265e+02 2.637732464598243176e+00
7.550056975419175842e+02 2.637653363035743048e+00
7.551684844538498282e+02 2.637573675535743067e+00
7.553312713657821860e+02 2.637493792723243136e+00
7.554940582777143163e+02 2.637413323973243351e+00
7.556568451896466740e+02 2.637332269285743269e+00
7.558196321015789181e+02 2.637250823973243286e+00
7.559824190135112758e+02 2.637169183348243351e+00
7.561452059254436335e+02 2.637086956785743563e+00
7.563079928373757639e+02 2.637004144285743479e+00
7.564707797493081216e+02 2.636921136473243443e+00
7.566335666612403656e+02 2.636837542723243555e+00
7.567963535731727234e+02 2.636753753660743715e+00
7.569591404851048537e+02 2.636669378660743579e+00
7.571219273970372114e+02 2.636584613035743541e+00
7.572847143089695692e+02 2.636499456785743600e+00
7.574475012209018132e+02 2.636414105223243709e+00
7.576102881328340573e+02 2.636328167723243521e+00
7.577730750447663013e+02 2.636241839598243430e+00
7.579358619566986590e+02 2.636155120848243438e+00
7.580986488686307894e+02 2.636068206785743495e+00
7.582614357805631471e+02 2.635980706785743699e+00
7.584242226924955048e+02 2.635893011473243508e+00
7.585870096044277489e+02 2.635804925535743415e+00
7.587497965163601066e+02 2.635716448973243420e+00
7.589125834282922369e+02 2.635627581785743523e+00
7.590753703402245947e+02 2.635538323973243724e+00
7.592381572521568387e+02 2.635448870848243530e+00
7.594009441640891964e+02 2.635359027098243434e+00
7.595637310760213268e+02 2.635268792723243436e+00
7.597265179879536845e+02 2.635178363035743487e+00
7.598893048998860422e+02 2.635087347410743686e+00
7.600520918118182863e+02 2.634996331785743884e+00
7.602148787237506440e+02 2.634904730223243785e+00
7.603776656356827743e+02 2.634812933348243735e+00
7.605404525476151321e+02 2.634720745848243784e+00
7.607032394595473761e+02 2.634628363035743881e+00
7.608660263714796201e+02 2.634535589598244076e+00
7.610288132834119779e+02 2.634442620848243877e+00
7.611916001953442219e+02 2.634349261473243775e+00
7.613543871072765796e+02 2.634255706785743723e+00
7.615171740192087100e+02 2.634161761473243768e+00
7.616799609311410677e+02 2.634067425535743912e+00
7.618427478430733117e+02 2.633972894285744104e+00
7.620055347550056695e+02 2.633878167723243902e+00
7.621683216669377998e+02 2.633783050535743797e+00
7.623311085788701575e+02 2.633687738035743742e+00
7.624938954908025153e+02 2.633592230223243735e+00
7.626566824027347593e+02 2.633496331785743827e+00
7.628194693146671170e+02 2.633400238035743968e+00
7.629822562265992474e+02 2.633303753660743762e+00
7.631450431385316051e+02 2.633207073973243606e+00
7.633078300504638491e+02 2.633110198973243499e+00
7.634706169623962069e+02 2.633012933348243489e+00
7.636334038743284509e+02 2.632915667723243480e+00
7.637961907862606949e+02 2.632818011473243569e+00
7.639589776981930527e+02 2.632719964598243756e+00
7.641217646101252967e+02 2.632621917723243943e+00
7.642845515220575408e+02 2.632523480223243784e+00
7.644473384339897848e+02 2.632424847410743673e+00
7.646101253459221425e+02 2.632326019285743612e+00
7.647729122578545002e+02 2.632226800535743649e+00
7.649356991697866306e+02 2.632127581785743686e+00
7.650984860817189883e+02 2.632027972410743821e+00
7.652612729936512324e+02 2.631928167723244005e+00
7.654240599055835901e+02 2.631828167723243794e+00
7.655868468175157204e+02 2.631727972410743632e+00
7.657496337294480782e+02 2.631627581785743519e+00
7.659124206413803222e+02 2.631526800535743504e+00
7.660752075533126799e+02 2.631426019285743489e+00
7.662379944652450376e+02 2.631324847410743573e+00
7.664007813771771680e+02 2.631223675535743656e+00
7.665635682891095257e+02 2.631122113035743837e+00
7.667263552010417698e+02 2.631020550535744018e+00
7.668891421129741275e+02 2.630918597410743853e+00
7.670519290249062578e+02 2.630816448973243737e+00
7.672147159368386156e+02 2.630714300535743622e+00
7.673775028487709733e+02 2.630611761473243604e+00
7.675402897607032173e+02 2.630509222410743586e+00
7.677030766726354614e+02 2.630406292723243666e+00
7.678658635845677054e+02 2.630303363035743747e+00
7.680286504965000631e+02 2.630200042723243925e+00
7.681914374084321935e+02 2.630096722410744103e+00
7.683542243203645512e+02 2.629993206785743887e+00
7.685170112322967952e+02 2.629889300535743768e+00
7.686797981442291530e+02 2.629785394285743649e+00
7.688425850561615107e+02 2.629681292723243580e+00
7.690053719680936410e+02 2.629577191160743510e+00
7.691681588800259988e+02 2.629472698973243538e+00
7.693309457919582428e+02 2.629368011473243616e+00
7.694937327038906005e+02 2.629263323973243693e+00
7.696565196158227309e+02 2.629158441160743820e+00
7.698193065277550886e+02 2.629053363035743995e+00
7.699820934396874463e+02 2.628948089598243776e+00
7.701448803516196904e+02 2.628842620848243605e+00
7.703076672635520481e+02 2.628737152098243435e+00
7.704704541754841784e+02 2.628631488035743313e+00
7.706332410874165362e+02 2.628525628660743241e+00
7.707960279993487802e+02 2.628419573973243217e+00
7.709588149112810243e+02 2.628313323973243243e+00
7.711216018232133820e+02 2.628207073973243268e+00
7.712843887351456260e+02 2.628100628660743343e+00
7.714471756470779837e+02 2.627993988035743467e+00
7.716099625590101141e+02 2.627887347410743590e+00
7.717727494709424718e+02 2.627780511473243763e+00
7.719355363828747159e+02 2.627673480223243985e+00
7.720983232948070736e+02 2.627566253660743811e+00
7.722611102067392039e+02 2.627459027098243638e+00
7.724238971186715617e+02 2.627351605223243514e+00
7.725866840306039194e+02 2.627244183348243389e+00
7.727494709425361634e+02 2.627136370848243363e+00
7.729122578544685211e+02 2.627028558348243337e+00
7.730750447664006515e+02 2.626920745848243310e+00
7.732378316783330092e+02 2.626812738035743333e+00
7.734006185902652533e+02 2.626704534910743405e+00
7.735634055021976110e+02 2.626596331785743477e+00
7.737261924141298550e+02 2.626487933348243597e+00
7.738889793260620991e+02 2.626379339598243767e+00
7.740517662379944568e+02 2.626270745848243937e+00
7.742145531499267008e+02 2.626161956785744156e+00
7.743773400618589449e+02 2.626053167723244375e+00
7.745401269737911889e+02 2.625944183348244199e+00
7.747029138857235466e+02 2.625835003660744071e+00
7.748657007976557907e+02 2.625725823973243944e+00
7.750284877095880347e+02 2.625616644285743817e+00
7.751912746215203924e+02 2.625507073973243788e+00
7.753540615334526365e+02 2.625397698973243710e+00
7.755168484453849942e+02 2.625288128660743681e+00
7.756796353573171245e+02 2.625178363035743700e+00
7.758424222692494823e+02 2.625068597410743720e+00
7.760052091811817263e+02 2.624958636473243789e+00
7.761679960931140840e+02 2.624848675535743858e+00
7.763307830050464418e+02 2.624738519285743976e+00
7.764935699169785721e+02 2.624628363035744094e+00
7.766563568289109298e+02 2.624518011473244261e+00
7.768191437408431739e+02 2.624407659910744428e+00
7.769819306527755316e+02 2.624297113035744644e+00
7.771447175647076619e+02 2.624186566160744860e+00
7.773075044766400197e+02 2.624076019285745076e+00
7.774702913885722637e+02 2.623965277098244897e+00
7.776330783005046214e+02 2.623854339598244767e+00
7.777958652124368655e+02 2.623743597410744588e+00
7.779586521243691095e+02 2.623632464598244507e+00
7.781214390363014672e+02 2.623521527098244377e+00
7.782842259482335976e+02 2.623410394285744296e+00
7.784470128601659553e+02 2.623299066160744264e+00
7.786097997720981994e+02 2.623187738035744232e+00
7.787725866840305571e+02 2.623076409910744200e+00
7.789353735959629148e+02 2.622964886473244217e+00
7.790981605078950452e+02 2.622853363035744234e+00
7.792609474198274029e+02 2.622741839598244251e+00
7.794237343317596469e+02 2.622630120848244317e+00
7.795865212436920046e+02 2.622518402098244383e+00
7.797493081556241350e+02 2.622406683348244449e+00
7.799120950675564927e+02 2.622294769285744565e+00
7.800748819794888504e+02 2.622182855223244680e+00
7.802376688914210945e+02 2.622070745848244844e+00
7.804004558033534522e+02 2.621958636473245008e+00
7.805632427152855826e+02 2.621846527098245172e+00
7.807260296272179403e+02 2.621734417723245336e+00
7.808888165391501843e+02 2.621622113035745549e+00
7.810516034510824284e+02 2.621509808348245762e+00
7.812143903630146724e+02 2.621397308348245581e+00
7.813771772749470301e+02 2.621285003660745794e+00
7.815399641868793879e+02 2.621172503660745612e+00
7.817027510988115182e+02 2.621059808348245479e+00
7.818655380107438759e+02 2.620947308348245297e+00
7.820283249226761200e+02 2.620834613035745164e+00
7.821911118346084777e+02 2.620721917723245031e+00
7.823538987465406080e+02 2.620609027098244947e+00
7.825166856584729658e+02 2.620496331785744815e+00
7.826794725704053235e+02 2.620383441160744731e+00
7.828422594823375675e+02 2.620270550535744647e+00
7.830050463942699253e+02 2.620157464598244612e+00
7.831678333062020556e+02 2.620044378660744577e+00
7.833306202181344133e+02 2.619931488035744493e+00
7.834934071300666574e+02 2.619818206785744508e+00
7.836561940419990151e+02 2.619705120848244473e+00
7.838189809539311455e+02 2.619591839598244487e+00
7.839817678658635032e+02 2.619478753660744452e+00
7.841445547777958609e+02 2.619365472410744466e+00
7.843073416897281049e+02 2.619251995848244530e+00
7.844701286016603490e+02 2.619138714598244544e+00
7.846329155135925930e+02 2.619025238035744607e+00
7.847957024255249507e+02 2.618911956785744621e+00
7.849584893374571948e+02 2.618798480223244685e+00
7.851212762493894388e+02 2.618684808348244797e+00
7.852840631613217965e+02 2.618571331785744860e+00
7.854468500732540406e+02 2.618457855223244923e+00
7.856096369851863983e+02 2.618344183348245036e+00
7.857724238971185287e+02 2.618230511473245148e+00
7.859352108090508864e+02 2.618116839598245260e+00
7.860979977209831304e+02 2.618003167723245372e+00
7.862607846329154881e+02 2.617889300535745534e+00
7.864235715448478459e+02 2.617775628660745646e+00
7.865863584567799762e+02 2.617661761473245807e+00
7.867491453687123339e+02 2.617548089598245920e+00
7.869119322806445780e+02 2.617434222410746081e+00
7.870747191925769357e+02 2.617320355223246242e+00
7.872375061045090661e+02 2.617206292723246452e+00
7.874002930164414238e+02 2.617092425535746614e+00
7.875630799283736678e+02 2.616978558348246775e+00
7.877258668403060256e+02 2.616864495848246985e+00
7.878886537522382696e+02 2.616750628660747147e+00
7.880514406641705136e+02 2.616636566160747357e+00
7.882142275761028714e+02 2.616522503660747567e+00
7.883770144880350017e+02 2.616408441160747778e+00
7.885398013999673594e+02 2.616294378660747988e+00
7.887025883118996035e+02 2.616180316160748198e+00
7.888653752238319612e+02 2.616066253660748409e+00
7.890281621357643189e+02 2.615952191160748619e+00
7.891909490476964493e+02 2.615837933348248434e+00
7.893537359596288070e+02 2.615723870848248644e+00
7.895165228715610510e+02 2.615609613035748460e+00
7.896793097834934088e+02 2.615495550535748670e+00
7.898420966954255391e+02 2.615381292723248485e+00
7.900048836073578968e+02 2.615267034910748301e+00
7.901676705192901409e+02 2.615152972410748511e+00
7.903304574312224986e+02 2.615038714598248326e+00
7.904932443431548563e+02 2.614924456785748141e+00
7.906560312550869867e+02 2.614810198973247957e+00
7.908188181670193444e+02 2.614695941160747772e+00
7.909816050789515884e+02 2.614581683348247587e+00
7.911443919908838325e+02 2.614467425535747402e+00
7.913071789028160765e+02 2.614353167723247218e+00
7.914699658147484342e+02 2.614238909910747033e+00
7.916327527266807920e+02 2.614124652098246848e+00
7.917955396386129223e+02 2.614010394285746663e+00
7.919583265505452800e+02 2.613896136473246479e+00
7.921211134624775241e+02 2.613781878660746294e+00
7.922839003744098818e+02 2.613667620848246109e+00
7.924466872863420122e+02 2.613553363035745924e+00
7.926094741982743699e+02 2.613439105223245740e+00
7.927722611102067276e+02 2.613324847410745555e+00
7.929350480221389716e+02 2.613210589598245370e+00
7.930978349340713294e+02 2.613096331785745186e+00
7.932606218460034597e+02 2.612982073973245001e+00
7.934234087579358174e+02 2.612867816160744816e+00
7.935861956698680615e+02 2.612753363035744680e+00
7.937489825818004192e+02 2.612639105223244496e+00
7.939117694937325496e+02 2.612525042723244706e+00
7.940745564056649073e+02 2.612410784910744521e+00
7.942373433175972650e+02 2.612296527098244336e+00
7.944001302295295091e+02 2.612182269285744152e+00
7.945629171414617531e+02 2.612068011473243967e+00
7.947257040533939971e+02 2.611953753660743782e+00
7.948884909653263549e+02 2.611839495848243597e+00
7.950512778772585989e+02 2.611725433348243808e+00
7.952140647891908429e+02 2.611611175535743623e+00
7.953768517011232007e+02 2.611497113035743833e+00
7.955396386130554447e+02 2.611382855223243649e+00
7.957024255249878024e+02 2.611268792723243859e+00
7.958652124369199328e+02 2.611154534910743674e+00
7.960279993488522905e+02 2.611040472410743885e+00
7.961907862607845345e+02 2.610926409910744095e+00
7.963535731727168923e+02 2.610812347410744305e+00
7.965163600846490226e+02 2.610698089598244120e+00
7.966791469965813803e+02 2.610584027098244331e+00
7.968419339085137381e+02 2.610470159910744492e+00
7.970047208204459821e+02 2.610356097410744702e+00
7.971675077323783398e+02 2.610242034910744913e+00
7.973302946443104702e+02 2.610127972410745123e+00
7.974930815562428279e+02 2.610014105223245284e+00
7.976558684681750719e+02 2.609900042723245495e+00
7.978186553801074297e+02 2.609786175535745656e+00
7.979814422920396737e+02 2.609672308348245817e+00
7.981442292039719177e+02 2.609558441160745978e+00
7.983070161159042755e+02 2.609444573973246140e+00
7.984698030278364058e+02 2.609330706785746301e+00
7.986325899397687635e+02 2.609216839598246462e+00
7.987953768517010076e+02 2.609102972410746624e+00
7.989581637636333653e+02 2.608989300535746736e+00
7.991209506755657230e+02 2.608875433348246897e+00
7.992837375874978534e+02 2.608761761473247009e+00
7.994465244994302111e+02 2.608648089598247122e+00
7.996093114113624551e+02 2.608534417723247234e+00
7.997720983232948129e+02 2.608420745848247346e+00
7.999348852352269432e+02 2.608307073973247459e+00
8.000976721471593009e+02 2.608193597410747522e+00
8.002604590590915450e+02 2.608079925535747634e+00
8.004232459710239027e+02 2.607966448973247697e+00
8.005860328829562604e+02 2.607852972410747761e+00
8.007488197948883908e+02 2.607739495848247824e+00
8.009116067068207485e+02 2.607626019285747887e+00
8.010743936187529926e+02 2.607512542723247950e+00
8.012371805306852366e+02 2.607399261473247964e+00
8.013999674426174806e+02 2.607285980223247979e+00
8.015627543545498384e+02 2.607172503660748042e+00
8.017255412664821961e+02 2.607059222410748056e+00
8.018883281784143264e+02 2.606946136473248021e+00
8.020511150903466842e+02 2.606832855223248036e+00
8.022139020022789282e+02 2.606719573973248050e+00
8.023766889142112859e+02 2.606606488035748015e+00
8.025394758261434163e+02 2.606493402098247980e+00
8.027022627380757740e+02 2.606380316160747945e+00
8.028650496500080180e+02 2.606267230223247910e+00
8.030278365619403758e+02 2.606154339598247827e+00
8.031906234738727335e+02 2.606041448973247743e+00
8.033534103858048638e+02 2.605928363035747708e+00
8.035161972977372216e+02 2.605815472410747624e+00
8.036789842096694656e+02 2.605702777098247491e+00
8.038417711216018233e+02 2.605589886473247407e+00
8.040045580335339537e+02 2.605477191160747275e+00
8.041673449454663114e+02 2.605364495848247142e+00
8.043301318573986691e+02 2.605251800535747009e+00
8.044929187693309132e+02 2.605139105223246876e+00
8.046557056812631572e+02 2.605026605223246694e+00
8.048184925931954012e+02 2.604913909910746561e+00
8.049812795051277590e+02 2.604801409910746379e+00
8.051440664170600030e+02 2.604689105223246592e+00
8.053068533289922470e+02 2.604576605223246411e+00
8.054696402409244911e+02 2.604464300535746624e+00
8.056324271528568488e+02 2.604351800535746442e+00
8.057952140647892065e+02 2.604239691160746606e+00
8.059580009767213369e+02 2.604127386473246819e+00
8.061207878886536946e+02 2.604015277098246983e+00
8.062835748005859386e+02 2.603902972410747196e+00
8.064463617125182964e+02 2.603790863035747360e+00
8.066091486244504267e+02 2.603678948973247476e+00
8.067719355363827844e+02 2.603566839598247640e+00
8.069347224483151422e+02 2.603454925535747755e+00
8.070975093602473862e+02 2.603343011473247870e+00
8.072602962721797439e+02 2.603231292723247936e+00
8.074230831841118743e+02 2.603119378660748051e+00
8.075858700960442320e+02 2.603007659910748117e+00
8.077486570079764761e+02 2.602895941160748183e+00
8.079114439199088338e+02 2.602784417723248200e+00
8.080742308318410778e+02 2.602672698973248266e+00
8.082370177437733219e+02 2.602561175535748283e+00
8.083998046557056796e+02 2.602449652098248301e+00
8.085625915676378099e+02 2.602338323973248269e+00
8.087253784795701677e+02 2.602226995848248237e+00
8.088881653915024117e+02 2.602115667723248205e+00
8.090509523034347694e+02 2.602004339598248173e+00
8.092137392153668998e+02 2.601893206785748092e+00
8.093765261272992575e+02 2.601782073973248011e+00
8.095393130392316152e+02 2.601670941160747930e+00
8.097020999511638593e+02 2.601559808348247849e+00
8.098648868630962170e+02 2.601448870848247719e+00
8.100276737750283473e+02 2.601337933348247589e+00
8.101904606869607051e+02 2.601227191160747410e+00
8.103532475988929491e+02 2.601116253660747279e+00
8.105160345108253068e+02 2.601005511473247100e+00
8.106788214227576645e+02 2.600894964598247316e+00
8.108416083346897949e+02 2.600784222410747137e+00
8.110043952466221526e+02 2.600673675535747353e+00
8.111671821585543967e+02 2.600563128660747569e+00
8.113299690704866407e+02 2.600452777098247736e+00
8.114927559824188847e+02 2.600342425535747903e+00
8.116555428943512425e+02 2.600232073973248070e+00
8.118183298062834865e+02 2.600121722410748237e+00
8.119811167182157305e+02 2.600011566160748355e+00
8.121439036301480883e+02 2.599901409910748473e+00
8.123066905420803323e+02 2.599791448973248542e+00
8.124694774540126900e+02 2.599681488035748611e+00
8.126322643659448204e+02 2.599571527098248680e+00
8.127950512778771781e+02 2.599461566160748749e+00
8.129578381898094221e+02 2.599351800535748769e+00
8.131206251017417799e+02 2.599242034910748789e+00
8.132834120136741376e+02 2.599132464598248760e+00
8.134461989256062679e+02 2.599022894285748730e+00
8.136089858375386257e+02 2.598913323973248701e+00
8.137717727494708697e+02 2.598803753660748672e+00
8.139345596614032274e+02 2.598694378660748594e+00
8.140973465733353578e+02 2.598585198973248467e+00
8.142601334852677155e+02 2.598475823973248389e+00
8.144229203972000732e+02 2.598366644285748261e+00
8.145857073091323173e+02 2.598257464598248134e+00
8.147484942210645613e+02 2.598148480223247958e+00
8.149112811329968054e+02 2.598039495848247782e+00
8.150740680449291631e+02 2.597930706785748001e+00
8.152368549568614071e+02 2.597821722410747824e+00
8.153996418687936512e+02 2.597713128660747994e+00
8.155624287807258952e+02 2.597604339598248213e+00
8.157252156926582529e+02 2.597495745848248383e+00
8.158880026045906106e+02 2.597387152098248553e+00
8.160507895165227410e+02 2.597278753660748674e+00
8.162135764284550987e+02 2.597170355223248794e+00
8.163763633403873428e+02 2.597062152098248866e+00
8.165391502523197005e+02 2.596953753660748987e+00
8.167019371642518308e+02 2.596845745848249010e+00
8.168647240761841886e+02 2.596737542723249081e+00
8.170275109881165463e+02 2.596629534910749104e+00
8.171902979000487903e+02 2.596521722410749078e+00
8.173530848119811481e+02 2.596413714598249101e+00
8.175158717239132784e+02 2.596306097410749025e+00
8.176786586358456361e+02 2.596198284910748999e+00
8.178414455477778802e+02 2.596090667723248924e+00
8.180042324597102379e+02 2.595983245848248799e+00
8.181670193716423682e+02 2.595875823973248675e+00
8.183298062835747260e+02 2.595768402098248551e+00
8.184925931955070837e+02 2.595660980223248426e+00
8.186553801074392140e+02 2.595553753660748253e+00
8.188181670193715718e+02 2.595446722410748031e+00
8.189809539313038158e+02 2.595339691160748252e+00
8.191437408432361735e+02 2.595232659910748474e+00
8.193065277551683039e+02 2.595125823973248647e+00
8.194693146671006616e+02 2.595018988035748819e+00
8.196321015790330193e+02 2.594912347410748943e+00
8.197948884909652634e+02 2.594805706785749067e+00
8.199576754028976211e+02 2.594699066160749190e+00
8.201204623148297514e+02 2.594592620848249265e+00
8.202832492267621092e+02 2.594486370848249290e+00
8.204460361386943532e+02 2.594379925535749365e+00
8.206088230506267109e+02 2.594273870848249341e+00
8.207716099625590687e+02 2.594167620848249367e+00
8.209343968744911990e+02 2.594061566160749344e+00
8.210971837864235567e+02 2.593955706785749271e+00
8.212599706983558008e+02 2.593849847410749199e+00
8.214227576102880448e+02 2.593744183348249077e+00
8.215855445222202889e+02 2.593638323973249005e+00
8.217483314341526466e+02 2.593532855223248834e+00
8.219111183460848906e+02 2.593427386473248664e+00
8.220739052580171347e+02 2.593321917723248493e+00
8.222366921699494924e+02 2.593216644285748274e+00
8.223994790818817364e+02 2.593111370848248054e+00
8.225622659938140941e+02 2.593006292723248229e+00
8.227250529057462245e+02 2.592901214598248405e+00
8.228878398176785822e+02 2.592796331785748531e+00
8.230506267296108263e+02 2.592691448973248658e+00
8.232134136415431840e+02 2.592586566160748784e+00
8.233762005534755417e+02 2.592482073973248813e+00
8.235389874654076721e+02 2.592377386473248890e+00
8.237017743773400298e+02 2.592272894285748919e+00
8.238645612892722738e+02 2.592168597410748898e+00
8.240273482012046316e+02 2.592064300535748878e+00
8.241901351131367619e+02 2.591960003660748857e+00
8.243529220250691196e+02 2.591855902098248787e+00
8.245157089370013637e+02 2.591751995848248669e+00
8.246784958489337214e+02 2.591648089598248550e+00
8.248412827608659654e+02 2.591544378660748382e+00
8.250040696727982095e+02 2.591440667723248215e+00
8.251668565847305672e+02 2.591336956785748047e+00
8.253296434966628112e+02 2.591233441160747830e+00
8.254924304085950553e+02 2.591130120848248009e+00
8.256552173205272993e+02 2.591026800535748187e+00
8.258180042324596570e+02 2.590923480223248365e+00
8.259807911443920148e+02 2.590820355223248495e+00
8.261435780563241451e+02 2.590717425535748575e+00
8.263063649682565028e+02 2.590614495848248655e+00
8.264691518801887469e+02 2.590511761473248686e+00
8.266319387921211046e+02 2.590409027098248718e+00
8.267947257040532349e+02 2.590306488035748700e+00
8.269575126159855927e+02 2.590203948973248682e+00
8.271202995279179504e+02 2.590101605223248615e+00
8.272830864398501944e+02 2.589999261473248549e+00
8.274458733517825522e+02 2.589897113035748433e+00
8.276086602637146825e+02 2.589794964598248317e+00
8.277714471756470402e+02 2.589693011473248152e+00
8.279342340875792843e+02 2.589591253660747938e+00
8.280970209995116420e+02 2.589489495848247724e+00
8.282598079114437724e+02 2.589387933348247905e+00
8.284225948233761301e+02 2.589286370848248087e+00
8.285853817353084878e+02 2.589184808348248268e+00
8.287481686472406182e+02 2.589083636473248351e+00
8.289109555591729759e+02 2.588982269285748483e+00
8.290737424711052199e+02 2.588881292723248517e+00
8.292365293830375776e+02 2.588780316160748551e+00
8.293993162949697080e+02 2.588679339598248585e+00
8.295621032069020657e+02 2.588578558348248571e+00
8.297248901188344234e+02 2.588477972410748507e+00
8.298876770307666675e+02 2.588377386473248443e+00
8.300504639426990252e+02 2.588276995848248330e+00
8.302132508546311556e+02 2.588176605223248217e+00
8.303760377665635133e+02 2.588076409910748055e+00
8.305388246784957573e+02 2.587976409910747844e+00
8.307016115904281151e+02 2.587876409910747633e+00
8.308643985023602454e+02 2.587776605223247817e+00
8.310271854142926031e+02 2.587676800535748001e+00
8.311899723262249609e+02 2.587577191160748136e+00
8.313527592381572049e+02 2.587477581785748271e+00
8.315155461500894489e+02 2.587378167723248357e+00
8.316783330620216930e+02 2.587278948973248394e+00
8.318411199739540507e+02 2.587179730223248431e+00
8.320039068858862947e+02 2.587080706785748418e+00
8.321666937978185388e+02 2.586981878660748357e+00
8.323294807097508965e+02 2.586883050535748296e+00
8.324922676216831405e+02 2.586784222410748235e+00
8.326550545336154983e+02 2.586685784910748076e+00
8.328178414455476286e+02 2.586587347410747917e+00
8.329806283574799863e+02 2.586488909910747758e+00
8.331434152694122304e+02 2.586390667723247550e+00
8.333062021813445881e+02 2.586292620848247736e+00
8.334689890932769458e+02 2.586194769285747874e+00
8.336317760052090762e+02 2.586096917723248012e+00
8.337945629171414339e+02 2.585999066160748150e+00
8.339573498290736779e+02 2.585901605223248190e+00
8.341201367410060357e+02 2.585804144285748229e+00
8.342829236529381660e+02 2.585706683348248269e+00
8.344457105648705237e+02 2.585609613035748211e+00
8.346084974768027678e+02 2.585512542723248153e+00
8.347712843887351255e+02 2.585415472410748094e+00
8.349340713006673695e+02 2.585318597410747987e+00
8.350968582125996136e+02 2.585221917723247831e+00
8.352596451245319713e+02 2.585125433348247626e+00
8.354224320364642153e+02 2.585028948973247420e+00
8.355852189483964594e+02 2.584932659910747610e+00
8.357480058603287034e+02 2.584836370848247800e+00
8.359107927722610611e+02 2.584740277098247940e+00
8.360735796841934189e+02 2.584644378660748032e+00
8.362363665961255492e+02 2.584548675535748075e+00
8.363991535080579069e+02 2.584452972410748117e+00
8.365619404199901510e+02 2.584357464598248111e+00
8.367247273319225087e+02 2.584261956785748104e+00
8.368875142438546391e+02 2.584166839598248000e+00
8.370503011557869968e+02 2.584071527098247945e+00
8.372130880677192408e+02 2.583976605223247791e+00
8.373758749796515986e+02 2.583881683348247638e+00
8.375386618915839563e+02 2.583786956785747435e+00
8.377014488035160866e+02 2.583692425535747628e+00
8.378642357154484444e+02 2.583597894285747820e+00
8.380270226273806884e+02 2.583503558348247964e+00
8.381898095393130461e+02 2.583409417723248058e+00
8.383525964512451765e+02 2.583315472410748104e+00
8.385153833631775342e+02 2.583221527098248149e+00
8.386781702751098919e+02 2.583127777098248146e+00
8.388409571870420223e+02 2.583034222410748093e+00
8.390037440989743800e+02 2.582940667723248040e+00
8.391665310109066240e+02 2.582847308348247939e+00
8.393293179228389818e+02 2.582754144285747788e+00
8.394921048347711121e+02 2.582660980223247638e+00
8.396548917467034698e+02 2.582568206785747833e+00
8.398176786586357139e+02 2.582475433348248028e+00
8.399804655705680716e+02 2.582382659910748224e+00
8.401432524825004293e+02 2.582290277098248321e+00
8.403060393944325597e+02 2.582197894285748418e+00
8.404688263063649174e+02 2.582105706785748467e+00
8.406316132182971614e+02 2.582013714598248466e+00
8.407944001302295192e+02 2.581921722410748465e+00
8.409571870421616495e+02 2.581829925535748416e+00
8.411199739540940072e+02 2.581738323973248317e+00
8.412827608660263650e+02 2.581646917723248169e+00
8.414455477779586090e+02 2.581555511473248021e+00
8.416083346898908530e+02 2.581464495848248220e+00
8.417711216018230971e+02 2.581373480223248418e+00
8.419339085137554548e+02 2.581282659910748567e+00
8.420966954256876988e+02 2.581191839598248716e+00
8.422594823376199429e+02 2.581101214598248816e+00
8.424222692495523006e+02 2.581010980223248819e+00
8.425850561614845446e+02 2.580920745848248821e+00
8.427478430734169024e+02 2.580830511473248823e+00
8.429106299853490327e+02 2.580740667723248727e+00
8.430734168972813904e+02 2.580650823973248631e+00
8.432362038092136345e+02 2.580561175535748486e+00
8.433989907211459922e+02 2.580471722410748292e+00
8.435617776330781226e+02 2.580382464598248493e+00
8.437245645450104803e+02 2.580293206785748694e+00
8.438873514569428380e+02 2.580204144285748846e+00
8.440501383688750821e+02 2.580115472410748900e+00
8.442129252808074398e+02 2.580026605223249003e+00
8.443757121927395701e+02 2.579938128660749008e+00
8.445384991046719279e+02 2.579849847410748964e+00
8.447012860166041719e+02 2.579761566160748920e+00
8.448640729285365296e+02 2.579673480223248827e+00
8.450268598404687737e+02 2.579585589598248685e+00
8.451896467524010177e+02 2.579497894285748494e+00
8.453524336643333754e+02 2.579410394285748698e+00
8.455152205762656195e+02 2.579323089598248853e+00
8.456780074881978635e+02 2.579235784910749008e+00
8.458407944001301075e+02 2.579148675535749113e+00
8.460035813120624653e+02 2.579061761473249170e+00
8.461663682239945956e+02 2.578975042723249178e+00
8.463291551359269533e+02 2.578888519285749137e+00
8.464919420478593111e+02 2.578802191160749047e+00
8.466547289597915551e+02 2.578715863035748956e+00
8.468175158717239128e+02 2.578629925535748768e+00
8.469803027836560432e+02 2.578543988035748580e+00
8.471430896955884009e+02 2.578458245848248787e+00
8.473058766075206449e+02 2.578372698973248944e+00
8.474686635194530027e+02 2.578287347410749053e+00
8.476314504313853604e+02 2.578202191160749113e+00
8.477942373433174907e+02 2.578117034910749172e+00
8.479570242552498485e+02 2.578032269285749134e+00
8.481198111671820925e+02 2.577947698973249047e+00
8.482825980791144502e+02 2.577863128660748959e+00
8.484453849910465806e+02 2.577778753660748823e+00
8.486081719029789383e+02 2.577694573973248637e+00
8.487709588149112960e+02 2.577610589598248847e+00
8.489337457268434264e+02 2.577526800535749008e+00
8.490965326387757841e+02 2.577443206785749119e+00
8.492593195507080281e+02 2.577359808348249182e+00
8.494221064626403859e+02 2.577276605223249195e+00
8.495848933745725162e+02 2.577193597410749160e+00
8.497476802865048739e+02 2.577110589598249124e+00
8.499104671984371180e+02 2.577027972410748990e+00
8.500732541103694757e+02 2.576945355223248857e+00
8.502360410223018334e+02 2.576863128660749069e+00
8.503988279342339638e+02 2.576780902098249282e+00
8.505616148461663215e+02 2.576698870848249445e+00
8.507244017580985656e+02 2.576617034910749560e+00
8.508871886700309233e+02 2.576535589598249576e+00
8.510499755819630536e+02 2.576454144285749592e+00
8.512127624938954114e+02 2.576372894285749560e+00
8.513755494058277691e+02 2.576291839598249478e+00
8.515383363177600131e+02 2.576210980223249347e+00
8.517011232296922572e+02 2.576130316160749167e+00
8.518639101416245012e+02 2.576049847410749383e+00
8.520266970535568589e+02 2.575969573973249549e+00
8.521894839654891030e+02 2.575889495848249666e+00
8.523522708774213470e+02 2.575809613035749734e+00
8.525150577893535910e+02 2.575729925535749754e+00
8.526778447012859488e+02 2.575650433348249724e+00
8.528406316132183065e+02 2.575571136473249645e+00
8.530034185251504368e+02 2.575492034910749517e+00
8.531662054370827946e+02 2.575413128660749340e+00
8.533289923490150386e+02 2.575334417723249558e+00
8.534917792609473963e+02 2.575255902098249727e+00
8.536545661728795267e+02 2.575177581785749847e+00
8.538173530848118844e+02 2.575099456785749918e+00
8.539801399967442421e+02 2.575021527098249940e+00
8.541429269086764862e+02 2.574943792723249913e+00
8.543057138206088439e+02 2.574866253660749837e+00
8.544685007325409742e+02 2.574788909910749712e+00
8.546312876444733320e+02 2.574711956785749933e+00
8.547940745564055760e+02 2.574635003660750154e+00
8.549568614683379337e+02 2.574558245848250326e+00
8.551196483802701778e+02 2.574481683348250449e+00
8.552824352922024218e+02 2.574405511473250474e+00
8.554452222041347795e+02 2.574329339598250499e+00
8.556080091160670236e+02 2.574253558348250426e+00
8.557707960279992676e+02 2.574177972410750304e+00
8.559335829399315116e+02 2.574102386473250181e+00
8.560963698518638694e+02 2.574027191160749961e+00
8.562591567637959997e+02 2.573952191160750136e+00
8.564219436757283574e+02 2.573877386473250262e+00
8.565847305876607152e+02 2.573802777098250338e+00
8.567475174995929592e+02 2.573728363035750366e+00
8.569103044115253169e+02 2.573654144285750345e+00
8.570730913234574473e+02 2.573580120848250274e+00
8.572358782353898050e+02 2.573506488035750106e+00
8.573986651473220491e+02 2.573432855223249938e+00
8.575614520592544068e+02 2.573359613035750115e+00
8.577242389711867645e+02 2.573286566160750244e+00
8.578870258831188949e+02 2.573213714598250323e+00
8.580498127950512526e+02 2.573141058348250354e+00
8.582125997069834966e+02 2.573068597410750336e+00
8.583753866189158543e+02 2.572996331785750268e+00
8.585381735308479847e+02 2.572924456785750102e+00
8.587009604427803424e+02 2.572852581785749937e+00
8.588637473547125865e+02 2.572781097410750117e+00
8.590265342666448305e+02 2.572709808348250249e+00
8.591893211785771882e+02 2.572638714598250331e+00
8.593521080905094323e+02 2.572567816160750365e+00
8.595148950024417900e+02 2.572497113035750349e+00
8.596776819143739203e+02 2.572426800535750235e+00
8.598404688263062781e+02 2.572356488035750122e+00
8.600032557382385221e+02 2.572286566160749910e+00
8.601660426501708798e+02 2.572216839598250093e+00
8.603288295621032375e+02 2.572147308348250228e+00
8.604916164740353679e+02 2.572078167723250264e+00
8.606544033859677256e+02 2.572009027098250300e+00
8.608171902978999697e+02 2.571940277098250238e+00
8.609799772098323274e+02 2.571871722410750127e+00
8.611427641217644577e+02 2.571803558348249918e+00
8.613055510336968155e+02 2.571735394285749710e+00
8.614683379456291732e+02 2.571667620848249847e+00
8.616311248575614172e+02 2.571599847410749984e+00
8.617939117694936613e+02 2.571532659910749974e+00
8.619566986814259053e+02 2.571465472410749964e+00
8.621194855933582630e+02 2.571398480223249905e+00
8.622822725052905071e+02 2.571331878660749748e+00
8.624450594172227511e+02 2.571265472410749542e+00
8.626078463291549951e+02 2.571199261473249731e+00
8.627706332410873529e+02 2.571133441160749822e+00
8.629334201530197106e+02 2.571067816160749864e+00
8.630962070649518409e+02 2.571002386473249857e+00
8.632589939768841987e+02 2.570937152098249801e+00
8.634217808888164427e+02 2.570872113035749695e+00
8.635845678007488004e+02 2.570807464598249492e+00
8.637473547126809308e+02 2.570743011473249684e+00
8.639101416246132885e+02 2.570678948973249778e+00
8.640729285365456462e+02 2.570614886473249872e+00
8.642357154484778903e+02 2.570551214598249867e+00
8.643985023604102480e+02 2.570487933348249765e+00
8.645612892723423784e+02 2.570424652098249663e+00
8.647240761842747361e+02 2.570361761473249462e+00
8.648868630962069801e+02 2.570299066160749657e+00
8.650496500081393378e+02 2.570236761473249754e+00
8.652124369200714682e+02 2.570174456785749850e+00
8.653752238320038259e+02 2.570112542723249849e+00
8.655380107439361836e+02 2.570051019285749749e+00
8.657007976558684277e+02 2.569989495848249650e+00
8.658635845678006717e+02 2.569928558348249847e+00
8.660263714797329158e+02 2.569867620848250045e+00
8.661891583916652735e+02 2.569807073973250144e+00
8.663519453035974038e+02 2.569746722410750195e+00
8.665147322155297616e+02 2.569686566160750196e+00
8.666775191274621193e+02 2.569626800535750100e+00
8.668403060393943633e+02 2.569567230223249954e+00
8.670030929513267210e+02 2.569508050535750154e+00
8.671658798632588514e+02 2.569448870848250355e+00
8.673286667751912091e+02 2.569390277098250408e+00
8.674914536871234532e+02 2.569331683348250461e+00
8.676542405990558109e+02 2.569273480223250417e+00
8.678170275109879412e+02 2.569215472410750323e+00
8.679798144229202990e+02 2.569157855223250131e+00
8.681426013348526567e+02 2.569100433348250334e+00
8.683053882467849007e+02 2.569043402098250439e+00
8.684681751587172585e+02 2.568986566160750495e+00
8.686309620706493888e+02 2.568929925535750503e+00
8.687937489825817465e+02 2.568873675535750412e+00
8.689565358945139906e+02 2.568817620848250272e+00
8.691193228064462346e+02 2.568761761473250083e+00
8.692821097183785923e+02 2.568706292723250240e+00
8.694448966303108364e+02 2.568651214598250299e+00
8.696076835422431941e+02 2.568596331785750309e+00
8.697704704541753244e+02 2.568541644285750269e+00
8.699332573661076822e+02 2.568487347410750132e+00
8.700960442780399262e+02 2.568433245848249946e+00
8.702588311899722839e+02 2.568379339598250155e+00
8.704216181019046417e+02 2.568325823973250266e+00
8.705844050138367720e+02 2.568272698973250279e+00
8.707471919257691297e+02 2.568219769285750242e+00
8.709099788377013738e+02 2.568167034910750157e+00
8.710727657496337315e+02 2.568114691160749974e+00
8.712355526615658619e+02 2.568062542723250186e+00
8.713983395734982196e+02 2.568010784910750299e+00
8.715611264854304636e+02 2.567959222410750364e+00
8.717239133973628213e+02 2.567908050535750331e+00
8.718867003092950654e+02 2.567857073973250248e+00
8.720494872212273094e+02 2.567806488035750068e+00
8.722122741331596671e+02 2.567756097410750282e+00
8.723750610450919112e+02 2.567706097410750399e+00
8.725378479570241552e+02 2.567656292723250466e+00
8.727006348689563993e+02 2.567606878660750436e+00
8.728634217808887570e+02 2.567557659910750356e+00
8.730262086928211147e+02 2.567508831785750179e+00
8.731889956047532451e+02 2.567460198973250396e+00
8.733517825166856028e+02 2.567411956785750515e+00
8.735145694286178468e+02 2.567363909910750586e+00
8.736773563405502045e+02 2.567316253660750558e+00
8.738401432524823349e+02 2.567268792723250481e+00
8.740029301644146926e+02 2.567221722410750306e+00
8.741657170763469367e+02 2.567174847410750527e+00
8.743285039882792944e+02 2.567128363035750649e+00
8.744912909002116521e+02 2.567082269285750673e+00
8.746540778121437825e+02 2.567036370848250648e+00
8.748168647240761402e+02 2.566990667723250574e+00
8.749796516360083842e+02 2.566945355223250402e+00
8.751424385479407420e+02 2.566900433348250576e+00
8.753052254598728723e+02 2.566855706785750701e+00
8.754680123718052300e+02 2.566811370848250728e+00
8.756307992837375878e+02 2.566767230223250706e+00
8.757935861956698318e+02 2.566723480223250586e+00
8.759563731076020758e+02 2.566680120848250368e+00
8.761191600195343199e+02 2.566636956785750545e+00
8.762819469314666776e+02 2.566593988035750673e+00
8.764447338433988079e+02 2.566551409910750703e+00
8.766075207553311657e+02 2.566509222410750635e+00
8.767703076672635234e+02 2.566467425535750468e+00
8.769330945791957674e+02 2.566425823973250253e+00
8.770958814911281252e+02 2.566384417723250433e+00
8.772586684030602555e+02 2.566343402098250515e+00
8.774214553149926132e+02 2.566302777098250498e+00
8.775842422269248573e+02 2.566262542723250384e+00
8.777470291388572150e+02 2.566222503660750220e+00
8.779098160507893454e+02 2.566182659910750008e+00
8.780726029627217031e+02 2.566143206785750142e+00
8.782353898746540608e+02 2.566104144285750177e+00
8.783981767865863048e+02 2.566065472410750115e+00
8.785609636985186626e+02 2.566026995848250003e+00
8.787237506104507929e+02 2.565988714598249842e+00
8.788865375223831506e+02 2.565951019285749979e+00
8.790493244343153947e+02 2.565913519285750066e+00
8.792121113462476387e+02 2.565876214598250105e+00
8.793748982581799964e+02 2.565839300535750045e+00
8.795376851701122405e+02 2.565802777098249887e+00
8.797004720820445982e+02 2.565766644285750075e+00
8.798632589939767286e+02 2.565730706785750215e+00
8.800260459059090863e+02 2.565694964598250305e+00
8.801888328178413303e+02 2.565659808348250248e+00
8.803516197297736881e+02 2.565624847410750142e+00
8.805144066417058184e+02 2.565590081785749987e+00
8.806771935536381761e+02 2.565555902098250129e+00
8.808399804655705339e+02 2.565521917723250223e+00
8.810027673775027779e+02 2.565488128660750267e+00
8.811655542894351356e+02 2.565454925535750164e+00
8.813283412013672660e+02 2.565421917723250012e+00
8.814911281132996237e+02 2.565389105223249810e+00
8.816539150252318677e+02 2.565356683348249955e+00
8.818167019371642255e+02 2.565324652098250002e+00
8.819794888490964695e+02 2.565293011473249951e+00
8.821422757610287135e+02 2.565261566160749851e+00
8.823050626729610713e+02 2.565230511473249653e+00
8.824678495848933153e+02 2.565199847410749801e+00
8.826306364968255593e+02 2.565169378660749899e+00
8.827934234087578034e+02 2.565139300535749900e+00
8.829562103206901611e+02 2.565109417723249852e+00
8.831189972326225188e+02 2.565080120848249656e+00
8.832817841445546492e+02 2.565051019285749856e+00
8.834445710564870069e+02 2.565022113035750007e+00
8.836073579684192509e+02 2.564993792723250010e+00
8.837701448803516087e+02 2.564965667723249965e+00
8.839329317922837390e+02 2.564937738035749870e+00
8.840957187042160967e+02 2.564910394285750073e+00
8.842585056161483408e+02 2.564883245848250226e+00
8.844212925280806985e+02 2.564856292723250331e+00
8.845840794400130562e+02 2.564829925535750288e+00
8.847468663519451866e+02 2.564803753660750196e+00
8.849096532638775443e+02 2.564777972410750007e+00
8.850724401758097883e+02 2.564752386473250212e+00
8.852352270877421461e+02 2.564727191160750319e+00
8.853980139996742764e+02 2.564702386473250328e+00
8.855608009116066341e+02 2.564677972410750240e+00
8.857235878235389919e+02 2.564653753660750102e+00
8.858863747354712359e+02 2.564629925535750310e+00
8.860491616474034799e+02 2.564606292723250469e+00
8.862119485593357240e+02 2.564583245848250481e+00
8.863747354712680817e+02 2.564560394285750444e+00
8.865375223832002121e+02 2.564537738035750358e+00
8.867003092951325698e+02 2.564515667723250569e+00
8.868630962070648138e+02 2.564493792723250731e+00
8.870258831189971716e+02 2.564472113035750844e+00
8.871886700309295293e+02 2.564451019285750810e+00
8.873514569428616596e+02 2.564430120848250727e+00
8.875142438547940174e+02 2.564409613035750546e+00
8.876770307667262614e+02 2.564389300535750760e+00
8.878398176786586191e+02 2.564369378660750876e+00
8.880026045905907495e+02 2.564349847410750893e+00
8.881653915025231072e+02 2.564330706785750813e+00
8.883281784144554649e+02 2.564311761473250684e+00
8.884909653263877090e+02 2.564293206785750900e+00
8.886537522383200667e+02 2.564275042723251019e+00
8.888165391502521970e+02 2.564257073973251089e+00
8.889793260621845548e+02 2.564239495848251060e+00
8.891421129741167988e+02 2.564222308348250934e+00
8.893048998860490428e+02 2.564205316160750758e+00
8.894676867979814006e+02 2.564188714598250929e+00
8.896304737099136446e+02 2.564172503660751001e+00
8.897932606218460023e+02 2.564156488035751025e+00
8.899560475337781327e+02 2.564140863035750950e+00
8.901188344457104904e+02 2.564125628660750777e+00
8.902816213576427344e+02 2.564110784910750951e+00
8.904444082695750922e+02 2.564096136473251075e+00
8.906071951815072225e+02 2.564081878660751102e+00
8.907699820934395802e+02 2.564067816160751079e+00
8.909327690053719380e+02 2.564054144285750958e+00
8.910955559173041820e+02 2.564040863035750739e+00
8.912583428292365397e+02 2.564027972410750866e+00
8.914211297411686701e+02 2.564015277098250944e+00
8.915839166531010278e+02 2.564002972410750925e+00
8.917467035650332718e+02 2.563990863035750856e+00
8.919094904769656296e+02 2.563979144285750689e+00
8.920722773888978736e+02 2.563967816160750868e+00
8.922350643008301176e+02 2.563956878660750949e+00
8.923978512127624754e+02 2.563946136473250981e+00
8.925606381246947194e+02 2.563935589598250964e+00
8.927234250366269634e+02 2.563925628660750800e+00
8.928862119485592075e+02 2.563915863035750586e+00
8.930489988604915652e+02 2.563906488035750719e+00
8.932117857724238092e+02 2.563897308348250803e+00
8.933745726843560533e+02 2.563888519285750789e+00
8.935373595962884110e+02 2.563880120848250677e+00
8.937001465082206551e+02 2.563871917723250515e+00
8.938629334201530128e+02 2.563864105223250700e+00
8.940257203320851431e+02 2.563856683348250787e+00
8.941885072440175009e+02 2.563849456785750824e+00
8.943512941559497449e+02 2.563842620848250764e+00
8.945140810678821026e+02 2.563835980223250655e+00
8.946768679798144603e+02 2.563829730223250447e+00
8.948396548917465907e+02 2.563823870848250586e+00
8.950024418036789484e+02 2.563818206785750675e+00
8.951652287156111925e+02 2.563812933348250667e+00
8.953280156275435502e+02 2.563808050535750560e+00
8.954908025394756805e+02 2.563803363035750404e+00
8.956535894514080383e+02 2.563799066160750595e+00
8.958163763633402823e+02 2.563794964598250736e+00
8.959791632752726400e+02 2.563791253660750780e+00
8.961419501872048841e+02 2.563787933348250725e+00
8.963047370991371281e+02 2.563784808348250621e+00
8.964675240110694858e+02 2.563782073973250419e+00
8.966303109230016162e+02 2.563779534910750613e+00
8.967930978349339739e+02 2.563777386473250708e+00
8.969558847468662179e+02 2.563775433348250754e+00
8.971186716587985757e+02 2.563774066160750653e+00
8.972814585707309334e+02 2.563772698973250552e+00
8.974442454826630637e+02 2.563771722410750353e+00
8.976070323945954215e+02 2.563771136473250500e+00
8.977698193065276655e+02 2.563770941160750549e+00
8.979326062184600232e+02 2.563770745848250598e+00
8.980953931303921536e+02 2.563771136473250500e+00
8.982581800423245113e+02 2.563771722410750353e+00
8.984209669542568690e+02 2.563772698973250552e+00
8.985837538661891131e+02 2.563773870848250702e+00
8.987465407781214708e+02 2.563775238035750803e+00
8.989093276900536011e+02 2.563776995848250806e+00
8.990721146019859589e+02 2.563779144285750711e+00
8.992349015139182029e+02 2.563781488035750566e+00
8.993976884258504469e+02 2.563784222410750768e+00
8.995604753377826910e+02 2.563787152098250921e+00
8.997232622497150487e+02 2.563790472410750976e+00
8.998860491616474064e+02 2.563794183348250932e+00
9.000488360735795368e+02 2.563797894285750889e+00
9.002116229855118945e+02 2.563802191160750699e+00
9.003744098974441386e+02 2.563806488035750508e+00
9.005371968093764963e+02 2.563811370848250615e+00
9.006999837213086266e+02 2.563816448973250672e+00
9.008627706332409844e+02 2.563821722410750681e+00
9.010255575451733421e+02 2.563827386473250591e+00
9.011883444571055861e+02 2.563833245848250453e+00
9.013511313690379438e+02 2.563839495848250660e+00
9.015139182809700742e+02 2.563845941160750819e+00
9.016767051929024319e+02 2.563852581785750928e+00
9.018394921048346760e+02 2.563859613035750940e+00
9.020022790167670337e+02 2.563867034910750853e+00
9.021650659286991640e+02 2.563874652098250717e+00
9.023278528406315218e+02 2.563882464598250532e+00
9.024906397525638795e+02 2.563890667723250694e+00
9.026534266644961235e+02 2.563899066160750806e+00
9.028162135764283676e+02 2.563907855223250820e+00
9.029790004883606116e+02 2.563916839598250785e+00
9.031417874002929693e+02 2.563926214598250652e+00
9.033045743122252134e+02 2.563935784910750471e+00
9.034673612241574574e+02 2.563945550535750684e+00
9.036301481360898151e+02 2.563955706785750799e+00
9.037929350480220592e+02 2.563966058348250865e+00
9.039557219599544169e+02 2.563976800535750833e+00
9.041185088718865472e+02 2.563987542723250801e+00
9.042812957838189050e+02 2.563998870848250622e+00
9.044440826957511490e+02 2.564010394285750838e+00
9.046068696076835067e+02 2.564022113035751005e+00
9.047696565196158645e+02 2.564034027098251123e+00
9.049324434315479948e+02 2.564046331785751143e+00
9.050952303434803525e+02 2.564058831785751114e+00
9.052580172554125966e+02 2.564071527098251035e+00
9.054208041673449543e+02 2.564084613035750859e+00
9.055835910792770846e+02 2.564097894285751078e+00
9.057463779912094424e+02 2.564111566160751199e+00
9.059091649031416864e+02 2.564125433348251271e+00
9.060719518150740441e+02 2.564139495848251293e+00
9.062347387270062882e+02 2.564153753660751267e+00
9.063975256389385322e+02 2.564168402098251143e+00
9.065603125508708899e+02 2.564183245848250969e+00
9.067230994628030203e+02 2.564198480223251142e+00
9.068858863747353780e+02 2.564213714598251315e+00
9.070486732866676221e+02 2.564229339598251389e+00
9.072114601985999798e+02 2.564245355223251366e+00
9.073742471105323375e+02 2.564261370848251342e+00
9.075370340224644679e+02 2.564277777098251221e+00
9.076998209343968256e+02 2.564294378660751050e+00
9.078626078463290696e+02 2.564311370848251226e+00
9.080253947582614273e+02 2.564328363035751401e+00
9.081881816701935577e+02 2.564345745848251479e+00
9.083509685821259154e+02 2.564363323973251507e+00
9.085137554940581595e+02 2.564381097410751487e+00
9.086765424059905172e+02 2.564399261473251368e+00
9.088393293179228749e+02 2.564417620848251200e+00
9.090021162298550053e+02 2.564436175535750984e+00
9.091649031417873630e+02 2.564454925535751162e+00
9.093276900537196070e+02 2.564474066160751242e+00
9.094904769656518511e+02 2.564493206785751322e+00
9.096532638775840951e+02 2.564512738035751305e+00
9.098160507895164528e+02 2.564532464598251238e+00
9.099788377014488105e+02 2.564552386473251122e+00
9.101416246133809409e+02 2.564572698973250908e+00
9.103044115253132986e+02 2.564593011473250694e+00
9.104671984372455427e+02 2.564613714598250827e+00
9.106299853491779004e+02 2.564634613035750910e+00
9.107927722611100307e+02 2.564655706785750944e+00
9.109555591730423885e+02 2.564676995848250929e+00
9.111183460849747462e+02 2.564698675535750816e+00
9.112811329969069902e+02 2.564720355223250703e+00
9.114439199088393480e+02 2.564742425535750492e+00
9.116067068207714783e+02 2.564764691160750676e+00
9.117694937327038360e+02 2.564787152098250811e+00
9.119322806446360801e+02 2.564809808348250897e+00
9.120950675565684378e+02 2.564832659910750934e+00
9.122578544685005681e+02 2.564855706785750922e+00
9.124206413804329259e+02 2.564879144285750812e+00
9.125834282923652836e+02 2.564902581785750701e+00
9.127462152042975276e+02 2.564926409910750493e+00
9.129090021162297717e+02 2.564950238035750285e+00
9.130717890281620157e+02 2.564974456785750423e+00
9.132345759400943734e+02 2.564998870848250512e+00
9.133973628520266175e+02 2.565023480223250552e+00
9.135601497639588615e+02 2.565048089598250591e+00
9.137229366758912192e+02 2.565073089598250533e+00
9.138857235878234633e+02 2.565098284910750426e+00
9.140485104997558210e+02 2.565123675535750269e+00
9.142112974116879514e+02 2.565149456785750459e+00
9.143740843236203091e+02 2.565175238035750649e+00
9.145368712355525531e+02 2.565201214598250790e+00
9.146996581474849108e+02 2.565227386473250881e+00
9.148624450594170412e+02 2.565253753660750924e+00
9.150252319713493989e+02 2.565280316160750917e+00
9.151880188832817566e+02 2.565307073973250862e+00
9.153508057952140007e+02 2.565334222410750709e+00
9.155135927071463584e+02 2.565361370848250555e+00
9.156763796190784888e+02 2.565388714598250353e+00
9.158391665310108465e+02 2.565416253660750545e+00
9.160019534429430905e+02 2.565443988035750689e+00
9.161647403548754482e+02 2.565471917723250783e+00
9.163275272668076923e+02 2.565500042723250829e+00
9.164903141787399363e+02 2.565528363035750825e+00
9.166531010906722940e+02 2.565556878660750773e+00
9.168158880026044244e+02 2.565585589598250671e+00
9.169786749145367821e+02 2.565614495848250520e+00
9.171414618264690262e+02 2.565643402098250370e+00
9.173042487384013839e+02 2.565672698973250565e+00
9.174670356503337416e+02 2.565702191160750711e+00
9.176298225622658720e+02 2.565731683348250858e+00
9.177926094741982297e+02 2.565761566160750906e+00
9.179553963861304737e+02 2.565791448973250954e+00
9.181181832980628315e+02 2.565821527098250954e+00
9.182809702099949618e+02 2.565851800535750904e+00
9.184437571219273195e+02 2.565882269285750805e+00
9.186065440338595636e+02 2.565912933348250657e+00
9.187693309457919213e+02 2.565943792723250461e+00
9.189321178577242790e+02 2.565974652098250264e+00
9.190949047696564094e+02 2.566005902098250413e+00
9.192576916815887671e+02 2.566037152098250562e+00
9.194204785935210111e+02 2.566068597410750662e+00
9.195832655054532552e+02 2.566100238035750714e+00
9.197460524173854992e+02 2.566132073973250716e+00
9.199088393293178569e+02 2.566164105223250669e+00
9.200716262412502147e+02 2.566196136473250622e+00
9.202344131531823450e+02 2.566228558348250477e+00
9.203972000651147027e+02 2.566260980223250332e+00
9.205599869770469468e+02 2.566293597410750138e+00
9.207227738889793045e+02 2.566326214598249944e+00
9.208855608009114349e+02 2.566359222410750096e+00
9.210483477128437926e+02 2.566392230223250248e+00
9.212111346247760366e+02 2.566425433348250351e+00
9.213739215367083943e+02 2.566458831785750405e+00
9.215367084486407521e+02 2.566492425535750410e+00
9.216994953605728824e+02 2.566526019285750415e+00
9.218622822725052401e+02 2.566560003660750322e+00
9.220250691844374842e+02 2.566593988035750229e+00
9.221878560963698419e+02 2.566627972410750136e+00
9.223506430083019723e+02 2.566662347410749945e+00
9.225134299202343300e+02 2.566696722410749754e+00
9.226762168321666877e+02 2.566731292723249958e+00
9.228390037440989317e+02 2.566766058348250112e+00
9.230017906560311758e+02 2.566800823973250267e+00
9.231645775679634198e+02 2.566835784910750373e+00
9.233273644798957775e+02 2.566870941160750430e+00
9.234901513918280216e+02 2.566906292723250438e+00
9.236529383037602656e+02 2.566941644285750446e+00
9.238157252156926234e+02 2.566977191160750404e+00
9.239785121276248674e+02 2.567012738035750363e+00
9.241412990395572251e+02 2.567048675535750224e+00
9.243040859514893555e+02 2.567084613035750085e+00
9.244668728634217132e+02 2.567120745848249896e+00
9.246296597753539572e+02 2.567156878660749708e+00
9.247924466872863150e+02 2.567193206785749915e+00
9.249552335992184453e+02 2.567229730223250073e+00
9.251180205111508030e+02 2.567266253660750230e+00
9.252808074230831608e+02 2.567302972410750339e+00
9.254435943350154048e+02 2.567339886473250399e+00
9.256063812469477625e+02 2.567376800535750458e+00
9.257691681588798929e+02 2.567413909910750469e+00
9.259319550708122506e+02 2.567451019285750480e+00
9.260947419827444946e+02 2.567488519285750392e+00
9.262575288946768524e+02 2.567525823973250354e+00
9.264203158066090964e+02 2.567563519285750218e+00
9.265831027185413404e+02 2.567601214598250081e+00
9.267458896304736982e+02 2.567638909910749945e+00
9.269086765424058285e+02 2.567676800535749759e+00
9.270714634543381862e+02 2.567714886473249969e+00
9.272342503662704303e+02 2.567753167723250129e+00
9.273970372782027880e+02 2.567791448973250290e+00
9.275598241901349184e+02 2.567829730223250451e+00
9.277226111020672761e+02 2.567868206785750562e+00
9.278853980139996338e+02 2.567906878660750625e+00
9.280481849259318778e+02 2.567945550535750687e+00
9.282109718378642356e+02 2.567984417723250701e+00
9.283737587497963659e+02 2.568023284910750714e+00
9.285365456617287236e+02 2.568062347410750679e+00
9.286993325736609677e+02 2.568101409910750643e+00
9.288621194855933254e+02 2.568140667723250559e+00
9.290249063975256831e+02 2.568180120848250425e+00
9.291876933094578135e+02 2.568219573973250291e+00
9.293504802213901712e+02 2.568259027098250158e+00
9.295132671333224152e+02 2.568298675535749975e+00
9.296760540452546593e+02 2.568338519285750188e+00
9.298388409571869033e+02 2.568378363035750400e+00
9.300016278691192610e+02 2.568418206785750613e+00
9.301644147810515051e+02 2.568458245848250776e+00
9.303272016929837491e+02 2.568498480223250890e+00
9.304899886049161069e+02 2.568538714598251005e+00
9.306527755168483509e+02 2.568578948973251119e+00
9.308155624287807086e+02 2.568619378660751185e+00
9.309783493407128390e+02 2.568659808348251250e+00
9.311411362526451967e+02 2.568700433348251266e+00
9.313039231645774407e+02 2.568741253660751234e+00
9.314667100765097985e+02 2.568781878660751250e+00
9.316294969884421562e+02 2.568822698973251217e+00
9.317922839003742865e+02 2.568863714598251136e+00
9.319550708123066443e+02 2.568904730223251054e+00
9.321178577242388883e+02 2.568945941160750923e+00
9.322806446361712460e+02 2.568987152098250792e+00
9.324434315481033764e+02 2.569028363035750662e+00
9.326062184600357341e+02 2.569069769285750482e+00
9.327690053719680918e+02 2.569111175535750302e+00
9.329317922839003359e+02 2.569152581785750122e+00
9.330945791958325799e+02 2.569194183348250338e+00
9.332573661077648239e+02 2.569235980223250504e+00
9.334201530196971817e+02 2.569277777098250670e+00
9.335829399316294257e+02 2.569319573973250836e+00
9.337457268435616697e+02 2.569361370848251003e+00
9.339085137554939138e+02 2.569403363035751120e+00
9.340713006674262715e+02 2.569445355223251237e+00
9.342340875793586292e+02 2.569487542723251305e+00
9.343968744912907596e+02 2.569529730223251374e+00
9.345596614032231173e+02 2.569571917723251442e+00
9.347224483151553613e+02 2.569614300535751461e+00
9.348852352270877191e+02 2.569656683348251480e+00
9.350480221390198494e+02 2.569699066160751499e+00
9.352108090509522071e+02 2.569741644285751470e+00
9.353735959628845649e+02 2.569784222410751440e+00
9.355363828748168089e+02 2.569826995848251361e+00
9.356991697867491666e+02 2.569869573973251331e+00
9.358619566986812970e+02 2.569912347410751252e+00
9.360247436106136547e+02 2.569955316160751124e+00
9.361875305225458987e+02 2.569998089598251045e+00
9.363503174344782565e+02 2.570041058348250917e+00
9.365131043464103868e+02 2.570084027098250790e+00
9.366758912583427445e+02 2.570127191160750613e+00
9.368386781702751023e+02 2.570170355223250436e+00
9.370014650822072326e+02 2.570213519285750259e+00
9.371642519941395904e+02 2.570256683348250082e+00
9.373270389060718344e+02 2.570300042723250300e+00
9.374898258180041921e+02 2.570343402098250518e+00
9.376526127299363225e+02 2.570386761473250736e+00
9.378153996418686802e+02 2.570430120848250954e+00
9.379781865538010379e+02 2.570473675535751124e+00
9.381409734657332820e+02 2.570517230223251293e+00
9.383037603776656397e+02 2.570560784910751462e+00
9.384665472895977700e+02 2.570604534910751582e+00
9.386293342015301278e+02 2.570648089598251751e+00
9.387921211134623718e+02 2.570691839598251871e+00
9.389549080253947295e+02 2.570735589598251991e+00
9.391176949373270872e+02 2.570779534910752062e+00
9.392804818492592176e+02 2.570823284910752182e+00
9.394432687611915753e+02 2.570867230223252253e+00
9.396060556731238194e+02 2.570911175535752324e+00
9.397688425850560634e+02 2.570955120848252395e+00
9.399316294969883074e+02 2.570999066160752466e+00
9.400944164089206652e+02 2.571043206785752488e+00
9.402572033208529092e+02 2.571087347410752511e+00
9.404199902327851532e+02 2.571131488035752533e+00
9.405827771447175110e+02 2.571175628660752555e+00
9.407455640566497550e+02 2.571219769285752577e+00
9.409083509685821127e+02 2.571263909910752599e+00
9.410711378805142431e+02 2.571308245848252572e+00
9.412339247924466008e+02 2.571352581785752545e+00
9.413967117043788448e+02 2.571396917723252518e+00
9.415594986163112026e+02 2.571441253660752491e+00
9.417222855282435603e+02 2.571485589598252464e+00
9.418850724401756906e+02 2.571529925535752437e+00
9.420478593521080484e+02 2.571574456785752361e+00
9.422106462640402924e+02 2.571618792723252334e+00
9.423734331759726501e+02 2.571663323973252258e+00
9.425362200879047805e+02 2.571707855223252182e+00
9.426990069998371382e+02 2.571752386473252106e+00
9.428617939117693822e+02 2.571796917723252029e+00
9.430245808237017400e+02 2.571841448973251953e+00
9.431873677356339840e+02 2.571885980223251877e+00
9.433501546475662280e+02 2.571930706785751752e+00
9.435129415594985858e+02 2.571975238035751676e+00
9.436757284714308298e+02 2.572019964598251551e+00
9.438385153833630739e+02 2.572064495848251475e+00
9.440013022952953179e+02 2.572109222410751350e+00
9.441640892072276756e+02 2.572153948973251225e+00
9.443268761191600333e+02 2.572198675535751100e+00
9.444896630310921637e+02 2.572243402098250975e+00
9.446524499430245214e+02 2.572288128660750850e+00
9.448152368549567655e+02 2.572332855223250725e+00
9.449780237668891232e+02 2.572377581785750600e+00
9.451408106788212535e+02 2.572422308348250475e+00
9.453035975907536113e+02 2.572467034910750350e+00
9.454663845026859690e+02 2.572511761473250225e+00
9.456291714146182130e+02 2.572556488035750100e+00
9.457919583265505707e+02 2.572601409910749926e+00
9.459547452384827011e+02 2.572646136473249801e+00
9.461175321504150588e+02 2.572690863035749675e+00
9.462803190623473029e+02 2.572735784910749501e+00
9.464431059742796606e+02 2.572780511473249376e+00
9.466058928862117909e+02 2.572825238035749251e+00
9.467686797981441487e+02 2.572869964598249126e+00
9.469314667100765064e+02 2.572914886473248952e+00
9.470942536220086367e+02 2.572959613035748827e+00
9.472570405339409945e+02 2.573004339598248702e+00
9.474198274458732385e+02 2.573049066160748577e+00
9.475826143578055962e+02 2.573093988035748403e+00
9.477454012697377266e+02 2.573138714598248278e+00
9.479081881816700843e+02 2.573183441160748153e+00
9.480709750936024420e+02 2.573228167723248028e+00
9.482337620055346861e+02 2.573272894285747903e+00
9.483965489174670438e+02 2.573317620848247778e+00
9.485593358293991741e+02 2.573362347410747653e+00
9.487221227413315319e+02 2.573407073973247527e+00
9.488849096532637759e+02 2.573451800535747402e+00
9.490476965651961336e+02 2.573496331785747326e+00
9.492104834771282640e+02 2.573541058348247201e+00
9.493732703890606217e+02 2.573585784910747076e+00
9.495360573009929794e+02 2.573630316160747000e+00
9.496988442129252235e+02 2.573675042723246875e+00
9.498616311248574675e+02 2.573719573973246799e+00
9.500244180367897116e+02 2.573764105223246723e+00
9.501872049487220693e+02 2.573808636473246647e+00
9.503499918606543133e+02 2.573853167723246571e+00
9.505127787725865574e+02 2.573897698973246495e+00
9.506755656845189151e+02 2.573942230223246419e+00
9.508383525964511591e+02 2.573986566160746392e+00
9.510011395083835168e+02 2.574031097410746316e+00
9.511639264203156472e+02 2.574075433348246289e+00
9.513267133322480049e+02 2.574119769285746262e+00
9.514895002441802490e+02 2.574164105223246235e+00
9.516522871561126067e+02 2.574208441160746208e+00
9.518150740680449644e+02 2.574252777098246181e+00
9.519778609799770948e+02 2.574297113035746154e+00
9.521406478919094525e+02 2.574341253660746176e+00
9.523034348038416965e+02 2.574385394285746198e+00
9.524662217157740542e+02 2.574429534910746220e+00
9.526290086277061846e+02 2.574473675535746242e+00
9.527917955396385423e+02 2.574517816160746264e+00
9.529545824515707864e+02 2.574561956785746286e+00
9.531173693635031441e+02 2.574605902098246357e+00
9.532801562754353881e+02 2.574649847410746428e+00
9.534429431873676322e+02 2.574693792723246499e+00
9.536057300992999899e+02 2.574737738035746570e+00
9.537685170112322339e+02 2.574781488035746690e+00
9.539313039231644780e+02 2.574825238035746811e+00
9.540940908350967220e+02 2.574868988035746931e+00
9.542568777470290797e+02 2.574912738035747051e+00
9.544196646589614375e+02 2.574956488035747171e+00
9.545824515708935678e+02 2.575000042723247340e+00
9.547452384828259255e+02 2.575043597410747509e+00
9.549080253947581696e+02 2.575087152098247678e+00
9.550708123066905273e+02 2.575130706785747847e+00
9.552335992186226576e+02 2.575174066160748065e+00
9.553963861305550154e+02 2.575217425535748283e+00
9.555591730424872594e+02 2.575260784910748502e+00
9.557219599544196171e+02 2.575303948973248325e+00
9.558847468663519749e+02 2.575347113035748148e+00
9.560475337782841052e+02 2.575390277098247971e+00
9.562103206902164629e+02 2.575433441160747794e+00
9.563731076021487070e+02 2.575476409910747666e+00
9.565358945140810647e+02 2.575519378660747538e+00
9.566986814260131951e+02 2.575562347410747410e+00
9.568614683379455528e+02 2.575605120848247331e+00
9.570242552498779105e+02 2.575647894285747252e+00
9.571870421618100409e+02 2.575690667723247174e+00
9.573498290737423986e+02 2.575733245848247144e+00
9.575126159856746426e+02 2.575776019285747065e+00
9.576754028976070003e+02 2.575818402098247084e+00
9.578381898095391307e+02 2.575860980223247054e+00
9.580009767214714884e+02 2.575903363035747073e+00
9.581637636334037325e+02 2.575945550535747142e+00
9.583265505453360902e+02 2.575987933348247161e+00
9.584893374572684479e+02 2.576030120848247229e+00
9.586521243692005783e+02 2.576072113035747346e+00
9.588149112811329360e+02 2.576114105223247464e+00
9.589776981930651800e+02 2.576156097410747581e+00
9.591404851049975377e+02 2.576197894285747747e+00
9.593032720169296681e+02 2.576239691160747913e+00
9.594660589288620258e+02 2.576281488035748080e+00
9.596288458407943835e+02 2.576323089598248295e+00
9.597916327527266276e+02 2.576364691160748510e+00
9.599544196646588716e+02 2.576406097410748330e+00
9.601172065765911157e+02 2.576447503660748151e+00
9.602799934885234734e+02 2.576488909910747971e+00
9.604427804004557174e+02 2.576530120848247840e+00
9.606055673123879615e+02 2.576571136473247758e+00
9.607683542243203192e+02 2.576612152098247677e+00
9.609311411362525632e+02 2.576653167723247595e+00
9.610939280481849210e+02 2.576693988035747562e+00
9.612567149601170513e+02 2.576734808348247530e+00
9.614195018720494090e+02 2.576775433348247546e+00
9.615822887839816531e+02 2.576816058348247562e+00
9.617450756959140108e+02 2.576856683348247579e+00
9.619078626078461411e+02 2.576897113035747644e+00
9.620706495197784989e+02 2.576937347410747758e+00
9.622334364317108566e+02 2.576977581785747873e+00
9.623962233436431006e+02 2.577017620848248036e+00
9.625590102555754584e+02 2.577057659910748200e+00
9.627217971675075887e+02 2.577097503660748412e+00
9.628845840794399464e+02 2.577137347410748625e+00
9.630473709913721905e+02 2.577176995848248442e+00
9.632101579033045482e+02 2.577216644285748259e+00
9.633729448152367922e+02 2.577256097410748126e+00
9.635357317271690363e+02 2.577295550535747992e+00
9.636985186391013940e+02 2.577334808348247908e+00
9.638613055510336380e+02 2.577373870848247872e+00
9.640240924629658821e+02 2.577412933348247837e+00
9.641868793748981261e+02 2.577451995848247801e+00
9.643496662868304838e+02 2.577490863035747815e+00
9.645124531987626142e+02 2.577529534910747877e+00
9.646752401106949719e+02 2.577568206785747940e+00
9.648380270226273296e+02 2.577606683348248051e+00
9.650008139345595737e+02 2.577644964598248212e+00
9.651636008464919314e+02 2.577683245848248372e+00
9.653263877584240618e+02 2.577721331785748582e+00
9.654891746703564195e+02 2.577759417723248792e+00
9.656519615822886635e+02 2.577797308348248606e+00
9.658147484942210212e+02 2.577835003660748470e+00
9.659775354061533790e+02 2.577872698973248333e+00
9.661403223180855093e+02 2.577910198973248246e+00
9.663031092300178670e+02 2.577947503660748207e+00
9.664658961419501111e+02 2.577984808348248169e+00
9.666286830538824688e+02 2.578021917723248180e+00
9.667914699658145992e+02 2.578058831785748239e+00
9.669542568777469569e+02 2.578095745848248299e+00
9.671170437896793146e+02 2.578132464598248408e+00
9.672798307016114450e+02 2.578168988035748566e+00
9.674426176135438027e+02 2.578205511473248723e+00
9.676054045254760467e+02 2.578241839598248930e+00
9.677681914374084045e+02 2.578277972410748742e+00
9.679309783493405348e+02 2.578314105223248554e+00
9.680937652612728925e+02 2.578350042723248414e+00
9.682565521732051366e+02 2.578385784910748324e+00
9.684193390851374943e+02 2.578421331785748283e+00
9.685821259970698520e+02 2.578456878660748242e+00
9.687449129090019824e+02 2.578492230223248249e+00
9.689076998209343401e+02 2.578527386473248306e+00
9.690704867328665841e+02 2.578562347410748412e+00
9.692332736447989419e+02 2.578597308348248518e+00
9.693960605567310722e+02 2.578631878660748722e+00
9.695588474686634299e+02 2.578666448973248926e+00
9.697216343805957877e+02 2.578701019285749130e+00
9.698844212925280317e+02 2.578735198973248988e+00
9.700472082044602757e+02 2.578769378660748846e+00
9.702099951163925198e+02 2.578803363035748752e+00
9.703727820283248775e+02 2.578837152098248708e+00
9.705355689402571215e+02 2.578870745848248713e+00
9.706983558521893656e+02 2.578904144285748767e+00
9.708611427641216096e+02 2.578937542723248821e+00
9.710239296760539673e+02 2.578970550535748973e+00
9.711867165879863251e+02 2.579003558348249125e+00
9.713495034999184554e+02 2.579036370848249327e+00
9.715122904118508131e+02 2.579068988035749133e+00
9.716750773237830572e+02 2.579101605223248939e+00
9.718378642357154149e+02 2.579133831785748843e+00
9.720006511476475453e+02 2.579166058348248747e+00
9.721634380595799030e+02 2.579197894285748749e+00
9.723262249715122607e+02 2.579229730223248751e+00
9.724890118834445047e+02 2.579261370848248802e+00
9.726517987953768625e+02 2.579292816160748902e+00
9.728145857073089928e+02 2.579324066160749052e+00
9.729773726192413505e+02 2.579355120848249250e+00
9.731401595311735946e+02 2.579385980223249053e+00
9.733029464431059523e+02 2.579416644285748905e+00
9.734657333550381964e+02 2.579447113035748806e+00
9.736285202669704404e+02 2.579477581785748708e+00
9.737913071789027981e+02 2.579507659910748707e+00
9.739540940908350422e+02 2.579537738035748706e+00
9.741168810027672862e+02 2.579567425535748804e+00
9.742796679146995302e+02 2.579597113035748901e+00
9.744424548266318880e+02 2.579626409910749096e+00
9.746052417385640183e+02 2.579655706785749292e+00
9.747680286504963760e+02 2.579684613035749141e+00
9.749308155624287338e+02 2.579713519285748990e+00
9.750936024743609778e+02 2.579742034910748938e+00
9.752563893862933355e+02 2.579770550535748885e+00
9.754191762982254659e+02 2.579798675535748931e+00
9.755819632101578236e+02 2.579826605223249025e+00
9.757447501220900676e+02 2.579854534910749120e+00
9.759075370340224254e+02 2.579882073973249312e+00
9.760703239459547831e+02 2.579909417723249110e+00
9.762331108578869134e+02 2.579936761473248907e+00
9.763958977698192712e+02 2.579963714598248803e+00
9.765586846817515152e+02 2.579990472410748747e+00
9.767214715936838729e+02 2.580017034910748741e+00
9.768842585056160033e+02 2.580043402098248784e+00
9.770470454175483610e+02 2.580069378660748924e+00
9.772098323294806050e+02 2.580095355223249065e+00
9.773726192414128491e+02 2.580121136473249255e+00
9.775354061533452068e+02 2.580146527098249098e+00
9.776981930652774508e+02 2.580171917723248942e+00
9.778609799772098086e+02 2.580196917723248884e+00
9.780237668891419389e+02 2.580221722410748875e+00
9.781865538010742966e+02 2.580246331785748914e+00
9.783493407130065407e+02 2.580270745848249003e+00
9.785121276249388984e+02 2.580294769285749190e+00
9.786749145368712561e+02 2.580318792723249377e+00
9.788377014488033865e+02 2.580342425535749218e+00
9.790004883607357442e+02 2.580365863035749108e+00
9.791632752726679882e+02 2.580389105223249047e+00
9.793260621846003460e+02 2.580412152098249035e+00
9.794888490965324763e+02 2.580435003660749071e+00
9.796516360084648340e+02 2.580457464598249206e+00
9.798144229203971918e+02 2.580479730223249391e+00
9.799772098323294358e+02 2.580501800535749179e+00
9.801399967442616799e+02 2.580523675535749017e+00
9.803027836561939239e+02 2.580545159910748954e+00
9.804655705681262816e+02 2.580566448973248939e+00
9.806283574800585257e+02 2.580587542723248973e+00
9.807911443919907697e+02 2.580608441160749056e+00
9.809539313039230137e+02 2.580628948973249237e+00
9.811167182158553715e+02 2.580649456785749418e+00
9.812795051277877292e+02 2.580669573973249253e+00
9.814422920397198595e+02 2.580689300535749187e+00
9.816050789516522173e+02 2.580708831785749169e+00
9.817678658635844613e+02 2.580728363035749151e+00
9.819306527755168190e+02 2.580747308348249280e+00
9.820934396874489494e+02 2.580766253660749410e+00
9.822562265993813071e+02 2.580784808348249193e+00
9.824190135113136648e+02 2.580803167723249025e+00
9.825818004232459089e+02 2.580821136473248956e+00
9.827445873351782666e+02 2.580838909910748935e+00
9.829073742471103969e+02 2.580856488035748963e+00
9.830701611590427547e+02 2.580873675535749090e+00
9.832329480709749987e+02 2.580890863035749216e+00
9.833957349829073564e+02 2.580907464598249046e+00
9.835585218948394868e+02 2.580924066160748875e+00
9.837213088067718445e+02 2.580940277098248803e+00
9.838840957187042022e+02 2.580956097410748828e+00
9.840468826306364463e+02 2.580971917723248854e+00
9.842096695425686903e+02 2.580987152098249027e+00
9.843724564545009343e+02 2.581002386473249199e+00
9.845352433664332921e+02 2.581017230223249026e+00
9.846980302783654224e+02 2.581031683348248951e+00
9.848608171902977801e+02 2.581046136473248875e+00
9.850236041022301379e+02 2.581060003660748947e+00
9.851863910141623819e+02 2.581073870848249019e+00
9.853491779260947396e+02 2.581087347410749189e+00
9.855119648380268700e+02 2.581100433348249013e+00
9.856747517499592277e+02 2.581113323973248885e+00
9.858375386618914717e+02 2.581126019285748807e+00
9.860003255738238295e+02 2.581138323973248827e+00
9.861631124857559598e+02 2.581150238035748945e+00
9.863258993976883175e+02 2.581162152098249063e+00
9.864886863096206753e+02 2.581173480223248884e+00
9.866514732215529193e+02 2.581184613035748754e+00
9.868142601334852770e+02 2.581195550535748673e+00
9.869770470454174074e+02 2.581206097410748690e+00
9.871398339573497651e+02 2.581216448973248756e+00
9.873026208692820092e+02 2.581226409910748920e+00
9.874654077812142532e+02 2.581236175535749133e+00
9.876281946931466109e+02 2.581245550535749000e+00
9.877909816050788550e+02 2.581254730223248917e+00
9.879537685170112127e+02 2.581263519285748931e+00
9.881165554289433430e+02 2.581272113035748994e+00
9.882793423408757008e+02 2.581280316160749155e+00
9.884421292528079448e+02 2.581288128660748971e+00
9.886049161647403025e+02 2.581295745848248835e+00
9.887677030766726602e+02 2.581302972410748797e+00
9.889304899886047906e+02 2.581310003660748809e+00
9.890932769005371483e+02 2.581316839598248869e+00
9.892560638124693924e+02 2.581323089598249076e+00
9.894188507244017501e+02 2.581329144285748889e+00
9.895816376363338804e+02 2.581335003660748750e+00
9.897444245482662382e+02 2.581340472410748710e+00
9.899072114601984822e+02 2.581345550535748767e+00
9.900699983721308399e+02 2.581350433348248874e+00
9.902327852840630840e+02 2.581354925535749079e+00
9.903955721959953280e+02 2.581359222410748888e+00
9.905583591079276857e+02 2.581363128660748796e+00
9.907211460198599298e+02 2.581366644285748801e+00
9.908839329317921738e+02 2.581369964598248856e+00
9.910467198437244178e+02 2.581372894285749009e+00
9.912095067556567756e+02 2.581375628660749211e+00
9.913722936675891333e+02 2.581377972410749067e+00
9.915350805795212636e+02 2.581379925535749020e+00
9.916978674914536214e+02 2.581381488035749072e+00
9.918606544033858654e+02 2.581382855223249173e+00
9.920234413153182231e+02 2.581384027098249323e+00
9.921862282272503535e+02 2.581384613035749176e+00
9.923490151391827112e+02 2.581385003660749078e+00
9.925118020511149552e+02 2.581385198973249029e+00
9.926745889630473130e+02 2.581384808348249127e+00
9.928373758749796707e+02 2.581384222410749274e+00
9.930001627869118010e+02 2.581383441160749470e+00
9.931629496988441588e+02 2.581382269285749320e+00
9.933257366107764028e+02 2.581380706785749268e+00
9.934885235227087605e+02 2.581378753660749314e+00
9.936513104346408909e+02 2.581376605223249410e+00
9.938140973465732486e+02 2.581374066160749603e+00
9.939768842585056063e+02 2.581371136473249450e+00
9.941396711704378504e+02 2.581368011473249346e+00
9.943024580823700944e+02 2.581364300535749390e+00
9.944652449943023385e+02 2.581360589598249433e+00
9.946280319062346962e+02 2.581356292723249624e+00
9.947908188181668265e+02 2.581351800535749419e+00
9.949536057300991843e+02 2.581346917723249312e+00
9.951163926420315420e+02 2.581341839598249255e+00
9.952791795539637860e+02 2.581336175535749344e+00
9.954419664658961437e+02 2.581330511473249434e+00
9.956047533778282741e+02 2.581324261473249226e+00
9.957675402897606318e+02 2.581317620848249117e+00
9.959303272016928759e+02 2.581310784910749057e+00
9.960931141136252336e+02 2.581303753660749045e+00
9.962559010255573639e+02 2.581296136473249181e+00
9.964186879374897217e+02 2.581288323973249366e+00
9.965814748494220794e+02 2.581280120848249204e+00
9.967442617613543234e+02 2.581271527098249141e+00
9.969070486732866812e+02 2.581262738035749127e+00
9.970698355852188115e+02 2.581253558348249211e+00
9.972326224971511692e+02 2.581243988035749393e+00
9.973954094090834133e+02 2.581234027098249229e+00
9.975581963210156573e+02 2.581223870848249113e+00
9.977209832329480150e+02 2.581213323973249096e+00
9.978837701448802591e+02 2.581202386473249177e+00
9.980465570568126168e+02 2.581191253660749307e+00
9.982093439687447471e+02 2.581179534910749140e+00
9.983721308806771049e+02 2.581167620848249022e+00
9.985349177926093489e+02 2.581155511473248954e+00
9.986977047045417066e+02 2.581142816160749032e+00
9.988604916164738370e+02 2.581129925535749159e+00
9.990232785284061947e+02 2.581116644285748940e+00
9.991860654403385524e+02 2.581103167723248770e+00
9.993488523522707965e+02 2.581089105223248747e+00
9.995116392642031542e+02 2.581074847410748774e+00
9.996744261761352845e+02 2.581060198973248898e+00
9.998372130880676423e+02 2.581045355223249071e+00
1.000000000000000000e+03 2.581030120848248899e+00
