2.300000000000000000e+02 2.641751128281807581e+00
2.310000000000000000e+02 2.641145228976675696e+00
2.315000000000000000e+02 2.640615067084684853e+00
2.320000000000000000e+02 2.639971299072982447e+00
2.325000000000000000e+02 2.639226547843757764e+00
2.330000000000000000e+02 2.638418682103581769e+00
2.335000000000000000e+02 2.637547701852454463e+00
2.340000000000000000e+02 2.636613607090376288e+00
2.345000000000000000e+02 2.635654266523917322e+00
2.350000000000000000e+02 2.634644434348697217e+00
2.355000000000000000e+02 2.633609356369096766e+00
2.360000000000000000e+02 2.632549032585115967e+00
2.365000000000000000e+02 2.631463462996754821e+00
2.370000000000000000e+02 2.630352647604012883e+00
2.375000000000000000e+02 2.629241832211270946e+00
2.380000000000000000e+02 2.628105771014148662e+00
2.385000000000000000e+02 2.626957086914835759e+00
2.390000000000000000e+02 2.625795779913333128e+00
2.395000000000000000e+02 2.624634472911830052e+00
2.400000000000000000e+02 2.623473165910326976e+00
2.405000000000000000e+02 2.622299236006634171e+00
2.410000000000000000e+02 2.621112683200750748e+00
2.415000000000000000e+02 2.619938753297057499e+00
2.420000000000000000e+02 2.618752200491174076e+00
2.425000000000000000e+02 2.617578270587480826e+00
2.430000000000000000e+02 2.616391717781597404e+00
2.435000000000000000e+02 2.615205164975713981e+00
2.440000000000000000e+02 2.614031235072021175e+00
2.445000000000000000e+02 2.612844682266137752e+00
2.450000000000000000e+02 2.611670752362444503e+00
2.455000000000000000e+02 2.610496822458751254e+00
2.460000000000000000e+02 2.609335515457248622e+00
2.465000000000000000e+02 2.608161585553555373e+00
2.470000000000000000e+02 2.607000278552052297e+00
2.475000000000000000e+02 2.605851594452739839e+00
2.480000000000000000e+02 2.604702910353426937e+00
2.485000000000000000e+02 2.603554226254114479e+00
2.490000000000000000e+02 2.602405542154802021e+00
2.500000000000000000e+02 2.600146042662747181e+00
2.505000000000000000e+02 2.599022604367815070e+00
2.510000000000000000e+02 2.597911788975073133e+00
2.515000000000000000e+02 2.596800973582331196e+00
2.520000000000000000e+02 2.595690158189589258e+00
2.525000000000000000e+02 2.594591965699037939e+00
2.530000000000000000e+02 2.593506396110676349e+00
2.535000000000000000e+02 2.592420826522315203e+00
2.540000000000000000e+02 2.591347879836143786e+00
2.545000000000000000e+02 2.590287556052162987e+00
2.550000000000000000e+02 2.589227232268182188e+00
2.555000000000000000e+02 2.588166908484200945e+00
2.560000000000000000e+02 2.587119207602410320e+00
2.565000000000000000e+02 2.586084129622809868e+00
2.570000000000000000e+02 2.585061674545400034e+00
2.575000000000000000e+02 2.584039219467989756e+00
2.580000000000000000e+02 2.583016764390579478e+00
2.590000000000000000e+02 2.581009722942329887e+00
2.595000000000000000e+02 2.580025136571490574e+00
2.600000000000000000e+02 2.579040550200651261e+00
2.605000000000000000e+02 2.578068586732002121e+00
2.610000000000000000e+02 2.577096623263352981e+00
2.615000000000000000e+02 2.576137282696894015e+00
2.620000000000000000e+02 2.575190565032625223e+00
2.625000000000000000e+02 2.574243847368356874e+00
2.630000000000000000e+02 2.573309752606278256e+00
2.635000000000000000e+02 2.572388280746390254e+00
2.640000000000000000e+02 2.571466808886501809e+00
2.645000000000000000e+02 2.570557959928803982e+00
2.655000000000000000e+02 2.568765507817788674e+00
2.665000000000000000e+02 2.566998301511153713e+00
2.670000000000000000e+02 2.566127321260026850e+00
2.675000000000000000e+02 2.565268963911089717e+00
2.680000000000000000e+02 2.564410606562153028e+00
2.685000000000000000e+02 2.563564872115406068e+00
2.690000000000000000e+02 2.562731760570849726e+00
2.695000000000000000e+02 2.561898649026293384e+00
2.700000000000000000e+02 2.561078160383927216e+00
2.705000000000000000e+02 2.560270294643751221e+00
2.710000000000000000e+02 2.559462428903575226e+00
2.715000000000000000e+02 2.558667186065589405e+00
2.720000000000000000e+02 2.557871943227604028e+00
2.725000000000000000e+02 2.557089323291808380e+00
2.730000000000000000e+02 2.556319326258203350e+00
2.735000000000000000e+02 2.555549329224598321e+00
2.740000000000000000e+02 2.554791955093183020e+00
2.745000000000000000e+02 2.554047203863958782e+00
2.750000000000000000e+02 2.553302452634734099e+00
2.755000000000000000e+02 2.552570324307699590e+00
2.760000000000000000e+02 2.551838195980665080e+00
2.765000000000000000e+02 2.551118690555820745e+00
2.770000000000000000e+02 2.550411808033167027e+00
2.775000000000000000e+02 2.549704925510512865e+00
2.780000000000000000e+02 2.549010665890049321e+00
2.790000000000000000e+02 2.547647392453502579e+00
2.795000000000000000e+02 2.546965755735228765e+00
2.800000000000000000e+02 2.546309364821336185e+00
2.805000000000000000e+02 2.545640351005252988e+00
2.810000000000000000e+02 2.544996582993550138e+00
2.815000000000000000e+02 2.544352814981847288e+00
2.825000000000000000e+02 2.543090524762822380e+00
2.835000000000000000e+02 2.541853480348178262e+00
2.840000000000000000e+02 2.541247581043046377e+00
2.845000000000000000e+02 2.540641681737914492e+00
2.850000000000000000e+02 2.540048405334972781e+00
2.855000000000000000e+02 2.539467751834221243e+00
2.860000000000000000e+02 2.538887098333469705e+00
2.865000000000000000e+02 2.538319067734908341e+00
2.870000000000000000e+02 2.537763660038537594e+00
2.875000000000000000e+02 2.537195629439976230e+00
2.880000000000000000e+02 2.536652844645795657e+00
2.885000000000000000e+02 2.536110059851615084e+00
2.890000000000000000e+02 2.535579897959624684e+00
2.895000000000000000e+02 2.535049736067634285e+00
2.900000000000000000e+02 2.534519574175643442e+00
2.905000000000000000e+02 2.534014658088033833e+00
2.910000000000000000e+02 2.533497119098233608e+00
2.915000000000000000e+02 2.533004825912813729e+00
2.920000000000000000e+02 2.532499909825203677e+00
2.925000000000000000e+02 2.532020239541974416e+00
2.930000000000000000e+02 2.531540569258744711e+00
2.935000000000000000e+02 2.531060898975515450e+00
2.940000000000000000e+02 2.530593851594476362e+00
2.955000000000000000e+02 2.529230578157929177e+00
2.960000000000000000e+02 2.528788776581270881e+00
2.965000000000000000e+02 2.528359597906802314e+00
2.970000000000000000e+02 2.527930419232333747e+00
2.975000000000000000e+02 2.527501240557865181e+00
2.980000000000000000e+02 2.527084684785587232e+00
2.985000000000000000e+02 2.526680751915499012e+00
2.990000000000000000e+02 2.526276819045411237e+00
2.995000000000000000e+02 2.525872886175323018e+00
3.000000000000000000e+02 2.525481576207425416e+00
3.005000000000000000e+02 2.525102889141717988e+00
3.010000000000000000e+02 2.524724202076010560e+00
3.015000000000000000e+02 2.524345515010303131e+00
3.020000000000000000e+02 2.523979450846785877e+00
3.025000000000000000e+02 2.523626009585458796e+00
3.030000000000000000e+02 2.523272568324131715e+00
3.035000000000000000e+02 2.522919127062805078e+00
3.040000000000000000e+02 2.522578308703668171e+00
3.045000000000000000e+02 2.522237490344531707e+00
3.050000000000000000e+02 2.521909294887584974e+00
3.055000000000000000e+02 2.521581099430638684e+00
3.060000000000000000e+02 2.521265526875882124e+00
3.065000000000000000e+02 2.520949954321126008e+00
3.070000000000000000e+02 2.520647004668560065e+00
3.075000000000000000e+02 2.520344055015994122e+00
3.080000000000000000e+02 2.520053728265618354e+00
3.085000000000000000e+02 2.519763401515242585e+00
3.090000000000000000e+02 2.519473074764866816e+00
3.095000000000000000e+02 2.519195370916681664e+00
3.100000000000000000e+02 2.518917667068496069e+00
3.105000000000000000e+02 2.518652586122500647e+00
3.110000000000000000e+02 2.518387505176505670e+00
3.115000000000000000e+02 2.518135047132700421e+00
3.120000000000000000e+02 2.517882589088895617e+00
3.125000000000000000e+02 2.517642753947280987e+00
3.130000000000000000e+02 2.517390295903475739e+00
3.135000000000000000e+02 2.517163083664051282e+00
3.140000000000000000e+02 2.516935871424626825e+00
3.145000000000000000e+02 2.516708659185202368e+00
3.150000000000000000e+02 2.516481446945777911e+00
3.155000000000000000e+02 2.516266857608543628e+00
3.160000000000000000e+02 2.516064891173499962e+00
3.165000000000000000e+02 2.515862924738455852e+00
3.170000000000000000e+02 2.515660958303411743e+00
3.175000000000000000e+02 2.515471614770558251e+00
3.180000000000000000e+02 2.515282271237704315e+00
3.185000000000000000e+02 2.515092927704850823e+00
3.190000000000000000e+02 2.514916207074187060e+00
3.195000000000000000e+02 2.514739486443523742e+00
3.200000000000000000e+02 2.514575388715050597e+00
3.205000000000000000e+02 2.514411290986577008e+00
3.215000000000000000e+02 2.514095718431820892e+00
3.220000000000000000e+02 2.513956866507728094e+00
3.225000000000000000e+02 2.513805391681445123e+00
3.230000000000000000e+02 2.513666539757352769e+00
3.235000000000000000e+02 2.513527687833259971e+00
3.240000000000000000e+02 2.513401458811357347e+00
3.245000000000000000e+02 2.513275229789454723e+00
3.250000000000000000e+02 2.513161623669742717e+00
3.255000000000000000e+02 2.513048017550030266e+00
3.260000000000000000e+02 2.512934411430318260e+00
3.265000000000000000e+02 2.512820805310605810e+00
3.270000000000000000e+02 2.512719822093083977e+00
3.275000000000000000e+02 2.512631461777752317e+00
3.280000000000000000e+02 2.512530478560230041e+00
3.285000000000000000e+02 2.512442118244898381e+00
3.295000000000000000e+02 2.512278020516425237e+00
3.300000000000000000e+02 2.512202283103283751e+00
3.305000000000000000e+02 2.512139168592332439e+00
3.310000000000000000e+02 2.512063431179190953e+00
3.315000000000000000e+02 2.512000316668239641e+00
3.320000000000000000e+02 2.511949825059478503e+00
3.325000000000000000e+02 2.511899333450717808e+00
3.330000000000000000e+02 2.511848841841956670e+00
3.335000000000000000e+02 2.511798350233195531e+00
3.340000000000000000e+02 2.511760481526625011e+00
3.345000000000000000e+02 2.511722612820054046e+00
3.350000000000000000e+02 2.511684744113483525e+00
3.355000000000000000e+02 2.511659498309103178e+00
3.360000000000000000e+02 2.511634252504722387e+00
3.365000000000000000e+02 2.511621629602532213e+00
3.370000000000000000e+02 2.511596383798151866e+00
3.375000000000000000e+02 2.511583760895961692e+00
3.380000000000000000e+02 2.511583760895961692e+00
3.385000000000000000e+02 2.511571137993771075e+00
3.390000000000000000e+02 2.511571137993771075e+00
3.395000000000000000e+02 2.511583760895961692e+00
3.400000000000000000e+02 2.511583760895961692e+00
3.405000000000000000e+02 2.511596383798151866e+00
3.410000000000000000e+02 2.511609006700342039e+00
3.415000000000000000e+02 2.511634252504722387e+00
3.420000000000000000e+02 2.511659498309103178e+00
3.425000000000000000e+02 2.511684744113483525e+00
3.430000000000000000e+02 2.511709989917863872e+00
3.435000000000000000e+02 2.511747858624434837e+00
3.440000000000000000e+02 2.511785727331005358e+00
3.445000000000000000e+02 2.511823596037576323e+00
3.450000000000000000e+02 2.511861464744146843e+00
3.455000000000000000e+02 2.511911956352907982e+00
3.460000000000000000e+02 2.511962447961669120e+00
3.465000000000000000e+02 2.512025562472619988e+00
3.470000000000000000e+02 2.512076054081381127e+00
3.475000000000000000e+02 2.512139168592332439e+00
3.480000000000000000e+02 2.512214906005473924e+00
3.485000000000000000e+02 2.512278020516425237e+00
3.490000000000000000e+02 2.512353757929566722e+00
3.495000000000000000e+02 2.512429495342708208e+00
3.500000000000000000e+02 2.512505232755849693e+00
3.505000000000000000e+02 2.512593593071181353e+00
3.510000000000000000e+02 2.512681953386513012e+00
3.515000000000000000e+02 2.512770313701844671e+00
3.520000000000000000e+02 2.512858674017176774e+00
3.525000000000000000e+02 2.512959657234698607e+00
3.530000000000000000e+02 2.513060640452220440e+00
3.535000000000000000e+02 2.513161623669742717e+00
3.540000000000000000e+02 2.513262606887264550e+00
3.545000000000000000e+02 2.513376213006977000e+00
3.550000000000000000e+02 2.513489819126689007e+00
3.555000000000000000e+02 2.513603425246401457e+00
3.560000000000000000e+02 2.513717031366113464e+00
3.565000000000000000e+02 2.513843260388016088e+00
3.570000000000000000e+02 2.513969489409918712e+00
3.575000000000000000e+02 2.514095718431820892e+00
3.580000000000000000e+02 2.514221947453723516e+00
3.585000000000000000e+02 2.514360799377816313e+00
3.590000000000000000e+02 2.514499651301909111e+00
3.595000000000000000e+02 2.514638503226001909e+00
3.600000000000000000e+02 2.514777355150094262e+00
3.605000000000000000e+02 2.514916207074187060e+00
3.610000000000000000e+02 2.515067681900470031e+00
3.615000000000000000e+02 2.515219156726753003e+00
3.620000000000000000e+02 2.515370631553035974e+00
3.625000000000000000e+02 2.515534729281509563e+00
3.630000000000000000e+02 2.515686204107792534e+00
3.635000000000000000e+02 2.515850301836265679e+00
3.640000000000000000e+02 2.516014399564738824e+00
3.645000000000000000e+02 2.516178497293211969e+00
3.650000000000000000e+02 2.516355217923875731e+00
3.655000000000000000e+02 2.516531938554539050e+00
3.665000000000000000e+02 2.516885379815866131e+00
3.670000000000000000e+02 2.517062100446529449e+00
3.675000000000000000e+02 2.517238821077192767e+00
3.680000000000000000e+02 2.517428164610046704e+00
3.685000000000000000e+02 2.517617508142900640e+00
3.690000000000000000e+02 2.517806851675754132e+00
3.695000000000000000e+02 2.518008818110798241e+00
3.700000000000000000e+02 2.518198161643651733e+00
3.705000000000000000e+02 2.518400128078695843e+00
3.710000000000000000e+02 2.518602094513739953e+00
3.715000000000000000e+02 2.518804060948783619e+00
3.720000000000000000e+02 2.519006027383827728e+00
3.725000000000000000e+02 2.519207993818871838e+00
3.730000000000000000e+02 2.519422583156106121e+00
3.735000000000000000e+02 2.519637172493340405e+00
3.740000000000000000e+02 2.519851761830574688e+00
3.745000000000000000e+02 2.520066351167808527e+00
3.750000000000000000e+02 2.520280940505042810e+00
3.755000000000000000e+02 2.520508152744467267e+00
3.760000000000000000e+02 2.520735364983891724e+00
3.770000000000000000e+02 2.521189789462741082e+00
3.775000000000000000e+02 2.521417001702165539e+00
3.780000000000000000e+02 2.521644213941589996e+00
3.785000000000000000e+02 2.521884049083204626e+00
3.790000000000000000e+02 2.522111261322629083e+00
3.795000000000000000e+02 2.522351096464243714e+00
3.800000000000000000e+02 2.522590931605858344e+00
3.805000000000000000e+02 2.522830766747473419e+00
3.810000000000000000e+02 2.523083224791278223e+00
3.815000000000000000e+02 2.523323059932892853e+00
3.820000000000000000e+02 2.523575517976698102e+00
3.825000000000000000e+02 2.523815353118312732e+00
3.830000000000000000e+02 2.524067811162117536e+00
3.835000000000000000e+02 2.524320269205922784e+00
3.840000000000000000e+02 2.524585350151917762e+00
3.845000000000000000e+02 2.524837808195722566e+00
3.850000000000000000e+02 2.525090266239527814e+00
3.855000000000000000e+02 2.525355347185522792e+00
3.860000000000000000e+02 2.525620428131518214e+00
3.870000000000000000e+02 2.526137967121318439e+00
3.875000000000000000e+02 2.526415670969504035e+00
3.880000000000000000e+02 2.526680751915499012e+00
3.885000000000000000e+02 2.526945832861494434e+00
3.890000000000000000e+02 2.527223536709679585e+00
3.895000000000000000e+02 2.527488617655675007e+00
3.900000000000000000e+02 2.527766321503860603e+00
3.905000000000000000e+02 2.528044025352045754e+00
3.910000000000000000e+02 2.528321729200231349e+00
3.915000000000000000e+02 2.528599433048416945e+00
3.920000000000000000e+02 2.528877136896602540e+00
3.925000000000000000e+02 2.529154840744787691e+00
3.930000000000000000e+02 2.529432544592973287e+00
3.935000000000000000e+02 2.529722871343349055e+00
3.940000000000000000e+02 2.530000575191534651e+00
3.945000000000000000e+02 2.530290901941910420e+00
3.950000000000000000e+02 2.530581228692286189e+00
3.955000000000000000e+02 2.530871555442661514e+00
3.965000000000000000e+02 2.531439586041222878e+00
3.970000000000000000e+02 2.531742535693788820e+00
3.975000000000000000e+02 2.532032862444164589e+00
3.980000000000000000e+02 2.532323189194540358e+00
3.985000000000000000e+02 2.532613515944916127e+00
3.990000000000000000e+02 2.532916465597482070e+00
3.995000000000000000e+02 2.533206792347857839e+00
4.000000000000000000e+02 2.533497119098233608e+00
4.005000000000000000e+02 2.533800068750799550e+00
4.010000000000000000e+02 2.534103018403365493e+00
4.015000000000000000e+02 2.534393345153741262e+00
4.020000000000000000e+02 2.534696294806307204e+00
4.025000000000000000e+02 2.534999244458873147e+00
4.030000000000000000e+02 2.535302194111439089e+00
4.035000000000000000e+02 2.535592520861814858e+00
4.040000000000000000e+02 2.535895470514380801e+00
4.045000000000000000e+02 2.536198420166946743e+00
4.050000000000000000e+02 2.536501369819512686e+00
4.055000000000000000e+02 2.536804319472078628e+00
4.060000000000000000e+02 2.537107269124644571e+00
4.065000000000000000e+02 2.537410218777210513e+00
4.070000000000000000e+02 2.537713168429776456e+00
4.075000000000000000e+02 2.538016118082342398e+00
4.080000000000000000e+02 2.538319067734908341e+00
4.085000000000000000e+02 2.538622017387474727e+00
4.095000000000000000e+02 2.539240539594796786e+00
4.100000000000000000e+02 2.539543489247362729e+00
4.105000000000000000e+02 2.539846438899928671e+00
4.110000000000000000e+02 2.540149388552494614e+00
4.115000000000000000e+02 2.540452338205060556e+00
4.120000000000000000e+02 2.540755287857626499e+00
4.125000000000000000e+02 2.541058237510192441e+00
4.130000000000000000e+02 2.541361187162758384e+00
4.135000000000000000e+02 2.541664136815324326e+00
4.140000000000000000e+02 2.541954463565700095e+00
4.145000000000000000e+02 2.542257413218266038e+00
4.150000000000000000e+02 2.542560362870831980e+00
4.155000000000000000e+02 2.542863312523397923e+00
4.160000000000000000e+02 2.543153639273773692e+00
4.165000000000000000e+02 2.543456588926339634e+00
4.170000000000000000e+02 2.543746915676715403e+00
4.175000000000000000e+02 2.544049865329281346e+00
4.180000000000000000e+02 2.544340192079657115e+00
4.185000000000000000e+02 2.544630518830032884e+00
4.190000000000000000e+02 2.544920845580408653e+00
4.195000000000000000e+02 2.545211172330784422e+00
4.200000000000000000e+02 2.545501499081160190e+00
4.205000000000000000e+02 2.545791825831535959e+00
4.210000000000000000e+02 2.546069529679721111e+00
4.215000000000000000e+02 2.546359856430096880e+00
4.220000000000000000e+02 2.546637560278282475e+00
4.225000000000000000e+02 2.546915264126468070e+00
4.230000000000000000e+02 2.547192967974653666e+00
4.235000000000000000e+02 2.547470671822838817e+00
4.240000000000000000e+02 2.547735752768834239e+00
4.245000000000000000e+02 2.548013456617019834e+00
4.250000000000000000e+02 2.548278537563014812e+00
4.255000000000000000e+02 2.548543618509010233e+00
4.260000000000000000e+02 2.548808699455005211e+00
4.265000000000000000e+02 2.549061157498810459e+00
4.270000000000000000e+02 2.549326238444805437e+00
4.275000000000000000e+02 2.549578696488610685e+00
4.285000000000000000e+02 2.550070989674030120e+00
4.290000000000000000e+02 2.550310824815644750e+00
4.295000000000000000e+02 2.550550659957259825e+00
4.300000000000000000e+02 2.550790495098874455e+00
4.305000000000000000e+02 2.551017707338298912e+00
4.310000000000000000e+02 2.551244919577723369e+00
4.315000000000000000e+02 2.551459508914957652e+00
4.320000000000000000e+02 2.551686721154382109e+00
4.325000000000000000e+02 2.551901310491616393e+00
4.330000000000000000e+02 2.552103276926660058e+00
4.335000000000000000e+02 2.552305243361704168e+00
4.340000000000000000e+02 2.552507209796748278e+00
4.345000000000000000e+02 2.552696553329601770e+00
4.355000000000000000e+02 2.553062617493119024e+00
4.360000000000000000e+02 2.553239338123782787e+00
4.365000000000000000e+02 2.553403435852255932e+00
4.370000000000000000e+02 2.553567533580729076e+00
4.375000000000000000e+02 2.553719008407012048e+00
4.380000000000000000e+02 2.553857860331104845e+00
4.385000000000000000e+02 2.554009335157387817e+00
4.390000000000000000e+02 2.554135564179290441e+00
4.395000000000000000e+02 2.554261793201192621e+00
4.400000000000000000e+02 2.554375399320905071e+00
4.405000000000000000e+02 2.554489005440617078e+00
4.410000000000000000e+02 2.554589988658139355e+00
4.415000000000000000e+02 2.554678348973471014e+00
4.420000000000000000e+02 2.554766709288802673e+00
4.425000000000000000e+02 2.554842446701944159e+00
4.430000000000000000e+02 2.554905561212895471e+00
4.435000000000000000e+02 2.554968675723846783e+00
4.440000000000000000e+02 2.555019167332607921e+00
4.445000000000000000e+02 2.555057036039178442e+00
4.450000000000000000e+02 2.555082281843558789e+00
4.455000000000000000e+02 2.555107527647939580e+00
4.460000000000000000e+02 2.555107527647939580e+00
4.465000000000000000e+02 2.555107527647939580e+00
4.470000000000000000e+02 2.555094904745749407e+00
4.475000000000000000e+02 2.555082281843558789e+00
4.480000000000000000e+02 2.555044413136988268e+00
4.485000000000000000e+02 2.555006544430417303e+00
4.490000000000000000e+02 2.554956052821656609e+00
4.495000000000000000e+02 2.554892938310705297e+00
4.500000000000000000e+02 2.554817200897563811e+00
4.505000000000000000e+02 2.554728840582232152e+00
4.510000000000000000e+02 2.554627857364709875e+00
4.515000000000000000e+02 2.554526874147188042e+00
4.520000000000000000e+02 2.554413268027475592e+00
4.525000000000000000e+02 2.554274416103383238e+00
4.535000000000000000e+02 2.553996712255197643e+00
4.540000000000000000e+02 2.553832614526724498e+00
4.550000000000000000e+02 2.553479173265397417e+00
4.555000000000000000e+02 2.553289829732543481e+00
4.560000000000000000e+02 2.553087863297499815e+00
4.570000000000000000e+02 2.552658684623031249e+00
4.575000000000000000e+02 2.552431472383606792e+00
4.580000000000000000e+02 2.552191637241992161e+00
4.585000000000000000e+02 2.551939179198186913e+00
4.590000000000000000e+02 2.551686721154382109e+00
4.595000000000000000e+02 2.551421640208386687e+00
4.600000000000000000e+02 2.551143936360201536e+00
4.610000000000000000e+02 2.550563282859449998e+00
4.615000000000000000e+02 2.550272956109074229e+00
4.620000000000000000e+02 2.549957383554318113e+00
4.625000000000000000e+02 2.549654433901752171e+00
4.630000000000000000e+02 2.549326238444805437e+00
4.635000000000000000e+02 2.548998042987859147e+00
4.640000000000000000e+02 2.548669847530912413e+00
4.645000000000000000e+02 2.548329029171775950e+00
4.650000000000000000e+02 2.547975587910448869e+00
4.655000000000000000e+02 2.547622146649121788e+00
4.660000000000000000e+02 2.547268705387795151e+00
4.665000000000000000e+02 2.546902641224277897e+00
4.670000000000000000e+02 2.546523954158570469e+00
4.675000000000000000e+02 2.546157889995053214e+00
4.680000000000000000e+02 2.545779202929345786e+00
4.685000000000000000e+02 2.545387892961447740e+00
4.690000000000000000e+02 2.544996582993550138e+00
4.695000000000000000e+02 2.544605273025652536e+00
4.700000000000000000e+02 2.544213963057754935e+00
4.705000000000000000e+02 2.543810030187666715e+00
4.710000000000000000e+02 2.543406097317578940e+00
4.715000000000000000e+02 2.543002164447490721e+00
4.720000000000000000e+02 2.542585608675212772e+00
4.730000000000000000e+02 2.541765120032846603e+00
4.735000000000000000e+02 2.541335941358378037e+00
4.740000000000000000e+02 2.540919385586099644e+00
4.745000000000000000e+02 2.540490206911631521e+00
4.750000000000000000e+02 2.540073651139353128e+00
4.755000000000000000e+02 2.539644472464884561e+00
4.760000000000000000e+02 2.539215293790415995e+00
4.765000000000000000e+02 2.538773492213757699e+00
4.770000000000000000e+02 2.538344313539289132e+00
4.775000000000000000e+02 2.537915134864820565e+00
4.780000000000000000e+02 2.537473333288161825e+00
4.785000000000000000e+02 2.537044154613693259e+00
4.790000000000000000e+02 2.536602353037034518e+00
4.795000000000000000e+02 2.536160551460375778e+00
4.800000000000000000e+02 2.535718749883717038e+00
4.805000000000000000e+02 2.535276948307058742e+00
4.810000000000000000e+02 2.534835146730400002e+00
4.815000000000000000e+02 2.534393345153741262e+00
4.820000000000000000e+02 2.533951543577082521e+00
4.825000000000000000e+02 2.533509742000423781e+00
4.830000000000000000e+02 2.533067940423765041e+00
4.835000000000000000e+02 2.532626138847106301e+00
4.840000000000000000e+02 2.532184337270447561e+00
4.845000000000000000e+02 2.531742535693788820e+00
4.850000000000000000e+02 2.531300734117130080e+00
4.860000000000000000e+02 2.530404508061622426e+00
4.865000000000000000e+02 2.529962706484963686e+00
4.870000000000000000e+02 2.529520904908304946e+00
4.875000000000000000e+02 2.529079103331646206e+00
4.880000000000000000e+02 2.528637301754987465e+00
4.885000000000000000e+02 2.528195500178329169e+00
4.890000000000000000e+02 2.527766321503860603e+00
4.895000000000000000e+02 2.527324519927201862e+00
4.900000000000000000e+02 2.526882718350543122e+00
4.905000000000000000e+02 2.526440916773884382e+00
4.910000000000000000e+02 2.526011738099415815e+00
4.915000000000000000e+02 2.525569936522757075e+00
4.920000000000000000e+02 2.525140757848288953e+00
4.925000000000000000e+02 2.524698956271630212e+00
4.930000000000000000e+02 2.524269777597161646e+00
4.935000000000000000e+02 2.523840598922693079e+00
4.940000000000000000e+02 2.523398797346034339e+00
4.945000000000000000e+02 2.522969618671565772e+00
4.950000000000000000e+02 2.522540439997097650e+00
4.960000000000000000e+02 2.521694705550350690e+00
4.965000000000000000e+02 2.521265526875882124e+00
4.970000000000000000e+02 2.520836348201414001e+00
4.975000000000000000e+02 2.520419792429135608e+00
4.980000000000000000e+02 2.519990613754667041e+00
4.985000000000000000e+02 2.519574057982389093e+00
4.990000000000000000e+02 2.519157502210110700e+00
4.995000000000000000e+02 2.518740946437832751e+00
5.000000000000000000e+02 2.518324390665554358e+00
5.005000000000000000e+02 2.517907834893275965e+00
5.010000000000000000e+02 2.517491279120998016e+00
5.015000000000000000e+02 2.517087346250909796e+00
5.020000000000000000e+02 2.516670790478631847e+00
5.025000000000000000e+02 2.516266857608543628e+00
5.030000000000000000e+02 2.515862924738455852e+00
5.035000000000000000e+02 2.515458991868368077e+00
5.040000000000000000e+02 2.515055058998279858e+00
5.045000000000000000e+02 2.514651126128192082e+00
5.050000000000000000e+02 2.514247193258103863e+00
5.055000000000000000e+02 2.513843260388016088e+00
5.060000000000000000e+02 2.513451950420118486e+00
5.065000000000000000e+02 2.513060640452220440e+00
5.070000000000000000e+02 2.512656707582132665e+00
5.075000000000000000e+02 2.512265397614235063e+00
5.080000000000000000e+02 2.511874087646337017e+00
5.085000000000000000e+02 2.511495400580629589e+00
5.090000000000000000e+02 2.511104090612731987e+00
5.095000000000000000e+02 2.510712780644834385e+00
5.100000000000000000e+02 2.510334093579126957e+00
5.105000000000000000e+02 2.509955406513419529e+00
5.110000000000000000e+02 2.509576719447712101e+00
5.115000000000000000e+02 2.509198032382004673e+00
5.120000000000000000e+02 2.508819345316296801e+00
5.125000000000000000e+02 2.508440658250589372e+00
5.130000000000000000e+02 2.508074594087072118e+00
5.135000000000000000e+02 2.507695907021364690e+00
5.140000000000000000e+02 2.507329842857847435e+00
5.145000000000000000e+02 2.506963778694330625e+00
5.150000000000000000e+02 2.506597714530813370e+00
5.155000000000000000e+02 2.506231650367296115e+00
5.160000000000000000e+02 2.505878209105969034e+00
5.165000000000000000e+02 2.505512144942451780e+00
5.170000000000000000e+02 2.505158703681124699e+00
5.175000000000000000e+02 2.504792639517607444e+00
5.180000000000000000e+02 2.504439198256280807e+00
5.185000000000000000e+02 2.504085756994953726e+00
5.190000000000000000e+02 2.503744938635816819e+00
5.195000000000000000e+02 2.503391497374490182e+00
5.200000000000000000e+02 2.503050679015353275e+00
5.205000000000000000e+02 2.502697237754026194e+00
5.210000000000000000e+02 2.502356419394889731e+00
5.215000000000000000e+02 2.502015601035752823e+00
5.220000000000000000e+02 2.501674782676616360e+00
5.225000000000000000e+02 2.501333964317479452e+00
5.230000000000000000e+02 2.501005768860533163e+00
5.235000000000000000e+02 2.500664950501396255e+00
5.240000000000000000e+02 2.500336755044449966e+00
5.245000000000000000e+02 2.500008559587503232e+00
5.250000000000000000e+02 2.499680364130556942e+00
5.255000000000000000e+02 2.499352168673610208e+00
5.260000000000000000e+02 2.499023973216663919e+00
5.265000000000000000e+02 2.498708400661907802e+00
5.275000000000000000e+02 2.498064632650204953e+00
5.280000000000000000e+02 2.497749060095448836e+00
5.285000000000000000e+02 2.497433487540692720e+00
5.290000000000000000e+02 2.497117914985936160e+00
5.295000000000000000e+02 2.496814965333370218e+00
5.300000000000000000e+02 2.496499392778614101e+00
5.305000000000000000e+02 2.496196443126048159e+00
5.310000000000000000e+02 2.495893493473482216e+00
5.315000000000000000e+02 2.495590543820916274e+00
5.320000000000000000e+02 2.495287594168350331e+00
5.325000000000000000e+02 2.494984644515784389e+00
5.330000000000000000e+02 2.494694317765408620e+00
5.335000000000000000e+02 2.494391368112842677e+00
5.340000000000000000e+02 2.494101041362466908e+00
5.345000000000000000e+02 2.493810714612091139e+00
5.350000000000000000e+02 2.493520387861715371e+00
5.355000000000000000e+02 2.493230061111339602e+00
5.360000000000000000e+02 2.492939734360963833e+00
5.365000000000000000e+02 2.492662030512778681e+00
5.370000000000000000e+02 2.492371703762402912e+00
5.375000000000000000e+02 2.492093999914217317e+00
5.380000000000000000e+02 2.491816296066031722e+00
5.385000000000000000e+02 2.491538592217846571e+00
5.390000000000000000e+02 2.491260888369660975e+00
5.395000000000000000e+02 2.490995807423665553e+00
5.400000000000000000e+02 2.490718103575479958e+00
5.405000000000000000e+02 2.490453022629484980e+00
5.410000000000000000e+02 2.490187941683489559e+00
5.415000000000000000e+02 2.489922860737494581e+00
5.420000000000000000e+02 2.489657779791499159e+00
5.425000000000000000e+02 2.489392698845504182e+00
5.430000000000000000e+02 2.489140240801698933e+00
5.435000000000000000e+02 2.488875159855703956e+00
5.440000000000000000e+02 2.488622701811898708e+00
5.445000000000000000e+02 2.488370243768093903e+00
5.450000000000000000e+02 2.488117785724289099e+00
5.455000000000000000e+02 2.487865327680483851e+00
5.460000000000000000e+02 2.487612869636679047e+00
5.465000000000000000e+02 2.487360411592873799e+00
5.470000000000000000e+02 2.487120576451259168e+00
5.475000000000000000e+02 2.486880741309644538e+00
5.480000000000000000e+02 2.486640906168029908e+00
5.485000000000000000e+02 2.486401071026415277e+00
5.490000000000000000e+02 2.486161235884800202e+00
5.495000000000000000e+02 2.485921400743185572e+00
5.500000000000000000e+02 2.485681565601570941e+00
5.505000000000000000e+02 2.485454353362146485e+00
5.510000000000000000e+02 2.485227141122722028e+00
5.515000000000000000e+02 2.484999928883297571e+00
5.520000000000000000e+02 2.484772716643873114e+00
5.525000000000000000e+02 2.484545504404448657e+00
5.530000000000000000e+02 2.484318292165024200e+00
5.535000000000000000e+02 2.484103702827789917e+00
5.540000000000000000e+02 2.483876490588365460e+00
5.545000000000000000e+02 2.483661901251131177e+00
5.550000000000000000e+02 2.483447311913896893e+00
5.555000000000000000e+02 2.483232722576662610e+00
5.560000000000000000e+02 2.483018133239428327e+00
5.565000000000000000e+02 2.482803543902194043e+00
5.570000000000000000e+02 2.482601577467150378e+00
5.575000000000000000e+02 2.482386988129916094e+00
5.580000000000000000e+02 2.482185021694871985e+00
5.585000000000000000e+02 2.481983055259827875e+00
5.590000000000000000e+02 2.481781088824784209e+00
5.595000000000000000e+02 2.481579122389740100e+00
5.600000000000000000e+02 2.481377155954695990e+00
5.605000000000000000e+02 2.481175189519651880e+00
5.610000000000000000e+02 2.480985845986798388e+00
5.615000000000000000e+02 2.480796502453944452e+00
5.620000000000000000e+02 2.480594536018900786e+00
5.625000000000000000e+02 2.480405192486046850e+00
5.630000000000000000e+02 2.480215848953193358e+00
5.635000000000000000e+02 2.480039128322529596e+00
5.640000000000000000e+02 2.479849784789676104e+00
5.645000000000000000e+02 2.479660441256822168e+00
5.650000000000000000e+02 2.479483720626158849e+00
5.655000000000000000e+02 2.479306999995495087e+00
5.660000000000000000e+02 2.479130279364831768e+00
5.665000000000000000e+02 2.478953558734168450e+00
5.670000000000000000e+02 2.478776838103504687e+00
5.675000000000000000e+02 2.478600117472841369e+00
5.680000000000000000e+02 2.478423396842177606e+00
5.685000000000000000e+02 2.478259299113704461e+00
5.690000000000000000e+02 2.478095201385231316e+00
5.695000000000000000e+02 2.477918480754567998e+00
5.700000000000000000e+02 2.477754383026094853e+00
5.705000000000000000e+02 2.477590285297621264e+00
5.710000000000000000e+02 2.477438810471338293e+00
5.715000000000000000e+02 2.477274712742865148e+00
5.720000000000000000e+02 2.477110615014392003e+00
5.725000000000000000e+02 2.476959140188109032e+00
5.730000000000000000e+02 2.476807665361826061e+00
5.735000000000000000e+02 2.476656190535543089e+00
5.740000000000000000e+02 2.476504715709260118e+00
5.745000000000000000e+02 2.476353240882977147e+00
5.750000000000000000e+02 2.476201766056694176e+00
5.755000000000000000e+02 2.476050291230411204e+00
5.760000000000000000e+02 2.475911439306318407e+00
5.765000000000000000e+02 2.475759964480035435e+00
5.770000000000000000e+02 2.475621112555942638e+00
5.775000000000000000e+02 2.475482260631849840e+00
5.780000000000000000e+02 2.475343408707757042e+00
5.785000000000000000e+02 2.475204556783664245e+00
5.790000000000000000e+02 2.475065704859571447e+00
5.795000000000000000e+02 2.474939475837669267e+00
5.800000000000000000e+02 2.474800623913576469e+00
5.805000000000000000e+02 2.474674394891673845e+00
5.810000000000000000e+02 2.474548165869771221e+00
5.815000000000000000e+02 2.474409313945678868e+00
5.820000000000000000e+02 2.474283084923776244e+00
5.830000000000000000e+02 2.474043249782161613e+00
5.835000000000000000e+02 2.473917020760258989e+00
5.840000000000000000e+02 2.473803414640546539e+00
5.845000000000000000e+02 2.473677185618644359e+00
5.850000000000000000e+02 2.473563579498931908e+00
5.855000000000000000e+02 2.473449973379219902e+00
5.860000000000000000e+02 2.473336367259507451e+00
5.865000000000000000e+02 2.473222761139795445e+00
5.870000000000000000e+02 2.473109155020082994e+00
5.875000000000000000e+02 2.472995548900370988e+00
5.880000000000000000e+02 2.472894565682848711e+00
5.885000000000000000e+02 2.472780959563136705e+00
5.890000000000000000e+02 2.472679976345614428e+00
5.895000000000000000e+02 2.472578993128092595e+00
5.905000000000000000e+02 2.472377026693048485e+00
5.910000000000000000e+02 2.472276043475526652e+00
5.915000000000000000e+02 2.472175060258004820e+00
5.920000000000000000e+02 2.472074077040482543e+00
5.925000000000000000e+02 2.471985716725150883e+00
5.930000000000000000e+02 2.471884733507629051e+00
5.935000000000000000e+02 2.471796373192297391e+00
5.940000000000000000e+02 2.471708012876965288e+00
5.945000000000000000e+02 2.471619652561633629e+00
5.950000000000000000e+02 2.471531292246301970e+00
5.955000000000000000e+02 2.471442931930970310e+00
5.960000000000000000e+02 2.471354571615638651e+00
5.965000000000000000e+02 2.471278834202497166e+00
5.970000000000000000e+02 2.471190473887165062e+00
5.975000000000000000e+02 2.471114736474023577e+00
5.980000000000000000e+02 2.471026376158691917e+00
5.985000000000000000e+02 2.470950638745550432e+00
5.990000000000000000e+02 2.470874901332408946e+00
5.995000000000000000e+02 2.470799163919267460e+00
6.000000000000000000e+02 2.470723426506125975e+00
6.005000000000000000e+02 2.470660311995174663e+00
6.010000000000000000e+02 2.470584574582033177e+00
6.015000000000000000e+02 2.470521460071081865e+00
6.020000000000000000e+02 2.470445722657940379e+00
6.025000000000000000e+02 2.470382608146989512e+00
6.030000000000000000e+02 2.470319493636038199e+00
6.035000000000000000e+02 2.470256379125086887e+00
6.040000000000000000e+02 2.470193264614135575e+00
6.045000000000000000e+02 2.470130150103184263e+00
6.050000000000000000e+02 2.470067035592232951e+00
6.055000000000000000e+02 2.470003921081281639e+00
6.060000000000000000e+02 2.469953429472520945e+00
6.065000000000000000e+02 2.469890314961569633e+00
6.070000000000000000e+02 2.469839823352808494e+00
6.075000000000000000e+02 2.469789331744047800e+00
6.080000000000000000e+02 2.469738840135286662e+00
6.085000000000000000e+02 2.469688348526525523e+00
6.090000000000000000e+02 2.469637856917764829e+00
6.095000000000000000e+02 2.469587365309003690e+00
6.100000000000000000e+02 2.469536873700242552e+00
6.105000000000000000e+02 2.469486382091481858e+00
6.110000000000000000e+02 2.469448513384910893e+00
6.115000000000000000e+02 2.469398021776149754e+00
6.120000000000000000e+02 2.469360153069579233e+00
6.125000000000000000e+02 2.469322284363008269e+00
6.130000000000000000e+02 2.469284415656437748e+00
6.135000000000000000e+02 2.469246546949866783e+00
6.140000000000000000e+02 2.469208678243296262e+00
6.145000000000000000e+02 2.469170809536725297e+00
6.150000000000000000e+02 2.469132940830154777e+00
6.155000000000000000e+02 2.469107695025773985e+00
6.160000000000000000e+02 2.469069826319203464e+00
6.165000000000000000e+02 2.469044580514823117e+00
6.170000000000000000e+02 2.469006711808252152e+00
6.175000000000000000e+02 2.468981466003871805e+00
6.180000000000000000e+02 2.468956220199491014e+00
6.185000000000000000e+02 2.468930974395110667e+00
6.190000000000000000e+02 2.468905728590730320e+00
6.195000000000000000e+02 2.468880482786349528e+00
6.200000000000000000e+02 2.468855236981969181e+00
6.205000000000000000e+02 2.468842614079779008e+00
6.210000000000000000e+02 2.468817368275398660e+00
6.215000000000000000e+02 2.468792122471017869e+00
6.220000000000000000e+02 2.468779499568827696e+00
6.225000000000000000e+02 2.468766876666637522e+00
6.230000000000000000e+02 2.468754253764447348e+00
6.235000000000000000e+02 2.468729007960066557e+00
6.240000000000000000e+02 2.468716385057876384e+00
6.245000000000000000e+02 2.468703762155686210e+00
6.250000000000000000e+02 2.468703762155686210e+00
6.255000000000000000e+02 2.468691139253496036e+00
6.260000000000000000e+02 2.468678516351305863e+00
6.265000000000000000e+02 2.468678516351305863e+00
6.270000000000000000e+02 2.468665893449115689e+00
6.275000000000000000e+02 2.468665893449115689e+00
6.280000000000000000e+02 2.468653270546925071e+00
6.285000000000000000e+02 2.468653270546925071e+00
6.290000000000000000e+02 2.468653270546925071e+00
6.295000000000000000e+02 2.468653270546925071e+00
6.300000000000000000e+02 2.468653270546925071e+00
6.305000000000000000e+02 2.468653270546925071e+00
6.310000000000000000e+02 2.468653270546925071e+00
6.315000000000000000e+02 2.468653270546925071e+00
6.320000000000000000e+02 2.468665893449115689e+00
6.325000000000000000e+02 2.468665893449115689e+00
6.330000000000000000e+02 2.468678516351305863e+00
6.335000000000000000e+02 2.468678516351305863e+00
6.340000000000000000e+02 2.468691139253496036e+00
6.345000000000000000e+02 2.468703762155686210e+00
6.350000000000000000e+02 2.468716385057876384e+00
6.355000000000000000e+02 2.468729007960066557e+00
6.360000000000000000e+02 2.468741630862257175e+00
6.365000000000000000e+02 2.468754253764447348e+00
6.370000000000000000e+02 2.468766876666637522e+00
6.375000000000000000e+02 2.468779499568827696e+00
6.380000000000000000e+02 2.468792122471017869e+00
6.385000000000000000e+02 2.468817368275398660e+00
6.390000000000000000e+02 2.468829991177588834e+00
6.395000000000000000e+02 2.468855236981969181e+00
6.400000000000000000e+02 2.468867859884159355e+00
6.405000000000000000e+02 2.468893105688540146e+00
6.410000000000000000e+02 2.468918351492920493e+00
6.415000000000000000e+02 2.468943597297300840e+00
6.420000000000000000e+02 2.468968843101681632e+00
6.425000000000000000e+02 2.468994088906061979e+00
6.430000000000000000e+02 2.469019334710442326e+00
6.435000000000000000e+02 2.469044580514823117e+00
6.440000000000000000e+02 2.469069826319203464e+00
6.445000000000000000e+02 2.469107695025773985e+00
6.450000000000000000e+02 2.469132940830154777e+00
6.455000000000000000e+02 2.469158186634535124e+00
6.460000000000000000e+02 2.469196055341106089e+00
6.465000000000000000e+02 2.469221301145486436e+00
6.470000000000000000e+02 2.469259169852056957e+00
6.475000000000000000e+02 2.469297038558627921e+00
6.480000000000000000e+02 2.469334907265198886e+00
6.490000000000000000e+02 2.469398021776149754e+00
6.495000000000000000e+02 2.469435890482720719e+00
6.505000000000000000e+02 2.469524250798052378e+00
6.510000000000000000e+02 2.469562119504623343e+00
6.515000000000000000e+02 2.469599988211193864e+00
6.520000000000000000e+02 2.469637856917764829e+00
6.525000000000000000e+02 2.469688348526525523e+00
6.530000000000000000e+02 2.469726217233096488e+00
6.535000000000000000e+02 2.469776708841857182e+00
6.540000000000000000e+02 2.469814577548428147e+00
6.545000000000000000e+02 2.469865069157189286e+00
6.550000000000000000e+02 2.469915560765949980e+00
6.555000000000000000e+02 2.469953429472520945e+00
6.560000000000000000e+02 2.470003921081281639e+00
6.565000000000000000e+02 2.470054412690042778e+00
6.570000000000000000e+02 2.470104904298803916e+00
6.575000000000000000e+02 2.470155395907565055e+00
6.580000000000000000e+02 2.470205887516325749e+00
6.585000000000000000e+02 2.470256379125086887e+00
6.590000000000000000e+02 2.470306870733848026e+00
6.595000000000000000e+02 2.470369985244798894e+00
6.600000000000000000e+02 2.470420476853560032e+00
6.605000000000000000e+02 2.470470968462321171e+00
6.610000000000000000e+02 2.470534082973272483e+00
6.615000000000000000e+02 2.470584574582033177e+00
6.620000000000000000e+02 2.470635066190794316e+00
6.625000000000000000e+02 2.470698180701745628e+00
6.630000000000000000e+02 2.470761295212696940e+00
6.635000000000000000e+02 2.470811786821457634e+00
6.640000000000000000e+02 2.470874901332408946e+00
6.645000000000000000e+02 2.470938015843360258e+00
6.650000000000000000e+02 2.470988507452121397e+00
6.655000000000000000e+02 2.471051621963072709e+00
6.660000000000000000e+02 2.471114736474023577e+00
6.665000000000000000e+02 2.471177850984974889e+00
6.670000000000000000e+02 2.471240965495926201e+00
6.675000000000000000e+02 2.471304080006877513e+00
6.680000000000000000e+02 2.471367194517828825e+00
6.685000000000000000e+02 2.471430309028780137e+00
6.690000000000000000e+02 2.471493423539731005e+00
6.695000000000000000e+02 2.471569160952872934e+00
6.700000000000000000e+02 2.471632275463823802e+00
6.705000000000000000e+02 2.471695389974775114e+00
6.710000000000000000e+02 2.471758504485726426e+00
6.715000000000000000e+02 2.471834241898867912e+00
6.720000000000000000e+02 2.471897356409819224e+00
6.730000000000000000e+02 2.472036208333912022e+00
6.735000000000000000e+02 2.472099322844863334e+00
6.740000000000000000e+02 2.472175060258004820e+00
6.745000000000000000e+02 2.472250797671146305e+00
6.750000000000000000e+02 2.472313912182097617e+00
6.755000000000000000e+02 2.472389649595239103e+00
6.760000000000000000e+02 2.472452764106189971e+00
6.765000000000000000e+02 2.472528501519331456e+00
6.770000000000000000e+02 2.472604238932472942e+00
6.775000000000000000e+02 2.472679976345614428e+00
6.780000000000000000e+02 2.472743090856565740e+00
6.785000000000000000e+02 2.472818828269707225e+00
6.790000000000000000e+02 2.472894565682848711e+00
6.795000000000000000e+02 2.472970303095990197e+00
6.800000000000000000e+02 2.473046040509131682e+00
6.805000000000000000e+02 2.473121777922273168e+00
6.810000000000000000e+02 2.473184892433224480e+00
6.815000000000000000e+02 2.473260629846365966e+00
6.820000000000000000e+02 2.473336367259507451e+00
6.825000000000000000e+02 2.473412104672648937e+00
6.830000000000000000e+02 2.473487842085790422e+00
6.835000000000000000e+02 2.473563579498931908e+00
6.840000000000000000e+02 2.473639316912073394e+00
6.845000000000000000e+02 2.473715054325214879e+00
6.850000000000000000e+02 2.473790791738356365e+00
6.860000000000000000e+02 2.473954889466829954e+00
6.865000000000000000e+02 2.474030626879971440e+00
6.870000000000000000e+02 2.474106364293112925e+00
6.875000000000000000e+02 2.474182101706254411e+00
6.880000000000000000e+02 2.474257839119395896e+00
6.885000000000000000e+02 2.474333576532537382e+00
6.890000000000000000e+02 2.474409313945678868e+00
6.895000000000000000e+02 2.474485051358820353e+00
6.900000000000000000e+02 2.474560788771961839e+00
6.905000000000000000e+02 2.474649149087293498e+00
6.910000000000000000e+02 2.474724886500434984e+00
6.915000000000000000e+02 2.474800623913576469e+00
6.920000000000000000e+02 2.474876361326717955e+00
6.925000000000000000e+02 2.474952098739859441e+00
6.930000000000000000e+02 2.475027836153000926e+00
6.935000000000000000e+02 2.475103573566142412e+00
6.940000000000000000e+02 2.475179310979283898e+00
6.950000000000000000e+02 2.475343408707757042e+00
6.955000000000000000e+02 2.475419146120898528e+00
6.960000000000000000e+02 2.475494883534040014e+00
6.965000000000000000e+02 2.475570620947181499e+00
6.970000000000000000e+02 2.475646358360322985e+00
6.975000000000000000e+02 2.475722095773464471e+00
6.980000000000000000e+02 2.475797833186605956e+00
6.985000000000000000e+02 2.475873570599747442e+00
6.990000000000000000e+02 2.475949308012888928e+00
6.995000000000000000e+02 2.476025045426030413e+00
7.000000000000000000e+02 2.476088159936981725e+00
7.005000000000000000e+02 2.476163897350123211e+00
7.010000000000000000e+02 2.476239634763264696e+00
7.015000000000000000e+02 2.476315372176406182e+00
7.020000000000000000e+02 2.476391109589547668e+00
7.030000000000000000e+02 2.476529961513640465e+00
7.035000000000000000e+02 2.476605698926781951e+00
7.045000000000000000e+02 2.476744550850874749e+00
7.050000000000000000e+02 2.476820288264016234e+00
7.055000000000000000e+02 2.476883402774967546e+00
7.060000000000000000e+02 2.476959140188109032e+00
7.065000000000000000e+02 2.477022254699060344e+00
7.070000000000000000e+02 2.477085369210011656e+00
7.075000000000000000e+02 2.477161106623153142e+00
7.080000000000000000e+02 2.477224221134104010e+00
7.085000000000000000e+02 2.477287335645055322e+00
7.090000000000000000e+02 2.477350450156006634e+00
7.100000000000000000e+02 2.477489302080099431e+00
7.105000000000000000e+02 2.477552416591050743e+00
7.110000000000000000e+02 2.477602908199811438e+00
7.115000000000000000e+02 2.477666022710762750e+00
7.120000000000000000e+02 2.477729137221714062e+00
7.125000000000000000e+02 2.477792251732665374e+00
7.130000000000000000e+02 2.477855366243616686e+00
7.135000000000000000e+02 2.477905857852377824e+00
7.140000000000000000e+02 2.477968972363328692e+00
7.145000000000000000e+02 2.478019463972089831e+00
7.150000000000000000e+02 2.478069955580850969e+00
7.155000000000000000e+02 2.478133070091802281e+00
7.160000000000000000e+02 2.478183561700562976e+00
7.165000000000000000e+02 2.478234053309324114e+00
7.170000000000000000e+02 2.478284544918085253e+00
7.175000000000000000e+02 2.478335036526845947e+00
7.180000000000000000e+02 2.478385528135607085e+00
7.185000000000000000e+02 2.478436019744368224e+00
7.190000000000000000e+02 2.478473888450938745e+00
7.195000000000000000e+02 2.478524380059699883e+00
7.200000000000000000e+02 2.478574871668461022e+00
7.205000000000000000e+02 2.478612740375031542e+00
7.210000000000000000e+02 2.478650609081602507e+00
7.215000000000000000e+02 2.478688477788173028e+00
7.220000000000000000e+02 2.478738969396934166e+00
7.225000000000000000e+02 2.478776838103504687e+00
7.235000000000000000e+02 2.478839952614455999e+00
7.240000000000000000e+02 2.478877821321026964e+00
7.245000000000000000e+02 2.478915690027597485e+00
7.250000000000000000e+02 2.478940935831977832e+00
7.255000000000000000e+02 2.478966181636358623e+00
7.260000000000000000e+02 2.479004050342929144e+00
7.265000000000000000e+02 2.479029296147309935e+00
7.270000000000000000e+02 2.479054541951690283e+00
7.275000000000000000e+02 2.479079787756070630e+00
7.280000000000000000e+02 2.479092410658260803e+00
7.285000000000000000e+02 2.479117656462641595e+00
7.290000000000000000e+02 2.479142902267021942e+00
7.295000000000000000e+02 2.479155525169212115e+00
7.300000000000000000e+02 2.479168148071402733e+00
7.305000000000000000e+02 2.479180770973592907e+00
7.310000000000000000e+02 2.479193393875783080e+00
7.315000000000000000e+02 2.479206016777973254e+00
7.320000000000000000e+02 2.479218639680163427e+00
7.325000000000000000e+02 2.479231262582353601e+00
7.330000000000000000e+02 2.479231262582353601e+00
7.340000000000000000e+02 2.479243885484543775e+00
7.345000000000000000e+02 2.479243885484543775e+00
7.350000000000000000e+02 2.479243885484543775e+00
7.355000000000000000e+02 2.479243885484543775e+00
7.360000000000000000e+02 2.479231262582353601e+00
7.365000000000000000e+02 2.479231262582353601e+00
7.370000000000000000e+02 2.479218639680163427e+00
7.380000000000000000e+02 2.479206016777973254e+00
7.385000000000000000e+02 2.479193393875783080e+00
7.390000000000000000e+02 2.479168148071402733e+00
7.395000000000000000e+02 2.479155525169212115e+00
7.400000000000000000e+02 2.479142902267021942e+00
7.405000000000000000e+02 2.479117656462641595e+00
7.410000000000000000e+02 2.479092410658260803e+00
7.415000000000000000e+02 2.479079787756070630e+00
7.420000000000000000e+02 2.479054541951690283e+00
7.425000000000000000e+02 2.479016673245119318e+00
7.430000000000000000e+02 2.478991427440738970e+00
7.435000000000000000e+02 2.478966181636358623e+00
7.440000000000000000e+02 2.478928312929787658e+00
7.445000000000000000e+02 2.478903067125407311e+00
7.450000000000000000e+02 2.478865198418836346e+00
7.455000000000000000e+02 2.478827329712265826e+00
7.460000000000000000e+02 2.478789461005694861e+00
7.465000000000000000e+02 2.478738969396934166e+00
7.470000000000000000e+02 2.478701100690363202e+00
7.480000000000000000e+02 2.478612740375031542e+00
7.485000000000000000e+02 2.478562248766270404e+00
7.490000000000000000e+02 2.478511757157509710e+00
7.495000000000000000e+02 2.478461265548748571e+00
7.500000000000000000e+02 2.478410773939987433e+00
7.505000000000000000e+02 2.478360282331226738e+00
7.510000000000000000e+02 2.478297167820275426e+00
7.515000000000000000e+02 2.478246676211514288e+00
7.520000000000000000e+02 2.478183561700562976e+00
7.525000000000000000e+02 2.478120447189611664e+00
7.530000000000000000e+02 2.478057332678660796e+00
7.535000000000000000e+02 2.477994218167709484e+00
7.540000000000000000e+02 2.477931103656758172e+00
7.545000000000000000e+02 2.477867989145806860e+00
7.550000000000000000e+02 2.477792251732665374e+00
7.555000000000000000e+02 2.477729137221714062e+00
7.560000000000000000e+02 2.477653399808572576e+00
7.565000000000000000e+02 2.477577662395431091e+00
7.570000000000000000e+02 2.477501924982289605e+00
7.575000000000000000e+02 2.477426187569148119e+00
7.580000000000000000e+02 2.477350450156006634e+00
7.585000000000000000e+02 2.477274712742865148e+00
7.590000000000000000e+02 2.477198975329723662e+00
7.595000000000000000e+02 2.477110615014392003e+00
7.600000000000000000e+02 2.477034877601250518e+00
7.605000000000000000e+02 2.476946517285918858e+00
7.610000000000000000e+02 2.476870779872777373e+00
7.615000000000000000e+02 2.476782419557445269e+00
7.620000000000000000e+02 2.476694059242113610e+00
7.625000000000000000e+02 2.476605698926781951e+00
7.630000000000000000e+02 2.476517338611450292e+00
7.635000000000000000e+02 2.476428978296118633e+00
7.640000000000000000e+02 2.476327995078596356e+00
7.645000000000000000e+02 2.476239634763264696e+00
7.650000000000000000e+02 2.476151274447933037e+00
7.655000000000000000e+02 2.476050291230411204e+00
7.660000000000000000e+02 2.475949308012888928e+00
7.665000000000000000e+02 2.475860947697557268e+00
7.670000000000000000e+02 2.475759964480035435e+00
7.675000000000000000e+02 2.475658981262513159e+00
7.680000000000000000e+02 2.475557998044991326e+00
7.685000000000000000e+02 2.475457014827469493e+00
7.690000000000000000e+02 2.475356031609947216e+00
7.695000000000000000e+02 2.475255048392425383e+00
7.700000000000000000e+02 2.475154065174903550e+00
7.705000000000000000e+02 2.475053081957381274e+00
7.715000000000000000e+02 2.474838492620146990e+00
7.720000000000000000e+02 2.474737509402625157e+00
7.725000000000000000e+02 2.474623903282912707e+00
7.730000000000000000e+02 2.474522920065390874e+00
7.735000000000000000e+02 2.474409313945678868e+00
7.740000000000000000e+02 2.474308330728156591e+00
7.745000000000000000e+02 2.474194724608444584e+00
7.750000000000000000e+02 2.474081118488732134e+00
7.755000000000000000e+02 2.473967512369020127e+00
7.760000000000000000e+02 2.473866529151497851e+00
7.765000000000000000e+02 2.473752923031785844e+00
7.770000000000000000e+02 2.473639316912073394e+00
7.775000000000000000e+02 2.473525710792361387e+00
7.780000000000000000e+02 2.473412104672648937e+00
7.785000000000000000e+02 2.473298498552936930e+00
7.790000000000000000e+02 2.473184892433224480e+00
7.795000000000000000e+02 2.473071286313512473e+00
7.800000000000000000e+02 2.472957680193800023e+00
7.805000000000000000e+02 2.472844074074088017e+00
7.810000000000000000e+02 2.472717845052185393e+00
7.815000000000000000e+02 2.472604238932472942e+00
7.820000000000000000e+02 2.472490632812760936e+00
7.825000000000000000e+02 2.472377026693048485e+00
7.830000000000000000e+02 2.472263420573336479e+00
7.835000000000000000e+02 2.472137191551433855e+00
7.840000000000000000e+02 2.472023585431721848e+00
7.845000000000000000e+02 2.471909979312009398e+00
7.850000000000000000e+02 2.471783750290106774e+00
7.855000000000000000e+02 2.471670144170394767e+00
7.860000000000000000e+02 2.471556538050682317e+00
7.865000000000000000e+02 2.471430309028780137e+00
7.870000000000000000e+02 2.471316702909067686e+00
7.875000000000000000e+02 2.471190473887165062e+00
7.880000000000000000e+02 2.471076867767453056e+00
7.885000000000000000e+02 2.470963261647740605e+00
7.890000000000000000e+02 2.470837032625838425e+00
7.895000000000000000e+02 2.470723426506125975e+00
7.900000000000000000e+02 2.470597197484223351e+00
7.905000000000000000e+02 2.470483591364511344e+00
7.910000000000000000e+02 2.470357362342608720e+00
7.915000000000000000e+02 2.470243756222896714e+00
7.920000000000000000e+02 2.470130150103184263e+00
7.925000000000000000e+02 2.470003921081281639e+00
7.930000000000000000e+02 2.469890314961569633e+00
7.935000000000000000e+02 2.469764085939667009e+00
7.940000000000000000e+02 2.469650479819955002e+00
7.945000000000000000e+02 2.469524250798052378e+00
7.950000000000000000e+02 2.469410644678340372e+00
7.960000000000000000e+02 2.469170809536725297e+00
7.965000000000000000e+02 2.469057203417013291e+00
7.970000000000000000e+02 2.468930974395110667e+00
7.975000000000000000e+02 2.468817368275398660e+00
7.980000000000000000e+02 2.468703762155686210e+00
7.985000000000000000e+02 2.468577533133783586e+00
7.990000000000000000e+02 2.468463927014071579e+00
8.000000000000000000e+02 2.468224091872456949e+00
8.005000000000000000e+02 2.468110485752744498e+00
8.010000000000000000e+02 2.467996879633032492e+00
8.015000000000000000e+02 2.467870650611129868e+00
8.020000000000000000e+02 2.467757044491417417e+00
8.025000000000000000e+02 2.467643438371705411e+00
8.030000000000000000e+02 2.467529832251992961e+00
8.035000000000000000e+02 2.467403603230090781e+00
8.040000000000000000e+02 2.467289997110378330e+00
8.045000000000000000e+02 2.467176390990666324e+00
8.050000000000000000e+02 2.467062784870953873e+00
8.055000000000000000e+02 2.466949178751241423e+00
8.060000000000000000e+02 2.466835572631529416e+00
8.065000000000000000e+02 2.466721966511816966e+00
8.070000000000000000e+02 2.466608360392104959e+00
8.075000000000000000e+02 2.466494754272392509e+00
8.080000000000000000e+02 2.466381148152680503e+00
8.085000000000000000e+02 2.466267542032968052e+00
8.090000000000000000e+02 2.466153935913256046e+00
8.095000000000000000e+02 2.466040329793543595e+00
8.100000000000000000e+02 2.465926723673831589e+00
8.105000000000000000e+02 2.465813117554119138e+00
8.110000000000000000e+02 2.465699511434407132e+00
8.115000000000000000e+02 2.465585905314694681e+00
8.125000000000000000e+02 2.465371315977460398e+00
8.130000000000000000e+02 2.465257709857748392e+00
8.135000000000000000e+02 2.465144103738035941e+00
8.140000000000000000e+02 2.465043120520514108e+00
8.145000000000000000e+02 2.464929514400801658e+00
8.150000000000000000e+02 2.464815908281089651e+00
8.155000000000000000e+02 2.464714925063567819e+00
8.160000000000000000e+02 2.464601318943855368e+00
8.165000000000000000e+02 2.464500335726333535e+00
8.170000000000000000e+02 2.464386729606621085e+00
8.175000000000000000e+02 2.464285746389099252e+00
8.180000000000000000e+02 2.464184763171576975e+00
8.185000000000000000e+02 2.464071157051864969e+00
8.190000000000000000e+02 2.463970173834343136e+00
8.195000000000000000e+02 2.463869190616820859e+00
8.200000000000000000e+02 2.463755584497108853e+00
8.205000000000000000e+02 2.463654601279586576e+00
8.210000000000000000e+02 2.463553618062064743e+00
8.215000000000000000e+02 2.463452634844542910e+00
8.220000000000000000e+02 2.463351651627020633e+00
8.225000000000000000e+02 2.463250668409498800e+00
8.240000000000000000e+02 2.462947718756932858e+00
8.245000000000000000e+02 2.462846735539410581e+00
8.250000000000000000e+02 2.462745752321888748e+00
8.255000000000000000e+02 2.462644769104366915e+00
8.260000000000000000e+02 2.462543785886844638e+00
8.265000000000000000e+02 2.462442802669322806e+00
8.270000000000000000e+02 2.462354442353991146e+00
8.275000000000000000e+02 2.462253459136468869e+00
8.280000000000000000e+02 2.462152475918947037e+00
8.285000000000000000e+02 2.462064115603615377e+00
8.290000000000000000e+02 2.461963132386093545e+00
8.300000000000000000e+02 2.461773788853239608e+00
8.305000000000000000e+02 2.461685428537907949e+00
8.310000000000000000e+02 2.461584445320385672e+00
8.315000000000000000e+02 2.461496085005054013e+00
8.320000000000000000e+02 2.461395101787532180e+00
8.325000000000000000e+02 2.461306741472200521e+00
8.330000000000000000e+02 2.461218381156868862e+00
8.335000000000000000e+02 2.461130020841536759e+00
8.340000000000000000e+02 2.461041660526205099e+00
8.345000000000000000e+02 2.460940677308683266e+00
8.350000000000000000e+02 2.460852316993351607e+00
8.355000000000000000e+02 2.460763956678019504e+00
8.360000000000000000e+02 2.460675596362687845e+00
8.365000000000000000e+02 2.460587236047356186e+00
8.370000000000000000e+02 2.460511498634214700e+00
8.375000000000000000e+02 2.460423138318883041e+00
8.380000000000000000e+02 2.460334778003551381e+00
8.385000000000000000e+02 2.460246417688219722e+00
8.390000000000000000e+02 2.460158057372887619e+00
8.395000000000000000e+02 2.460082319959746133e+00
8.400000000000000000e+02 2.459993959644414474e+00
8.405000000000000000e+02 2.459905599329082815e+00
8.410000000000000000e+02 2.459829861915941329e+00
8.415000000000000000e+02 2.459741501600609670e+00
8.420000000000000000e+02 2.459665764187468184e+00
8.425000000000000000e+02 2.459577403872136525e+00
8.430000000000000000e+02 2.459501666458995039e+00
8.435000000000000000e+02 2.459425929045853554e+00
8.440000000000000000e+02 2.459337568730521451e+00
8.445000000000000000e+02 2.459261831317379965e+00
8.450000000000000000e+02 2.459186093904238479e+00
8.455000000000000000e+02 2.459110356491096994e+00
8.460000000000000000e+02 2.459034619077955508e+00
8.465000000000000000e+02 2.458958881664814022e+00
8.470000000000000000e+02 2.458883144251672537e+00
8.475000000000000000e+02 2.458807406838531051e+00
8.480000000000000000e+02 2.458731669425389565e+00
8.485000000000000000e+02 2.458655932012248080e+00
8.490000000000000000e+02 2.458580194599106594e+00
8.495000000000000000e+02 2.458504457185965109e+00
8.505000000000000000e+02 2.458365605261872311e+00
8.510000000000000000e+02 2.458289867848730825e+00
8.520000000000000000e+02 2.458151015924638028e+00
8.525000000000000000e+02 2.458075278511496542e+00
8.530000000000000000e+02 2.458012164000545674e+00
8.540000000000000000e+02 2.457873312076452876e+00
8.545000000000000000e+02 2.457810197565501564e+00
8.550000000000000000e+02 2.457734460152360079e+00
8.555000000000000000e+02 2.457671345641408767e+00
8.560000000000000000e+02 2.457608231130457455e+00
8.565000000000000000e+02 2.457545116619506143e+00
8.570000000000000000e+02 2.457482002108554830e+00
8.575000000000000000e+02 2.457418887597603963e+00
8.580000000000000000e+02 2.457355773086652651e+00
8.585000000000000000e+02 2.457292658575701338e+00
8.590000000000000000e+02 2.457229544064750026e+00
8.595000000000000000e+02 2.457166429553798714e+00
8.600000000000000000e+02 2.457103315042847402e+00
8.605000000000000000e+02 2.457040200531896090e+00
8.610000000000000000e+02 2.456977086020945222e+00
8.615000000000000000e+02 2.456926594412184084e+00
8.620000000000000000e+02 2.456863479901232772e+00
8.625000000000000000e+02 2.456800365390281460e+00
8.630000000000000000e+02 2.456749873781520765e+00
8.635000000000000000e+02 2.456686759270569453e+00
8.640000000000000000e+02 2.456636267661808315e+00
8.645000000000000000e+02 2.456573153150857003e+00
8.650000000000000000e+02 2.456522661542096309e+00
8.655000000000000000e+02 2.456472169933335170e+00
8.660000000000000000e+02 2.456409055422383858e+00
8.665000000000000000e+02 2.456358563813622720e+00
8.670000000000000000e+02 2.456308072204862025e+00
8.675000000000000000e+02 2.456257580596100887e+00
8.680000000000000000e+02 2.456207088987339748e+00
8.685000000000000000e+02 2.456156597378579054e+00
8.695000000000000000e+02 2.456055614161056777e+00
8.700000000000000000e+02 2.456005122552296083e+00
8.705000000000000000e+02 2.455954630943534944e+00
8.710000000000000000e+02 2.455904139334773806e+00
8.715000000000000000e+02 2.455853647726013111e+00
8.720000000000000000e+02 2.455803156117251973e+00
8.725000000000000000e+02 2.455765287410681008e+00
8.730000000000000000e+02 2.455714795801920314e+00
8.735000000000000000e+02 2.455664304193159175e+00
8.740000000000000000e+02 2.455626435486588655e+00
8.745000000000000000e+02 2.455575943877827516e+00
8.750000000000000000e+02 2.455538075171256551e+00
8.755000000000000000e+02 2.455487583562495857e+00
8.760000000000000000e+02 2.455449714855924892e+00
8.765000000000000000e+02 2.455399223247163754e+00
8.770000000000000000e+02 2.455361354540593233e+00
8.775000000000000000e+02 2.455323485834022268e+00
8.780000000000000000e+02 2.455285617127451747e+00
8.785000000000000000e+02 2.455235125518690609e+00
8.790000000000000000e+02 2.455197256812120088e+00
8.795000000000000000e+02 2.455159388105549123e+00
8.800000000000000000e+02 2.455121519398978602e+00
8.805000000000000000e+02 2.455083650692407637e+00
8.810000000000000000e+02 2.455045781985837117e+00
8.815000000000000000e+02 2.455007913279266152e+00
8.820000000000000000e+02 2.454970044572695631e+00
8.830000000000000000e+02 2.454906930061744319e+00
8.835000000000000000e+02 2.454869061355173354e+00
8.840000000000000000e+02 2.454831192648602833e+00
8.845000000000000000e+02 2.454805946844222042e+00
8.850000000000000000e+02 2.454768078137651521e+00
8.855000000000000000e+02 2.454730209431080556e+00
8.860000000000000000e+02 2.454704963626700209e+00
8.865000000000000000e+02 2.454667094920129689e+00
8.870000000000000000e+02 2.454641849115748897e+00
8.880000000000000000e+02 2.454578734604797585e+00
8.885000000000000000e+02 2.454553488800417238e+00
8.890000000000000000e+02 2.454528242996036891e+00
8.895000000000000000e+02 2.454490374289465926e+00
8.900000000000000000e+02 2.454465128485085579e+00
8.905000000000000000e+02 2.454439882680705232e+00
8.910000000000000000e+02 2.454414636876324440e+00
8.915000000000000000e+02 2.454389391071944093e+00
8.920000000000000000e+02 2.454364145267563746e+00
8.925000000000000000e+02 2.454338899463182955e+00
8.930000000000000000e+02 2.454313653658802608e+00
8.935000000000000000e+02 2.454288407854422260e+00
8.940000000000000000e+02 2.454263162050041469e+00
8.945000000000000000e+02 2.454237916245661122e+00
8.950000000000000000e+02 2.454212670441280775e+00
8.955000000000000000e+02 2.454200047539090157e+00
8.960000000000000000e+02 2.454174801734709810e+00
8.965000000000000000e+02 2.454149555930329463e+00
8.970000000000000000e+02 2.454136933028139289e+00
8.975000000000000000e+02 2.454111687223758498e+00
8.980000000000000000e+02 2.454099064321568324e+00
8.985000000000000000e+02 2.454073818517187977e+00
8.990000000000000000e+02 2.454061195614997359e+00
8.995000000000000000e+02 2.454035949810617012e+00
9.000000000000000000e+02 2.454023326908426839e+00
9.010000000000000000e+02 2.453985458201855874e+00
9.015000000000000000e+02 2.453972835299665700e+00
9.020000000000000000e+02 2.453960212397475527e+00
9.025000000000000000e+02 2.453947589495285353e+00
9.030000000000000000e+02 2.453922343690905006e+00
9.035000000000000000e+02 2.453909720788714388e+00
9.040000000000000000e+02 2.453897097886524215e+00
9.045000000000000000e+02 2.453884474984334041e+00
9.050000000000000000e+02 2.453871852082143867e+00
9.055000000000000000e+02 2.453859229179953694e+00
9.060000000000000000e+02 2.453846606277763520e+00
9.070000000000000000e+02 2.453833983375572902e+00
9.075000000000000000e+02 2.453821360473382729e+00
9.080000000000000000e+02 2.453808737571192555e+00
9.085000000000000000e+02 2.453796114669002382e+00
9.090000000000000000e+02 2.453796114669002382e+00
9.095000000000000000e+02 2.453783491766812208e+00
9.100000000000000000e+02 2.453770868864622035e+00
9.105000000000000000e+02 2.453770868864622035e+00
9.110000000000000000e+02 2.453758245962431417e+00
9.115000000000000000e+02 2.453758245962431417e+00
9.120000000000000000e+02 2.453745623060241243e+00
9.125000000000000000e+02 2.453745623060241243e+00
9.130000000000000000e+02 2.453745623060241243e+00
9.135000000000000000e+02 2.453733000158051070e+00
9.140000000000000000e+02 2.453733000158051070e+00
9.145000000000000000e+02 2.453733000158051070e+00
9.150000000000000000e+02 2.453720377255860896e+00
9.155000000000000000e+02 2.453720377255860896e+00
9.160000000000000000e+02 2.453720377255860896e+00
9.165000000000000000e+02 2.453720377255860896e+00
9.170000000000000000e+02 2.453720377255860896e+00
9.175000000000000000e+02 2.453720377255860896e+00
9.180000000000000000e+02 2.453720377255860896e+00
9.185000000000000000e+02 2.453720377255860896e+00
9.190000000000000000e+02 2.453720377255860896e+00
9.195000000000000000e+02 2.453720377255860896e+00
9.200000000000000000e+02 2.453720377255860896e+00
9.205000000000000000e+02 2.453720377255860896e+00
9.210000000000000000e+02 2.453720377255860896e+00
9.215000000000000000e+02 2.453720377255860896e+00
9.220000000000000000e+02 2.453733000158051070e+00
9.225000000000000000e+02 2.453733000158051070e+00
9.230000000000000000e+02 2.453733000158051070e+00
9.235000000000000000e+02 2.453745623060241243e+00
9.240000000000000000e+02 2.453745623060241243e+00
9.245000000000000000e+02 2.453745623060241243e+00
9.250000000000000000e+02 2.453758245962431417e+00
9.255000000000000000e+02 2.453758245962431417e+00
9.260000000000000000e+02 2.453770868864622035e+00
9.265000000000000000e+02 2.453770868864622035e+00
9.270000000000000000e+02 2.453783491766812208e+00
9.280000000000000000e+02 2.453796114669002382e+00
9.285000000000000000e+02 2.453808737571192555e+00
9.290000000000000000e+02 2.453808737571192555e+00
9.295000000000000000e+02 2.453821360473382729e+00
9.300000000000000000e+02 2.453833983375572902e+00
9.305000000000000000e+02 2.453846606277763520e+00
9.310000000000000000e+02 2.453859229179953694e+00
9.315000000000000000e+02 2.453859229179953694e+00
9.320000000000000000e+02 2.453871852082143867e+00
9.325000000000000000e+02 2.453884474984334041e+00
9.330000000000000000e+02 2.453897097886524215e+00
9.335000000000000000e+02 2.453909720788714388e+00
9.340000000000000000e+02 2.453922343690905006e+00
9.345000000000000000e+02 2.453934966593095179e+00
9.350000000000000000e+02 2.453947589495285353e+00
9.355000000000000000e+02 2.453960212397475527e+00
9.360000000000000000e+02 2.453972835299665700e+00
9.365000000000000000e+02 2.453985458201855874e+00
9.375000000000000000e+02 2.454023326908426839e+00
9.380000000000000000e+02 2.454035949810617012e+00
9.385000000000000000e+02 2.454048572712807186e+00
9.390000000000000000e+02 2.454061195614997359e+00
9.395000000000000000e+02 2.454086441419378151e+00
9.400000000000000000e+02 2.454099064321568324e+00
9.405000000000000000e+02 2.454111687223758498e+00
9.410000000000000000e+02 2.454136933028139289e+00
9.415000000000000000e+02 2.454149555930329463e+00
9.420000000000000000e+02 2.454162178832519636e+00
9.425000000000000000e+02 2.454187424636899983e+00
9.430000000000000000e+02 2.454200047539090157e+00
9.435000000000000000e+02 2.454225293343470948e+00
9.440000000000000000e+02 2.454237916245661122e+00
9.445000000000000000e+02 2.454263162050041469e+00
9.450000000000000000e+02 2.454275784952231643e+00
9.455000000000000000e+02 2.454301030756612434e+00
9.460000000000000000e+02 2.454326276560992781e+00
9.465000000000000000e+02 2.454338899463182955e+00
9.470000000000000000e+02 2.454364145267563746e+00
9.475000000000000000e+02 2.454389391071944093e+00
9.480000000000000000e+02 2.454402013974134267e+00
9.485000000000000000e+02 2.454427259778514614e+00
9.490000000000000000e+02 2.454452505582895405e+00
9.495000000000000000e+02 2.454465128485085579e+00
9.500000000000000000e+02 2.454490374289465926e+00
9.505000000000000000e+02 2.454515620093846717e+00
9.510000000000000000e+02 2.454540865898227064e+00
9.515000000000000000e+02 2.454566111702607412e+00
9.525000000000000000e+02 2.454603980409178376e+00
9.530000000000000000e+02 2.454629226213558724e+00
9.535000000000000000e+02 2.454654472017939071e+00
9.540000000000000000e+02 2.454679717822319862e+00
9.545000000000000000e+02 2.454704963626700209e+00
9.550000000000000000e+02 2.454730209431080556e+00
9.555000000000000000e+02 2.454755455235461348e+00
9.560000000000000000e+02 2.454780701039841695e+00
9.565000000000000000e+02 2.454805946844222042e+00
9.570000000000000000e+02 2.454831192648602833e+00
9.575000000000000000e+02 2.454856438452983181e+00
9.580000000000000000e+02 2.454881684257363972e+00
9.585000000000000000e+02 2.454906930061744319e+00
9.590000000000000000e+02 2.454932175866124666e+00
9.595000000000000000e+02 2.454957421670505457e+00
9.600000000000000000e+02 2.454982667474885805e+00
9.605000000000000000e+02 2.455020536181456325e+00
9.610000000000000000e+02 2.455045781985837117e+00
9.615000000000000000e+02 2.455071027790217464e+00
9.620000000000000000e+02 2.455096273594597811e+00
9.625000000000000000e+02 2.455121519398978602e+00
9.630000000000000000e+02 2.455146765203358949e+00
9.635000000000000000e+02 2.455184633909929914e+00
9.640000000000000000e+02 2.455209879714310262e+00
9.645000000000000000e+02 2.455235125518690609e+00
9.650000000000000000e+02 2.455260371323071400e+00
9.655000000000000000e+02 2.455298240029641921e+00
9.660000000000000000e+02 2.455323485834022268e+00
9.665000000000000000e+02 2.455348731638403059e+00
9.670000000000000000e+02 2.455373977442783406e+00
9.675000000000000000e+02 2.455411846149354371e+00
9.680000000000000000e+02 2.455437091953734718e+00
9.685000000000000000e+02 2.455462337758115066e+00
9.690000000000000000e+02 2.455500206464686030e+00
9.695000000000000000e+02 2.455525452269066378e+00
9.700000000000000000e+02 2.455550698073446725e+00
9.705000000000000000e+02 2.455575943877827516e+00
9.710000000000000000e+02 2.455613812584398037e+00
9.715000000000000000e+02 2.455639058388778828e+00
9.720000000000000000e+02 2.455664304193159175e+00
9.725000000000000000e+02 2.455702172899730140e+00
9.730000000000000000e+02 2.455727418704110487e+00
9.740000000000000000e+02 2.455790533215061799e+00
9.745000000000000000e+02 2.455815779019442147e+00
9.750000000000000000e+02 2.455853647726013111e+00
9.755000000000000000e+02 2.455878893530393459e+00
9.760000000000000000e+02 2.455904139334773806e+00
9.765000000000000000e+02 2.455942008041344771e+00
9.770000000000000000e+02 2.455967253845725118e+00
9.775000000000000000e+02 2.455992499650105465e+00
9.780000000000000000e+02 2.456030368356676430e+00
9.785000000000000000e+02 2.456055614161056777e+00
9.790000000000000000e+02 2.456080859965437568e+00
9.795000000000000000e+02 2.456118728672008089e+00
9.800000000000000000e+02 2.456143974476388436e+00
9.805000000000000000e+02 2.456169220280769228e+00
9.810000000000000000e+02 2.456207088987339748e+00
9.815000000000000000e+02 2.456232334791720540e+00
9.820000000000000000e+02 2.456257580596100887e+00
9.825000000000000000e+02 2.456295449302671408e+00
9.830000000000000000e+02 2.456320695107052199e+00
9.835000000000000000e+02 2.456345940911432546e+00
9.840000000000000000e+02 2.456383809618003511e+00
9.845000000000000000e+02 2.456409055422383858e+00
9.850000000000000000e+02 2.456434301226764205e+00
9.860000000000000000e+02 2.456497415737715517e+00
9.865000000000000000e+02 2.456522661542096309e+00
9.870000000000000000e+02 2.456547907346476656e+00
9.875000000000000000e+02 2.456573153150857003e+00
9.880000000000000000e+02 2.456611021857427968e+00
9.885000000000000000e+02 2.456636267661808315e+00
9.890000000000000000e+02 2.456661513466188662e+00
9.895000000000000000e+02 2.456686759270569453e+00
9.900000000000000000e+02 2.456712005074949801e+00
9.905000000000000000e+02 2.456749873781520765e+00
9.910000000000000000e+02 2.456775119585901113e+00
9.915000000000000000e+02 2.456800365390281460e+00
9.920000000000000000e+02 2.456825611194662251e+00
9.925000000000000000e+02 2.456850856999042598e+00
9.930000000000000000e+02 2.456876102803422945e+00
9.935000000000000000e+02 2.456901348607803737e+00
9.940000000000000000e+02 2.456926594412184084e+00
9.945000000000000000e+02 2.456951840216564431e+00
9.950000000000000000e+02 2.456977086020945222e+00
9.955000000000000000e+02 2.457002331825325570e+00
9.960000000000000000e+02 2.457027577629705917e+00
9.965000000000000000e+02 2.457052823434086708e+00
9.970000000000000000e+02 2.457078069238467055e+00
9.975000000000000000e+02 2.457103315042847402e+00
9.980000000000000000e+02 2.457128560847228194e+00
9.985000000000000000e+02 2.457153806651608541e+00
9.990000000000000000e+02 2.457166429553798714e+00
9.995000000000000000e+02 2.457191675358179506e+00
1.000000000000000000e+03 2.457216921162559853e+00
1.000500000000000000e+03 2.457242166966940200e+00
1.001000000000000000e+03 2.457254789869130374e+00
1.001500000000000000e+03 2.457280035673511165e+00
1.002000000000000000e+03 2.457305281477891512e+00
1.002500000000000000e+03 2.457317904380081686e+00
1.003000000000000000e+03 2.457343150184462477e+00
1.003500000000000000e+03 2.457368395988842824e+00
1.004000000000000000e+03 2.457381018891032998e+00
1.004500000000000000e+03 2.457406264695413345e+00
1.005000000000000000e+03 2.457418887597603963e+00
1.005500000000000000e+03 2.457444133401984310e+00
1.006000000000000000e+03 2.457456756304174483e+00
1.006500000000000000e+03 2.457469379206364657e+00
1.007000000000000000e+03 2.457494625010745448e+00
1.007500000000000000e+03 2.457507247912935622e+00
1.008000000000000000e+03 2.457519870815125795e+00
1.008500000000000000e+03 2.457545116619506143e+00
1.009000000000000000e+03 2.457557739521696316e+00
1.009500000000000000e+03 2.457570362423886934e+00
1.010000000000000000e+03 2.457582985326077107e+00
1.010500000000000000e+03 2.457595608228267281e+00
1.011000000000000000e+03 2.457608231130457455e+00
1.011500000000000000e+03 2.457620854032647628e+00
1.012000000000000000e+03 2.457633476934837802e+00
1.012500000000000000e+03 2.457646099837028419e+00
1.013000000000000000e+03 2.457658722739218593e+00
1.013500000000000000e+03 2.457671345641408767e+00
1.014000000000000000e+03 2.457683968543598940e+00
1.014500000000000000e+03 2.457696591445789114e+00
1.015000000000000000e+03 2.457696591445789114e+00
1.015500000000000000e+03 2.457709214347979287e+00
1.016000000000000000e+03 2.457721837250169905e+00
1.016500000000000000e+03 2.457721837250169905e+00
1.017000000000000000e+03 2.457734460152360079e+00
1.017500000000000000e+03 2.457747083054550252e+00
1.018000000000000000e+03 2.457747083054550252e+00
1.018500000000000000e+03 2.457747083054550252e+00
1.019000000000000000e+03 2.457759705956740426e+00
1.019500000000000000e+03 2.457759705956740426e+00
1.020000000000000000e+03 2.457772328858930599e+00
1.020500000000000000e+03 2.457772328858930599e+00
1.021000000000000000e+03 2.457772328858930599e+00
1.021500000000000000e+03 2.457772328858930599e+00
1.022000000000000000e+03 2.457772328858930599e+00
1.022500000000000000e+03 2.457772328858930599e+00
1.023000000000000000e+03 2.457772328858930599e+00
1.023500000000000000e+03 2.457772328858930599e+00
1.024000000000000000e+03 2.457772328858930599e+00
