6.105000000000000000e+02 2.641713259575236616e+00
6.110000000000000000e+02 2.641473424433621986e+00
6.115000000000000000e+02 2.641132606074485079e+00
6.120000000000000000e+02 2.640728673204397303e+00
6.125000000000000000e+02 2.640286871627738563e+00
6.130000000000000000e+02 2.639807201344509302e+00
6.135000000000000000e+02 2.639289662354709076e+00
6.140000000000000000e+02 2.638772123364908850e+00
6.145000000000000000e+02 2.638216715668537660e+00
6.150000000000000000e+02 2.637661307972166913e+00
6.155000000000000000e+02 2.637093277373605549e+00
6.160000000000000000e+02 2.636512623872854011e+00
6.165000000000000000e+02 2.635919347469912299e+00
6.170000000000000000e+02 2.635326071066970588e+00
6.175000000000000000e+02 2.634720171761838703e+00
6.185000000000000000e+02 2.633508373151574933e+00
6.190000000000000000e+02 2.632902473846443048e+00
6.195000000000000000e+02 2.632283951639120989e+00
6.200000000000000000e+02 2.631665429431798486e+00
6.205000000000000000e+02 2.631046907224476428e+00
6.210000000000000000e+02 2.630428385017154369e+00
6.215000000000000000e+02 2.629797239907641693e+00
6.220000000000000000e+02 2.629178717700319634e+00
6.225000000000000000e+02 2.628547572590806958e+00
6.230000000000000000e+02 2.627929050383484899e+00
6.235000000000000000e+02 2.627297905273972667e+00
6.240000000000000000e+02 2.626679383066650164e+00
6.245000000000000000e+02 2.626048237957137932e+00
6.250000000000000000e+02 2.625429715749815873e+00
6.255000000000000000e+02 2.624798570640303197e+00
6.260000000000000000e+02 2.624180048432981138e+00
6.265000000000000000e+02 2.623548903323468462e+00
6.270000000000000000e+02 2.622930381116146403e+00
6.275000000000000000e+02 2.622299236006634171e+00
6.280000000000000000e+02 2.621680713799311668e+00
6.285000000000000000e+02 2.621062191591989610e+00
6.290000000000000000e+02 2.620443669384667551e+00
6.295000000000000000e+02 2.619825147177345048e+00
6.305000000000000000e+02 2.618588102762700931e+00
6.310000000000000000e+02 2.617969580555378428e+00
6.315000000000000000e+02 2.617351058348056370e+00
6.320000000000000000e+02 2.616732536140734311e+00
6.325000000000000000e+02 2.616126636835602426e+00
6.330000000000000000e+02 2.615508114628279923e+00
6.335000000000000000e+02 2.614902215323148038e+00
6.340000000000000000e+02 2.614296316018016153e+00
6.345000000000000000e+02 2.613690416712884268e+00
6.350000000000000000e+02 2.613084517407752383e+00
6.355000000000000000e+02 2.612478618102620498e+00
6.360000000000000000e+02 2.611872718797488613e+00
6.365000000000000000e+02 2.611266819492356284e+00
6.370000000000000000e+02 2.610673543089414572e+00
6.375000000000000000e+02 2.610067643784282687e+00
6.380000000000000000e+02 2.609474367381340976e+00
6.385000000000000000e+02 2.608881090978399264e+00
6.390000000000000000e+02 2.608287814575457553e+00
6.395000000000000000e+02 2.607694538172516285e+00
6.400000000000000000e+02 2.607101261769574574e+00
6.405000000000000000e+02 2.606520608268823036e+00
6.410000000000000000e+02 2.605927331865881325e+00
6.415000000000000000e+02 2.605346678365129787e+00
6.420000000000000000e+02 2.604766024864378249e+00
6.425000000000000000e+02 2.604185371363626711e+00
6.430000000000000000e+02 2.603604717862875617e+00
6.435000000000000000e+02 2.603024064362124079e+00
6.440000000000000000e+02 2.602443410861372541e+00
6.445000000000000000e+02 2.601875380262811177e+00
6.450000000000000000e+02 2.601307349664250257e+00
6.455000000000000000e+02 2.600726696163498719e+00
6.460000000000000000e+02 2.600158665564937355e+00
6.465000000000000000e+02 2.599590634966376435e+00
6.470000000000000000e+02 2.599035227270005244e+00
6.475000000000000000e+02 2.598467196671444324e+00
6.480000000000000000e+02 2.597911788975073133e+00
6.485000000000000000e+02 2.597343758376512213e+00
6.490000000000000000e+02 2.596788350680141022e+00
6.495000000000000000e+02 2.596232942983770275e+00
6.500000000000000000e+02 2.595677535287399085e+00
6.505000000000000000e+02 2.595122127591028338e+00
6.510000000000000000e+02 2.594579342796847321e+00
6.515000000000000000e+02 2.594023935100476574e+00
6.520000000000000000e+02 2.593481150306296001e+00
6.525000000000000000e+02 2.592938365512114984e+00
6.530000000000000000e+02 2.592395580717934411e+00
6.535000000000000000e+02 2.591852795923753838e+00
6.540000000000000000e+02 2.591322634031763439e+00
6.545000000000000000e+02 2.590779849237582866e+00
6.550000000000000000e+02 2.590249687345592022e+00
6.560000000000000000e+02 2.589176740659421050e+00
6.565000000000000000e+02 2.588659201669620824e+00
6.570000000000000000e+02 2.588129039777630425e+00
6.575000000000000000e+02 2.587598877885640025e+00
6.580000000000000000e+02 2.587081338895839799e+00
6.585000000000000000e+02 2.586563799906039574e+00
6.590000000000000000e+02 2.586046260916239348e+00
6.595000000000000000e+02 2.585528721926439122e+00
6.600000000000000000e+02 2.585011182936638896e+00
6.605000000000000000e+02 2.584493643946838670e+00
6.610000000000000000e+02 2.583988727859228618e+00
6.615000000000000000e+02 2.583471188869428392e+00
6.620000000000000000e+02 2.582966272781818784e+00
6.625000000000000000e+02 2.582461356694208732e+00
6.635000000000000000e+02 2.581464147421178801e+00
6.640000000000000000e+02 2.580959231333569193e+00
6.645000000000000000e+02 2.580466938148149314e+00
6.650000000000000000e+02 2.579974644962729435e+00
6.655000000000000000e+02 2.579482351777310001e+00
6.660000000000000000e+02 2.578990058591890122e+00
6.665000000000000000e+02 2.578497765406470688e+00
6.670000000000000000e+02 2.578018095123240983e+00
6.675000000000000000e+02 2.577525801937821548e+00
6.680000000000000000e+02 2.577046131654591843e+00
6.685000000000000000e+02 2.576566461371362582e+00
6.690000000000000000e+02 2.576086791088132877e+00
6.695000000000000000e+02 2.575619743707093789e+00
6.700000000000000000e+02 2.575140073423864528e+00
6.705000000000000000e+02 2.574673026042824997e+00
6.710000000000000000e+02 2.574205978661785910e+00
6.715000000000000000e+02 2.573738931280746822e+00
6.720000000000000000e+02 2.573271883899707735e+00
6.725000000000000000e+02 2.572804836518668203e+00
6.730000000000000000e+02 2.572350412039819290e+00
6.735000000000000000e+02 2.571883364658780202e+00
6.740000000000000000e+02 2.571428940179931288e+00
6.745000000000000000e+02 2.570974515701082375e+00
6.750000000000000000e+02 2.570520091222233461e+00
6.760000000000000000e+02 2.569623865166725807e+00
6.765000000000000000e+02 2.569182063590067067e+00
6.775000000000000000e+02 2.568298460436749586e+00
6.780000000000000000e+02 2.567856658860090846e+00
6.785000000000000000e+02 2.567414857283432106e+00
6.790000000000000000e+02 2.566985678608963539e+00
6.795000000000000000e+02 2.566543877032304799e+00
6.800000000000000000e+02 2.566114698357836232e+00
6.805000000000000000e+02 2.565685519683368110e+00
6.810000000000000000e+02 2.565268963911089717e+00
6.815000000000000000e+02 2.564839785236621150e+00
6.820000000000000000e+02 2.564423229464343201e+00
6.825000000000000000e+02 2.563994050789874635e+00
6.830000000000000000e+02 2.563577495017596242e+00
6.835000000000000000e+02 2.563160939245318293e+00
6.840000000000000000e+02 2.562757006375230073e+00
6.845000000000000000e+02 2.562340450602952124e+00
6.850000000000000000e+02 2.561936517732863905e+00
6.855000000000000000e+02 2.561532584862776130e+00
6.860000000000000000e+02 2.561128651992688354e+00
6.865000000000000000e+02 2.560724719122600135e+00
6.875000000000000000e+02 2.559929476284614314e+00
6.880000000000000000e+02 2.559538166316716712e+00
6.885000000000000000e+02 2.559146856348819110e+00
6.890000000000000000e+02 2.558755546380921508e+00
6.895000000000000000e+02 2.558364236413023463e+00
6.900000000000000000e+02 2.557985549347316034e+00
6.905000000000000000e+02 2.557606862281608606e+00
6.910000000000000000e+02 2.557228175215901178e+00
6.915000000000000000e+02 2.556849488150193750e+00
6.920000000000000000e+02 2.556470801084486322e+00
6.925000000000000000e+02 2.556092114018778894e+00
6.930000000000000000e+02 2.555726049855261639e+00
6.935000000000000000e+02 2.555359985691744384e+00
6.940000000000000000e+02 2.554993921528227130e+00
6.945000000000000000e+02 2.554627857364709875e+00
6.950000000000000000e+02 2.554274416103383238e+00
6.955000000000000000e+02 2.553908351939865984e+00
6.960000000000000000e+02 2.553554910678538903e+00
6.965000000000000000e+02 2.553201469417211822e+00
6.970000000000000000e+02 2.552860651058075359e+00
6.975000000000000000e+02 2.552507209796748278e+00
6.980000000000000000e+02 2.552166391437611370e+00
6.985000000000000000e+02 2.551825573078474907e+00
6.990000000000000000e+02 2.551484754719338000e+00
6.995000000000000000e+02 2.551143936360201536e+00
7.000000000000000000e+02 2.550803118001064629e+00
7.005000000000000000e+02 2.550474922544118339e+00
7.010000000000000000e+02 2.550146727087171605e+00
7.015000000000000000e+02 2.549818531630225316e+00
7.025000000000000000e+02 2.549174763618522466e+00
7.030000000000000000e+02 2.548859191063766350e+00
7.035000000000000000e+02 2.548543618509010233e+00
7.040000000000000000e+02 2.548228045954253673e+00
7.045000000000000000e+02 2.547912473399497557e+00
7.050000000000000000e+02 2.547609523746931615e+00
7.055000000000000000e+02 2.547306574094365672e+00
7.060000000000000000e+02 2.547003624441799730e+00
7.065000000000000000e+02 2.546700674789233787e+00
7.070000000000000000e+02 2.546410348038858018e+00
7.075000000000000000e+02 2.546107398386292076e+00
7.080000000000000000e+02 2.545817071635916307e+00
7.085000000000000000e+02 2.545539367787730711e+00
7.090000000000000000e+02 2.545249041037354942e+00
7.095000000000000000e+02 2.544971337189169791e+00
7.100000000000000000e+02 2.544693633340984196e+00
7.105000000000000000e+02 2.544415929492798600e+00
7.110000000000000000e+02 2.544138225644613449e+00
7.115000000000000000e+02 2.543873144698618027e+00
7.120000000000000000e+02 2.543595440850432432e+00
7.125000000000000000e+02 2.543330359904437454e+00
7.130000000000000000e+02 2.543077901860632206e+00
7.135000000000000000e+02 2.542812820914637228e+00
7.140000000000000000e+02 2.542560362870831980e+00
7.145000000000000000e+02 2.542307904827027176e+00
7.150000000000000000e+02 2.542055446783222372e+00
7.155000000000000000e+02 2.541815611641607298e+00
7.160000000000000000e+02 2.541575776499992667e+00
7.165000000000000000e+02 2.541335941358378037e+00
7.170000000000000000e+02 2.541096106216763406e+00
7.175000000000000000e+02 2.540856271075148332e+00
7.180000000000000000e+02 2.540629058835723875e+00
7.185000000000000000e+02 2.540401846596299418e+00
7.190000000000000000e+02 2.540174634356874961e+00
7.195000000000000000e+02 2.539960045019640678e+00
7.200000000000000000e+02 2.539745455682406838e+00
7.205000000000000000e+02 2.539530866345172555e+00
7.210000000000000000e+02 2.539316277007938272e+00
7.215000000000000000e+02 2.539114310572894162e+00
7.220000000000000000e+02 2.538912344137850052e+00
7.225000000000000000e+02 2.538710377702806387e+00
7.230000000000000000e+02 2.538508411267762277e+00
7.235000000000000000e+02 2.538319067734908341e+00
7.240000000000000000e+02 2.538129724202054849e+00
7.245000000000000000e+02 2.537940380669200913e+00
7.250000000000000000e+02 2.537751037136347421e+00
7.255000000000000000e+02 2.537574316505683658e+00
7.260000000000000000e+02 2.537397595875020340e+00
7.265000000000000000e+02 2.537220875244357021e+00
7.270000000000000000e+02 2.537056777515883432e+00
7.275000000000000000e+02 2.536892679787410287e+00
7.280000000000000000e+02 2.536728582058937143e+00
7.285000000000000000e+02 2.536564484330463998e+00
7.290000000000000000e+02 2.536413009504181026e+00
7.295000000000000000e+02 2.536261534677898055e+00
7.300000000000000000e+02 2.536110059851615084e+00
7.305000000000000000e+02 2.535958585025332113e+00
7.310000000000000000e+02 2.535819733101239315e+00
7.315000000000000000e+02 2.535680881177146517e+00
7.320000000000000000e+02 2.535554652155243893e+00
7.325000000000000000e+02 2.535415800231151096e+00
7.330000000000000000e+02 2.535289571209248916e+00
7.335000000000000000e+02 2.535163342187346291e+00
7.340000000000000000e+02 2.535049736067634285e+00
7.345000000000000000e+02 2.534936129947921835e+00
7.350000000000000000e+02 2.534822523828209384e+00
7.355000000000000000e+02 2.534708917708497378e+00
7.360000000000000000e+02 2.534607934490975545e+00
7.365000000000000000e+02 2.534506951273453268e+00
7.370000000000000000e+02 2.534405968055931435e+00
7.375000000000000000e+02 2.534304984838409602e+00
7.380000000000000000e+02 2.534216624523077499e+00
7.385000000000000000e+02 2.534128264207745840e+00
7.390000000000000000e+02 2.534052526794604354e+00
7.395000000000000000e+02 2.533964166479272695e+00
7.400000000000000000e+02 2.533888429066131209e+00
7.405000000000000000e+02 2.533812691652989724e+00
7.410000000000000000e+02 2.533749577142038412e+00
7.415000000000000000e+02 2.533686462631087100e+00
7.420000000000000000e+02 2.533623348120135788e+00
7.425000000000000000e+02 2.533560233609184920e+00
7.430000000000000000e+02 2.533509742000423781e+00
7.435000000000000000e+02 2.533459250391662643e+00
7.440000000000000000e+02 2.533408758782901948e+00
7.450000000000000000e+02 2.533320398467569845e+00
7.455000000000000000e+02 2.533282529760999324e+00
7.460000000000000000e+02 2.533257283956618533e+00
7.465000000000000000e+02 2.533219415250048012e+00
7.470000000000000000e+02 2.533194169445667665e+00
7.475000000000000000e+02 2.533168923641286874e+00
7.480000000000000000e+02 2.533156300739096700e+00
7.485000000000000000e+02 2.533143677836906527e+00
7.495000000000000000e+02 2.533118432032526179e+00
7.500000000000000000e+02 2.533105809130335562e+00
7.505000000000000000e+02 2.533105809130335562e+00
7.510000000000000000e+02 2.533105809130335562e+00
7.515000000000000000e+02 2.533105809130335562e+00
7.520000000000000000e+02 2.533118432032526179e+00
7.525000000000000000e+02 2.533131054934716353e+00
7.530000000000000000e+02 2.533143677836906527e+00
7.535000000000000000e+02 2.533156300739096700e+00
7.540000000000000000e+02 2.533181546543477047e+00
7.545000000000000000e+02 2.533206792347857839e+00
7.550000000000000000e+02 2.533232038152238186e+00
7.555000000000000000e+02 2.533257283956618533e+00
7.560000000000000000e+02 2.533295152663189498e+00
7.565000000000000000e+02 2.533333021369760019e+00
7.570000000000000000e+02 2.533370890076330983e+00
7.575000000000000000e+02 2.533408758782901948e+00
7.580000000000000000e+02 2.533459250391662643e+00
7.585000000000000000e+02 2.533509742000423781e+00
7.590000000000000000e+02 2.533560233609184920e+00
7.595000000000000000e+02 2.533610725217945614e+00
7.600000000000000000e+02 2.533673839728896926e+00
7.605000000000000000e+02 2.533724331337658064e+00
7.610000000000000000e+02 2.533787445848609376e+00
7.615000000000000000e+02 2.533850560359560244e+00
7.620000000000000000e+02 2.533926297772701730e+00
7.625000000000000000e+02 2.533989412283653042e+00
7.630000000000000000e+02 2.534065149696794528e+00
7.635000000000000000e+02 2.534140887109936013e+00
7.640000000000000000e+02 2.534229247425267673e+00
7.645000000000000000e+02 2.534304984838409602e+00
7.650000000000000000e+02 2.534393345153741262e+00
7.655000000000000000e+02 2.534481705469072921e+00
7.660000000000000000e+02 2.534570065784404580e+00
7.665000000000000000e+02 2.534658426099736239e+00
7.670000000000000000e+02 2.534759409317258516e+00
7.675000000000000000e+02 2.534847769632590175e+00
7.680000000000000000e+02 2.534948752850112008e+00
7.685000000000000000e+02 2.535049736067634285e+00
7.695000000000000000e+02 2.535264325404868124e+00
7.700000000000000000e+02 2.535377931524580575e+00
7.705000000000000000e+02 2.535478914742102408e+00
7.710000000000000000e+02 2.535592520861814858e+00
7.715000000000000000e+02 2.535718749883717038e+00
7.720000000000000000e+02 2.535832356003429489e+00
7.725000000000000000e+02 2.535945962123141939e+00
7.730000000000000000e+02 2.536072191145044119e+00
7.735000000000000000e+02 2.536198420166946743e+00
7.740000000000000000e+02 2.536324649188849367e+00
7.745000000000000000e+02 2.536450878210751547e+00
7.750000000000000000e+02 2.536577107232654171e+00
7.755000000000000000e+02 2.536715959156746969e+00
7.765000000000000000e+02 2.536981040102741947e+00
7.770000000000000000e+02 2.537119892026834744e+00
7.775000000000000000e+02 2.537258743950927542e+00
7.780000000000000000e+02 2.537410218777210513e+00
7.785000000000000000e+02 2.537549070701303311e+00
7.795000000000000000e+02 2.537839397451679080e+00
7.800000000000000000e+02 2.537990872277962051e+00
7.805000000000000000e+02 2.538142347104245022e+00
7.810000000000000000e+02 2.538293821930527994e+00
7.815000000000000000e+02 2.538445296756810965e+00
7.820000000000000000e+02 2.538609394485284110e+00
7.825000000000000000e+02 2.538760869311567081e+00
7.830000000000000000e+02 2.538924967040040670e+00
7.835000000000000000e+02 2.539076441866323641e+00
7.840000000000000000e+02 2.539240539594796786e+00
7.845000000000000000e+02 2.539404637323269931e+00
7.850000000000000000e+02 2.539568735051743076e+00
7.855000000000000000e+02 2.539732832780216221e+00
7.860000000000000000e+02 2.539909553410879983e+00
7.865000000000000000e+02 2.540073651139353128e+00
7.875000000000000000e+02 2.540414469498490035e+00
7.880000000000000000e+02 2.540591190129153354e+00
7.885000000000000000e+02 2.540767910759816672e+00
7.890000000000000000e+02 2.540944631390480435e+00
7.895000000000000000e+02 2.541121352021143753e+00
7.900000000000000000e+02 2.541298072651807072e+00
7.905000000000000000e+02 2.541474793282470834e+00
7.910000000000000000e+02 2.541651513913134153e+00
7.915000000000000000e+02 2.541840857445988089e+00
7.920000000000000000e+02 2.542017578076651407e+00
7.925000000000000000e+02 2.542206921609505343e+00
7.930000000000000000e+02 2.542383642240168662e+00
7.935000000000000000e+02 2.542572985773022154e+00
7.940000000000000000e+02 2.542762329305876090e+00
7.945000000000000000e+02 2.542951672838730026e+00
7.950000000000000000e+02 2.543141016371583518e+00
7.955000000000000000e+02 2.543330359904437454e+00
7.960000000000000000e+02 2.543519703437290946e+00
7.965000000000000000e+02 2.543709046970144882e+00
7.970000000000000000e+02 2.543911013405188548e+00
7.975000000000000000e+02 2.544100356938042484e+00
7.980000000000000000e+02 2.544289700470896420e+00
7.985000000000000000e+02 2.544491666905940086e+00
7.990000000000000000e+02 2.544693633340984196e+00
7.995000000000000000e+02 2.544882976873838132e+00
8.000000000000000000e+02 2.545084943308881797e+00
8.005000000000000000e+02 2.545286909743925907e+00
8.010000000000000000e+02 2.545476253276779399e+00
8.015000000000000000e+02 2.545678219711823509e+00
8.020000000000000000e+02 2.545880186146867619e+00
8.025000000000000000e+02 2.546082152581911728e+00
8.030000000000000000e+02 2.546284119016955394e+00
8.035000000000000000e+02 2.546486085451999504e+00
8.040000000000000000e+02 2.546688051887043613e+00
8.045000000000000000e+02 2.546890018322087279e+00
8.055000000000000000e+02 2.547306574094365672e+00
8.060000000000000000e+02 2.547508540529409782e+00
8.065000000000000000e+02 2.547710506964453447e+00
8.070000000000000000e+02 2.547925096301687731e+00
8.075000000000000000e+02 2.548127062736731840e+00
8.080000000000000000e+02 2.548329029171775950e+00
8.085000000000000000e+02 2.548543618509010233e+00
8.090000000000000000e+02 2.548745584944053899e+00
8.095000000000000000e+02 2.548960174281288182e+00
8.100000000000000000e+02 2.549162140716332292e+00
8.105000000000000000e+02 2.549376730053566575e+00
8.110000000000000000e+02 2.549578696488610685e+00
8.115000000000000000e+02 2.549793285825844524e+00
8.120000000000000000e+02 2.549995252260888634e+00
8.125000000000000000e+02 2.550209841598122917e+00
8.130000000000000000e+02 2.550411808033167027e+00
8.135000000000000000e+02 2.550626397370401310e+00
8.140000000000000000e+02 2.550828363805444976e+00
8.145000000000000000e+02 2.551042953142679259e+00
8.150000000000000000e+02 2.551257542479913543e+00
8.155000000000000000e+02 2.551459508914957652e+00
8.160000000000000000e+02 2.551674098252191936e+00
8.165000000000000000e+02 2.551876064687235601e+00
8.170000000000000000e+02 2.552090654024469885e+00
8.175000000000000000e+02 2.552292620459513994e+00
8.180000000000000000e+02 2.552507209796748278e+00
8.185000000000000000e+02 2.552709176231792387e+00
8.190000000000000000e+02 2.552923765569026227e+00
8.195000000000000000e+02 2.553125732004070336e+00
8.200000000000000000e+02 2.553327698439114446e+00
8.205000000000000000e+02 2.553542287776348729e+00
8.210000000000000000e+02 2.553744254211392395e+00
8.215000000000000000e+02 2.553946220646436505e+00
8.220000000000000000e+02 2.554160809983670788e+00
8.225000000000000000e+02 2.554362776418714898e+00
8.230000000000000000e+02 2.554564742853758563e+00
8.235000000000000000e+02 2.554766709288802673e+00
8.240000000000000000e+02 2.554968675723846783e+00
8.245000000000000000e+02 2.555170642158890892e+00
8.250000000000000000e+02 2.555372608593934558e+00
8.255000000000000000e+02 2.555574575028978668e+00
8.260000000000000000e+02 2.555776541464022777e+00
8.265000000000000000e+02 2.555965884996876269e+00
8.270000000000000000e+02 2.556167851431920379e+00
8.275000000000000000e+02 2.556369817866964489e+00
8.280000000000000000e+02 2.556559161399817981e+00
8.285000000000000000e+02 2.556748504932671917e+00
8.290000000000000000e+02 2.556950471367715583e+00
8.295000000000000000e+02 2.557139814900569519e+00
8.300000000000000000e+02 2.557329158433423455e+00
8.305000000000000000e+02 2.557518501966276947e+00
8.310000000000000000e+02 2.557707845499130883e+00
8.315000000000000000e+02 2.557884566129794202e+00
8.320000000000000000e+02 2.558073909662648138e+00
8.325000000000000000e+02 2.558250630293311456e+00
8.330000000000000000e+02 2.558439973826164948e+00
8.335000000000000000e+02 2.558616694456828711e+00
8.340000000000000000e+02 2.558793415087492029e+00
8.345000000000000000e+02 2.558970135718155792e+00
8.350000000000000000e+02 2.559134233446628937e+00
8.355000000000000000e+02 2.559310954077292255e+00
8.360000000000000000e+02 2.559475051805765400e+00
8.365000000000000000e+02 2.559639149534238989e+00
8.370000000000000000e+02 2.559803247262712134e+00
8.375000000000000000e+02 2.559967344991185279e+00
8.380000000000000000e+02 2.560131442719658423e+00
8.385000000000000000e+02 2.560282917545941395e+00
8.390000000000000000e+02 2.560434392372224366e+00
8.395000000000000000e+02 2.560585867198507337e+00
8.400000000000000000e+02 2.560737342024790308e+00
8.405000000000000000e+02 2.560876193948883106e+00
8.410000000000000000e+02 2.561015045872975904e+00
8.415000000000000000e+02 2.561153897797068701e+00
8.420000000000000000e+02 2.561292749721161499e+00
8.425000000000000000e+02 2.561418978743063679e+00
8.430000000000000000e+02 2.561545207764966303e+00
8.435000000000000000e+02 2.561671436786868927e+00
8.440000000000000000e+02 2.561797665808771551e+00
8.445000000000000000e+02 2.561911271928483558e+00
8.450000000000000000e+02 2.562024878048196008e+00
8.455000000000000000e+02 2.562125861265717841e+00
8.460000000000000000e+02 2.562226844483239674e+00
8.465000000000000000e+02 2.562327827700761951e+00
8.470000000000000000e+02 2.562428810918283784e+00
8.475000000000000000e+02 2.562517171233615443e+00
8.480000000000000000e+02 2.562592908646756928e+00
8.485000000000000000e+02 2.562681268962088588e+00
8.490000000000000000e+02 2.562757006375230073e+00
8.495000000000000000e+02 2.562820120886181385e+00
8.500000000000000000e+02 2.562883235397132697e+00
8.505000000000000000e+02 2.562946349908084009e+00
8.510000000000000000e+02 2.562996841516845148e+00
8.515000000000000000e+02 2.563047333125605842e+00
8.520000000000000000e+02 2.563085201832176807e+00
8.525000000000000000e+02 2.563123070538747328e+00
8.530000000000000000e+02 2.563160939245318293e+00
8.535000000000000000e+02 2.563186185049698640e+00
8.540000000000000000e+02 2.563198807951888814e+00
8.545000000000000000e+02 2.563211430854079431e+00
8.550000000000000000e+02 2.563224053756269605e+00
8.555000000000000000e+02 2.563224053756269605e+00
8.560000000000000000e+02 2.563224053756269605e+00
8.565000000000000000e+02 2.563211430854079431e+00
8.570000000000000000e+02 2.563186185049698640e+00
8.575000000000000000e+02 2.563160939245318293e+00
8.580000000000000000e+02 2.563135693440937501e+00
8.585000000000000000e+02 2.563097824734366981e+00
8.590000000000000000e+02 2.563047333125605842e+00
8.595000000000000000e+02 2.562996841516845148e+00
8.600000000000000000e+02 2.562946349908084009e+00
8.605000000000000000e+02 2.562883235397132697e+00
8.610000000000000000e+02 2.562807497983991212e+00
8.615000000000000000e+02 2.562731760570849726e+00
8.620000000000000000e+02 2.562656023157708240e+00
8.625000000000000000e+02 2.562567662842376581e+00
8.630000000000000000e+02 2.562466679624854748e+00
8.635000000000000000e+02 2.562365696407332472e+00
8.640000000000000000e+02 2.562264713189810639e+00
8.645000000000000000e+02 2.562151107070098188e+00
8.650000000000000000e+02 2.562037500950386182e+00
8.655000000000000000e+02 2.561911271928483558e+00
8.660000000000000000e+02 2.561772420004390760e+00
8.665000000000000000e+02 2.561646190982488136e+00
8.670000000000000000e+02 2.561494716156205165e+00
8.675000000000000000e+02 2.561355864232112811e+00
8.680000000000000000e+02 2.561204389405829840e+00
8.685000000000000000e+02 2.561040291677356251e+00
8.690000000000000000e+02 2.560876193948883106e+00
8.695000000000000000e+02 2.560712096220409961e+00
8.700000000000000000e+02 2.560535375589746643e+00
8.705000000000000000e+02 2.560358654959082880e+00
8.710000000000000000e+02 2.560181934328419562e+00
8.715000000000000000e+02 2.559992590795565626e+00
8.720000000000000000e+02 2.559803247262712134e+00
8.725000000000000000e+02 2.559601280827668024e+00
8.730000000000000000e+02 2.559399314392623914e+00
8.735000000000000000e+02 2.559197347957580249e+00
8.740000000000000000e+02 2.558995381522536139e+00
8.745000000000000000e+02 2.558780792185301856e+00
8.750000000000000000e+02 2.558566202848067572e+00
8.755000000000000000e+02 2.558338990608643115e+00
8.760000000000000000e+02 2.558124401271408832e+00
8.765000000000000000e+02 2.557897189031984375e+00
8.770000000000000000e+02 2.557669976792559918e+00
8.775000000000000000e+02 2.557430141650945288e+00
8.780000000000000000e+02 2.557202929411520831e+00
8.785000000000000000e+02 2.556963094269906200e+00
8.790000000000000000e+02 2.556723259128291126e+00
8.795000000000000000e+02 2.556470801084486322e+00
8.800000000000000000e+02 2.556230965942871691e+00
8.805000000000000000e+02 2.555978507899066443e+00
8.810000000000000000e+02 2.555726049855261639e+00
8.815000000000000000e+02 2.555473591811456835e+00
8.820000000000000000e+02 2.555221133767651587e+00
8.825000000000000000e+02 2.554956052821656609e+00
8.830000000000000000e+02 2.554703594777851361e+00
8.835000000000000000e+02 2.554438513831856383e+00
8.840000000000000000e+02 2.554173432885860962e+00
8.845000000000000000e+02 2.553908351939865984e+00
8.850000000000000000e+02 2.553643270993870562e+00
8.855000000000000000e+02 2.553378190047875584e+00
8.860000000000000000e+02 2.553100486199689989e+00
8.865000000000000000e+02 2.552835405253694567e+00
8.870000000000000000e+02 2.552557701405508972e+00
8.875000000000000000e+02 2.552279997557323821e+00
8.880000000000000000e+02 2.552014916611328399e+00
8.885000000000000000e+02 2.551737212763143248e+00
8.890000000000000000e+02 2.551459508914957652e+00
8.895000000000000000e+02 2.551181805066772057e+00
8.900000000000000000e+02 2.550891478316396288e+00
8.905000000000000000e+02 2.550613774468210693e+00
8.910000000000000000e+02 2.550336070620025541e+00
8.915000000000000000e+02 2.550045743869649773e+00
8.920000000000000000e+02 2.549768040021464177e+00
8.925000000000000000e+02 2.549477713271088408e+00
8.930000000000000000e+02 2.549200009422902813e+00
8.935000000000000000e+02 2.548909682672527488e+00
8.945000000000000000e+02 2.548341652073966124e+00
8.950000000000000000e+02 2.548051325323590355e+00
8.955000000000000000e+02 2.547760998573214586e+00
8.960000000000000000e+02 2.547470671822838817e+00
8.965000000000000000e+02 2.547192967974653666e+00
8.970000000000000000e+02 2.546902641224277897e+00
8.975000000000000000e+02 2.546612314473902128e+00
8.980000000000000000e+02 2.546321987723526359e+00
8.985000000000000000e+02 2.546031660973150590e+00
8.990000000000000000e+02 2.545741334222774821e+00
8.995000000000000000e+02 2.545451007472399052e+00
9.000000000000000000e+02 2.545160680722023283e+00
9.005000000000000000e+02 2.544870353971647514e+00
9.010000000000000000e+02 2.544580027221271745e+00
9.015000000000000000e+02 2.544289700470896420e+00
9.020000000000000000e+02 2.543999373720520651e+00
9.025000000000000000e+02 2.543709046970144882e+00
9.030000000000000000e+02 2.543418720219769114e+00
9.035000000000000000e+02 2.543128393469393345e+00
9.040000000000000000e+02 2.542838066719017576e+00
9.045000000000000000e+02 2.542547739968641807e+00
9.050000000000000000e+02 2.542257413218266038e+00
9.055000000000000000e+02 2.541967086467890269e+00
9.060000000000000000e+02 2.541676759717514500e+00
9.065000000000000000e+02 2.541386432967139175e+00
9.070000000000000000e+02 2.541096106216763406e+00
9.075000000000000000e+02 2.540805779466387637e+00
9.080000000000000000e+02 2.540515452716011868e+00
9.085000000000000000e+02 2.540225125965636099e+00
9.090000000000000000e+02 2.539934799215260330e+00
9.095000000000000000e+02 2.539644472464884561e+00
9.100000000000000000e+02 2.539354145714508793e+00
9.105000000000000000e+02 2.539063818964133024e+00
9.110000000000000000e+02 2.538786115115947872e+00
9.115000000000000000e+02 2.538495788365572103e+00
9.120000000000000000e+02 2.538205461615196334e+00
9.125000000000000000e+02 2.537915134864820565e+00
9.130000000000000000e+02 2.537637431016634970e+00
9.135000000000000000e+02 2.537347104266259201e+00
9.140000000000000000e+02 2.537056777515883432e+00
9.145000000000000000e+02 2.536779073667698281e+00
9.150000000000000000e+02 2.536488746917322512e+00
9.155000000000000000e+02 2.536211043069136917e+00
9.160000000000000000e+02 2.535920716318761148e+00
9.165000000000000000e+02 2.535643012470575997e+00
9.175000000000000000e+02 2.535074981872014632e+00
9.180000000000000000e+02 2.534797278023829037e+00
9.185000000000000000e+02 2.534519574175643442e+00
9.190000000000000000e+02 2.534229247425267673e+00
9.195000000000000000e+02 2.533951543577082521e+00
9.200000000000000000e+02 2.533673839728896926e+00
9.205000000000000000e+02 2.533396135880711331e+00
9.210000000000000000e+02 2.533118432032526179e+00
9.215000000000000000e+02 2.532840728184340584e+00
9.220000000000000000e+02 2.532563024336154989e+00
9.225000000000000000e+02 2.532285320487969393e+00
9.230000000000000000e+02 2.532007616639784242e+00
9.235000000000000000e+02 2.531729912791598647e+00
9.240000000000000000e+02 2.531452208943413051e+00
9.245000000000000000e+02 2.531187127997418074e+00
9.250000000000000000e+02 2.530909424149232478e+00
9.255000000000000000e+02 2.530631720301046883e+00
9.260000000000000000e+02 2.530366639355051905e+00
9.265000000000000000e+02 2.530088935506866310e+00
9.270000000000000000e+02 2.529823854560870888e+00
9.275000000000000000e+02 2.529546150712685737e+00
9.280000000000000000e+02 2.529281069766690315e+00
9.285000000000000000e+02 2.529015988820695338e+00
9.290000000000000000e+02 2.528738284972509742e+00
9.295000000000000000e+02 2.528473204026514320e+00
9.300000000000000000e+02 2.528208123080519343e+00
9.305000000000000000e+02 2.527943042134523921e+00
9.310000000000000000e+02 2.527677961188528943e+00
9.315000000000000000e+02 2.527412880242533522e+00
9.320000000000000000e+02 2.527147799296538100e+00
9.325000000000000000e+02 2.526882718350543122e+00
9.330000000000000000e+02 2.526617637404547700e+00
9.335000000000000000e+02 2.526352556458552723e+00
9.340000000000000000e+02 2.526100098414747475e+00
9.345000000000000000e+02 2.525835017468752497e+00
9.350000000000000000e+02 2.525569936522757075e+00
9.355000000000000000e+02 2.525317478478952271e+00
9.360000000000000000e+02 2.525052397532956849e+00
9.365000000000000000e+02 2.524799939489152045e+00
9.370000000000000000e+02 2.524547481445347241e+00
9.375000000000000000e+02 2.524282400499351819e+00
9.380000000000000000e+02 2.524029942455547015e+00
9.385000000000000000e+02 2.523777484411741767e+00
9.390000000000000000e+02 2.523525026367936963e+00
9.395000000000000000e+02 2.523272568324131715e+00
9.400000000000000000e+02 2.523020110280326911e+00
9.405000000000000000e+02 2.522767652236522107e+00
9.410000000000000000e+02 2.522515194192716859e+00
9.415000000000000000e+02 2.522262736148912055e+00
9.420000000000000000e+02 2.522022901007297424e+00
9.425000000000000000e+02 2.521770442963492176e+00
9.430000000000000000e+02 2.521530607821877545e+00
9.435000000000000000e+02 2.521278149778072741e+00
9.440000000000000000e+02 2.521038314636457667e+00
9.445000000000000000e+02 2.520785856592652863e+00
9.450000000000000000e+02 2.520546021451038232e+00
9.455000000000000000e+02 2.520306186309423602e+00
9.460000000000000000e+02 2.520053728265618354e+00
9.465000000000000000e+02 2.519813893124003723e+00
9.470000000000000000e+02 2.519574057982389093e+00
9.475000000000000000e+02 2.519334222840774462e+00
9.480000000000000000e+02 2.519094387699159387e+00
9.485000000000000000e+02 2.518867175459734931e+00
9.490000000000000000e+02 2.518627340318120300e+00
9.495000000000000000e+02 2.518387505176505670e+00
9.505000000000000000e+02 2.517920457795466582e+00
9.510000000000000000e+02 2.517680622653851508e+00
9.515000000000000000e+02 2.517453410414427051e+00
9.520000000000000000e+02 2.517226198175002594e+00
9.525000000000000000e+02 2.516986363033387963e+00
9.530000000000000000e+02 2.516759150793963506e+00
9.535000000000000000e+02 2.516531938554539050e+00
9.540000000000000000e+02 2.516304726315114593e+00
9.545000000000000000e+02 2.516077514075690136e+00
9.550000000000000000e+02 2.515850301836265679e+00
9.555000000000000000e+02 2.515623089596841222e+00
9.560000000000000000e+02 2.515408500259606939e+00
9.565000000000000000e+02 2.515181288020182482e+00
9.570000000000000000e+02 2.514954075780758025e+00
9.575000000000000000e+02 2.514739486443523742e+00
9.580000000000000000e+02 2.514512274204099285e+00
9.585000000000000000e+02 2.514297684866865001e+00
9.590000000000000000e+02 2.514083095529630718e+00
9.595000000000000000e+02 2.513855883290206261e+00
9.600000000000000000e+02 2.513641293952971978e+00
9.605000000000000000e+02 2.513426704615737695e+00
9.610000000000000000e+02 2.513212115278503411e+00
9.615000000000000000e+02 2.512997525941269572e+00
9.620000000000000000e+02 2.512782936604035289e+00
9.625000000000000000e+02 2.512568347266801005e+00
9.630000000000000000e+02 2.512366380831756896e+00
9.635000000000000000e+02 2.512151791494522612e+00
9.640000000000000000e+02 2.511949825059478503e+00
9.645000000000000000e+02 2.511735235722244663e+00
9.650000000000000000e+02 2.511533269287200554e+00
9.655000000000000000e+02 2.511318679949966270e+00
9.660000000000000000e+02 2.511116713514922161e+00
9.665000000000000000e+02 2.510914747079878495e+00
9.670000000000000000e+02 2.510712780644834385e+00
9.675000000000000000e+02 2.510510814209790276e+00
9.680000000000000000e+02 2.510308847774746166e+00
9.685000000000000000e+02 2.510106881339702500e+00
9.690000000000000000e+02 2.509917537806848564e+00
9.695000000000000000e+02 2.509715571371804899e+00
9.700000000000000000e+02 2.509513604936760789e+00
9.705000000000000000e+02 2.509324261403906853e+00
9.710000000000000000e+02 2.509122294968863187e+00
9.715000000000000000e+02 2.508932951436009251e+00
9.720000000000000000e+02 2.508743607903155315e+00
9.725000000000000000e+02 2.508554264370301823e+00
9.730000000000000000e+02 2.508364920837447887e+00
9.735000000000000000e+02 2.508175577304594395e+00
9.740000000000000000e+02 2.507986233771740459e+00
9.745000000000000000e+02 2.507796890238886967e+00
9.750000000000000000e+02 2.507607546706033030e+00
9.755000000000000000e+02 2.507430826075369712e+00
9.760000000000000000e+02 2.507241482542515776e+00
9.765000000000000000e+02 2.507064761911852457e+00
9.770000000000000000e+02 2.506875418378998521e+00
9.775000000000000000e+02 2.506698697748335203e+00
9.780000000000000000e+02 2.506521977117671884e+00
9.785000000000000000e+02 2.506345256487008122e+00
9.790000000000000000e+02 2.506168535856344803e+00
9.795000000000000000e+02 2.505991815225681485e+00
9.800000000000000000e+02 2.505815094595017722e+00
9.805000000000000000e+02 2.505638373964354404e+00
9.810000000000000000e+02 2.505461653333690641e+00
9.815000000000000000e+02 2.505297555605217497e+00
9.820000000000000000e+02 2.505120834974554178e+00
9.825000000000000000e+02 2.504956737246081033e+00
9.830000000000000000e+02 2.504792639517607444e+00
9.835000000000000000e+02 2.504615918886944126e+00
9.840000000000000000e+02 2.504451821158470981e+00
9.845000000000000000e+02 2.504287723429997836e+00
9.850000000000000000e+02 2.504123625701524247e+00
9.855000000000000000e+02 2.503959527973051102e+00
9.860000000000000000e+02 2.503808053146768131e+00
9.865000000000000000e+02 2.503643955418294986e+00
9.870000000000000000e+02 2.503492480592012015e+00
9.875000000000000000e+02 2.503328382863538870e+00
9.880000000000000000e+02 2.503176908037255899e+00
9.890000000000000000e+02 2.502861335482499339e+00
9.895000000000000000e+02 2.502709860656216367e+00
9.900000000000000000e+02 2.502558385829933396e+00
9.905000000000000000e+02 2.502406911003650425e+00
9.910000000000000000e+02 2.502268059079558071e+00
9.915000000000000000e+02 2.502116584253275100e+00
9.920000000000000000e+02 2.501965109426991685e+00
9.925000000000000000e+02 2.501826257502899331e+00
9.930000000000000000e+02 2.501687405578806533e+00
9.935000000000000000e+02 2.501535930752523562e+00
9.940000000000000000e+02 2.501397078828430764e+00
9.945000000000000000e+02 2.501258226904337967e+00
9.950000000000000000e+02 2.501119374980245169e+00
9.955000000000000000e+02 2.500980523056152371e+00
9.960000000000000000e+02 2.500854294034250191e+00
9.965000000000000000e+02 2.500715442110157394e+00
9.970000000000000000e+02 2.500576590186064596e+00
9.975000000000000000e+02 2.500450361164161972e+00
9.980000000000000000e+02 2.500324132142259348e+00
9.985000000000000000e+02 2.500185280218166994e+00
9.990000000000000000e+02 2.500059051196264370e+00
9.995000000000000000e+02 2.499932822174361746e+00
1.000000000000000000e+03 2.499806593152459122e+00
1.001000000000000000e+03 2.499566758010844492e+00
1.001500000000000000e+03 2.499440528988942312e+00
1.002000000000000000e+03 2.499326922869229861e+00
1.002500000000000000e+03 2.499200693847327237e+00
1.003000000000000000e+03 2.499087087727615231e+00
1.003500000000000000e+03 2.498973481607902780e+00
1.004000000000000000e+03 2.498859875488190774e+00
1.004500000000000000e+03 2.498746269368478323e+00
1.005000000000000000e+03 2.498632663248766317e+00
1.006000000000000000e+03 2.498418073911532034e+00
1.006500000000000000e+03 2.498304467791819583e+00
1.007000000000000000e+03 2.498203484574297750e+00
1.007500000000000000e+03 2.498102501356775917e+00
1.008000000000000000e+03 2.498001518139253641e+00
1.008500000000000000e+03 2.497900534921731808e+00
1.009000000000000000e+03 2.497799551704209975e+00
1.009500000000000000e+03 2.497698568486687698e+00
1.010000000000000000e+03 2.497597585269165865e+00
1.010500000000000000e+03 2.497509224953834206e+00
1.011000000000000000e+03 2.497408241736311929e+00
1.011500000000000000e+03 2.497319881420980270e+00
1.012000000000000000e+03 2.497231521105648611e+00
1.012500000000000000e+03 2.497143160790316951e+00
1.013000000000000000e+03 2.497054800474985292e+00
1.013500000000000000e+03 2.496966440159653189e+00
1.014000000000000000e+03 2.496878079844321530e+00
1.014500000000000000e+03 2.496789719528989870e+00
1.015000000000000000e+03 2.496713982115848385e+00
1.015500000000000000e+03 2.496625621800516726e+00
1.016000000000000000e+03 2.496549884387375240e+00
1.016500000000000000e+03 2.496474146974233754e+00
1.017000000000000000e+03 2.496398409561092269e+00
1.017500000000000000e+03 2.496322672147950783e+00
1.018000000000000000e+03 2.496246934734809297e+00
1.018500000000000000e+03 2.496183820223857985e+00
1.019000000000000000e+03 2.496108082810716500e+00
1.019500000000000000e+03 2.496044968299765188e+00
1.020000000000000000e+03 2.495969230886623702e+00
1.020500000000000000e+03 2.495906116375672390e+00
1.021000000000000000e+03 2.495843001864721078e+00
1.021500000000000000e+03 2.495779887353769766e+00
1.022000000000000000e+03 2.495716772842818898e+00
1.022500000000000000e+03 2.495653658331867586e+00
1.023000000000000000e+03 2.495603166723106447e+00
1.023500000000000000e+03 2.495540052212155135e+00
1.024000000000000000e+03 2.495489560603394441e+00
