2.305000000000000000e+02 2.641574407651143819e+00
2.310000000000000000e+02 2.641195720585436391e+00
2.315000000000000000e+02 2.640665558693445991e+00
2.325000000000000000e+02 2.639302285256899250e+00
2.330000000000000000e+02 2.638494419516723255e+00
2.335000000000000000e+02 2.637623439265595948e+00
2.340000000000000000e+02 2.636689344503517773e+00
2.345000000000000000e+02 2.635730003937058807e+00
2.350000000000000000e+02 2.634720171761838703e+00
2.355000000000000000e+02 2.633685093782238251e+00
2.360000000000000000e+02 2.632624769998257452e+00
2.365000000000000000e+02 2.631526577507705689e+00
2.370000000000000000e+02 2.630428385017154369e+00
2.375000000000000000e+02 2.629304946722222258e+00
2.380000000000000000e+02 2.628156262622909356e+00
2.385000000000000000e+02 2.627007578523596898e+00
2.395000000000000000e+02 2.624684964520591191e+00
2.400000000000000000e+02 2.623511034616897941e+00
2.405000000000000000e+02 2.622337104713204692e+00
2.410000000000000000e+02 2.621150551907321269e+00
2.415000000000000000e+02 2.619963999101437846e+00
2.420000000000000000e+02 2.618777446295554423e+00
2.425000000000000000e+02 2.617590893489671000e+00
2.430000000000000000e+02 2.616404340683787577e+00
2.435000000000000000e+02 2.615217787877904598e+00
2.440000000000000000e+02 2.614031235072021175e+00
2.445000000000000000e+02 2.612844682266137752e+00
2.450000000000000000e+02 2.611658129460254330e+00
2.455000000000000000e+02 2.610484199556561080e+00
2.460000000000000000e+02 2.609310269652867831e+00
2.465000000000000000e+02 2.608136339749174581e+00
2.470000000000000000e+02 2.606975032747671950e+00
2.475000000000000000e+02 2.605801102843978700e+00
2.480000000000000000e+02 2.604652418744666242e+00
2.490000000000000000e+02 2.602355050546040882e+00
2.495000000000000000e+02 2.601206366446728424e+00
2.500000000000000000e+02 2.600070305249605696e+00
2.505000000000000000e+02 2.598946866954673585e+00
2.510000000000000000e+02 2.597823428659741474e+00
2.515000000000000000e+02 2.596712613266999536e+00
2.520000000000000000e+02 2.595601797874257599e+00
2.525000000000000000e+02 2.594503605383706279e+00
2.530000000000000000e+02 2.593405412893154516e+00
2.535000000000000000e+02 2.592319843304792926e+00
2.540000000000000000e+02 2.591234273716431780e+00
2.545000000000000000e+02 2.590161327030260363e+00
2.555000000000000000e+02 2.588040679462298765e+00
2.560000000000000000e+02 2.586980355678317522e+00
2.565000000000000000e+02 2.585945277698717515e+00
2.570000000000000000e+02 2.584910199719117063e+00
2.575000000000000000e+02 2.583875121739516612e+00
2.580000000000000000e+02 2.582865289564296507e+00
2.585000000000000000e+02 2.581842834486886673e+00
2.590000000000000000e+02 2.580845625213856742e+00
2.595000000000000000e+02 2.579848415940827255e+00
2.600000000000000000e+02 2.578863829569987942e+00
2.605000000000000000e+02 2.577879243199148185e+00
2.610000000000000000e+02 2.576907279730499045e+00
2.615000000000000000e+02 2.575947939164040079e+00
2.620000000000000000e+02 2.574988598597581557e+00
2.625000000000000000e+02 2.574041880933312765e+00
2.630000000000000000e+02 2.573107786171234146e+00
2.635000000000000000e+02 2.572173691409155971e+00
2.640000000000000000e+02 2.571252219549267526e+00
2.645000000000000000e+02 2.570330747689379525e+00
2.650000000000000000e+02 2.569421898731681697e+00
2.655000000000000000e+02 2.568525672676174043e+00
2.660000000000000000e+02 2.567642069522856563e+00
2.665000000000000000e+02 2.566758466369539082e+00
2.670000000000000000e+02 2.565887486118411775e+00
2.675000000000000000e+02 2.565016505867284913e+00
2.680000000000000000e+02 2.564158148518347780e+00
2.685000000000000000e+02 2.563312414071601264e+00
2.690000000000000000e+02 2.562466679624854748e+00
2.695000000000000000e+02 2.561633568080297962e+00
2.700000000000000000e+02 2.560813079437931794e+00
2.705000000000000000e+02 2.559992590795565626e+00
2.710000000000000000e+02 2.559184725055389631e+00
2.715000000000000000e+02 2.558376859315214080e+00
2.720000000000000000e+02 2.557594239379418433e+00
2.725000000000000000e+02 2.556798996541432611e+00
2.730000000000000000e+02 2.556028999507827582e+00
2.735000000000000000e+02 2.555259002474222552e+00
2.740000000000000000e+02 2.554501628342807695e+00
2.745000000000000000e+02 2.553744254211392395e+00
2.750000000000000000e+02 2.552999502982167712e+00
2.755000000000000000e+02 2.552254751752943029e+00
2.765000000000000000e+02 2.550803118001064629e+00
2.770000000000000000e+02 2.550096235478410467e+00
2.775000000000000000e+02 2.549389352955756749e+00
2.780000000000000000e+02 2.548682470433102587e+00
2.785000000000000000e+02 2.548000833714829216e+00
2.790000000000000000e+02 2.547306574094365672e+00
2.795000000000000000e+02 2.546637560278282475e+00
2.800000000000000000e+02 2.545968546462199278e+00
2.805000000000000000e+02 2.545312155548306254e+00
2.810000000000000000e+02 2.544655764634413231e+00
2.815000000000000000e+02 2.544011996622710825e+00
2.820000000000000000e+02 2.543368228611007975e+00
2.825000000000000000e+02 2.542737083501495743e+00
2.830000000000000000e+02 2.542118561294173240e+00
2.835000000000000000e+02 2.541500039086851181e+00
2.840000000000000000e+02 2.540894139781719296e+00
2.845000000000000000e+02 2.540288240476587411e+00
2.850000000000000000e+02 2.539694964073645700e+00
2.855000000000000000e+02 2.539114310572894162e+00
2.860000000000000000e+02 2.538533657072142624e+00
2.865000000000000000e+02 2.537953003571391086e+00
2.870000000000000000e+02 2.537384972972830166e+00
2.875000000000000000e+02 2.536829565276458975e+00
2.880000000000000000e+02 2.536286780482278402e+00
2.885000000000000000e+02 2.535731372785907656e+00
2.890000000000000000e+02 2.535201210893917256e+00
2.895000000000000000e+02 2.534671049001926413e+00
2.900000000000000000e+02 2.534140887109936013e+00
2.905000000000000000e+02 2.533635971022326405e+00
2.910000000000000000e+02 2.533118432032526179e+00
2.915000000000000000e+02 2.532613515944916127e+00
2.920000000000000000e+02 2.532121222759496248e+00
2.925000000000000000e+02 2.531628929574076814e+00
2.930000000000000000e+02 2.531149259290847109e+00
2.935000000000000000e+02 2.530682211909808021e+00
2.940000000000000000e+02 2.530202541626578316e+00
2.945000000000000000e+02 2.529748117147729403e+00
2.950000000000000000e+02 2.529293692668880489e+00
2.955000000000000000e+02 2.528839268190031575e+00
2.960000000000000000e+02 2.528397466613372835e+00
2.965000000000000000e+02 2.527968287938904268e+00
2.970000000000000000e+02 2.527539109264436146e+00
2.975000000000000000e+02 2.527109930589967579e+00
2.980000000000000000e+02 2.526693374817689186e+00
2.985000000000000000e+02 2.526289441947601411e+00
2.990000000000000000e+02 2.525885509077513635e+00
2.995000000000000000e+02 2.525481576207425416e+00
3.000000000000000000e+02 2.525090266239527814e+00
3.005000000000000000e+02 2.524711579173820386e+00
3.015000000000000000e+02 2.523954205042405530e+00
3.020000000000000000e+02 2.523588140878888275e+00
3.025000000000000000e+02 2.523222076715371021e+00
3.030000000000000000e+02 2.522868635454043940e+00
3.035000000000000000e+02 2.522527817094907032e+00
3.040000000000000000e+02 2.522186998735770569e+00
3.045000000000000000e+02 2.521846180376633662e+00
3.050000000000000000e+02 2.521517984919687372e+00
3.055000000000000000e+02 2.521189789462741082e+00
3.060000000000000000e+02 2.520874216907984522e+00
3.065000000000000000e+02 2.520558644353228406e+00
3.070000000000000000e+02 2.520255694700662463e+00
3.075000000000000000e+02 2.519952745048096521e+00
3.080000000000000000e+02 2.519662418297720752e+00
3.085000000000000000e+02 2.519372091547344983e+00
3.090000000000000000e+02 2.519081764796969214e+00
3.095000000000000000e+02 2.518804060948783619e+00
3.100000000000000000e+02 2.518526357100598467e+00
3.105000000000000000e+02 2.518261276154603046e+00
3.110000000000000000e+02 2.518008818110798241e+00
3.115000000000000000e+02 2.517743737164802820e+00
3.125000000000000000e+02 2.517251443979383385e+00
3.130000000000000000e+02 2.517011608837768311e+00
3.135000000000000000e+02 2.516784396598343854e+00
3.140000000000000000e+02 2.516544561456729223e+00
3.145000000000000000e+02 2.516329972119494940e+00
3.150000000000000000e+02 2.516102759880070483e+00
3.155000000000000000e+02 2.515900793445026817e+00
3.160000000000000000e+02 2.515686204107792534e+00
3.165000000000000000e+02 2.515484237672748424e+00
3.170000000000000000e+02 2.515294894139894488e+00
3.175000000000000000e+02 2.515092927704850823e+00
3.180000000000000000e+02 2.514916207074187060e+00
3.185000000000000000e+02 2.514726863541333568e+00
3.190000000000000000e+02 2.514550142910669805e+00
3.195000000000000000e+02 2.514386045182196661e+00
3.200000000000000000e+02 2.514209324551533342e+00
3.205000000000000000e+02 2.514057849725250371e+00
3.210000000000000000e+02 2.513893751996777226e+00
3.215000000000000000e+02 2.513742277170494255e+00
3.220000000000000000e+02 2.513603425246401457e+00
3.225000000000000000e+02 2.513451950420118486e+00
3.230000000000000000e+02 2.513313098496025688e+00
3.235000000000000000e+02 2.513186869474123064e+00
3.240000000000000000e+02 2.513060640452220440e+00
3.245000000000000000e+02 2.512934411430318260e+00
3.250000000000000000e+02 2.512820805310605810e+00
3.255000000000000000e+02 2.512707199190893803e+00
3.260000000000000000e+02 2.512593593071181353e+00
3.265000000000000000e+02 2.512492609853659520e+00
3.270000000000000000e+02 2.512391626636137243e+00
3.275000000000000000e+02 2.512303266320805584e+00
3.280000000000000000e+02 2.512202283103283751e+00
3.285000000000000000e+02 2.512126545690142265e+00
3.290000000000000000e+02 2.512038185374810606e+00
3.295000000000000000e+02 2.511962447961669120e+00
3.300000000000000000e+02 2.511886710548527635e+00
3.305000000000000000e+02 2.511823596037576323e+00
3.310000000000000000e+02 2.511760481526625011e+00
3.315000000000000000e+02 2.511697367015673699e+00
3.320000000000000000e+02 2.511646875406912560e+00
3.325000000000000000e+02 2.511596383798151866e+00
3.330000000000000000e+02 2.511545892189390727e+00
3.335000000000000000e+02 2.511508023482820207e+00
3.340000000000000000e+02 2.511470154776249242e+00
3.350000000000000000e+02 2.511407040265297930e+00
3.355000000000000000e+02 2.511381794460917583e+00
3.360000000000000000e+02 2.511369171558727409e+00
3.365000000000000000e+02 2.511343925754346618e+00
3.370000000000000000e+02 2.511331302852156444e+00
3.375000000000000000e+02 2.511331302852156444e+00
3.380000000000000000e+02 2.511318679949966270e+00
3.385000000000000000e+02 2.511318679949966270e+00
3.390000000000000000e+02 2.511318679949966270e+00
3.395000000000000000e+02 2.511331302852156444e+00
3.400000000000000000e+02 2.511343925754346618e+00
3.405000000000000000e+02 2.511356548656537235e+00
3.410000000000000000e+02 2.511381794460917583e+00
3.415000000000000000e+02 2.511394417363107756e+00
3.425000000000000000e+02 2.511457531874059068e+00
3.430000000000000000e+02 2.511495400580629589e+00
3.435000000000000000e+02 2.511533269287200554e+00
3.440000000000000000e+02 2.511571137993771075e+00
3.445000000000000000e+02 2.511621629602532213e+00
3.450000000000000000e+02 2.511659498309103178e+00
3.455000000000000000e+02 2.511722612820054046e+00
3.460000000000000000e+02 2.511773104428815184e+00
3.465000000000000000e+02 2.511836218939766496e+00
3.470000000000000000e+02 2.511899333450717808e+00
3.475000000000000000e+02 2.511962447961669120e+00
3.480000000000000000e+02 2.512038185374810606e+00
3.485000000000000000e+02 2.512113922787952092e+00
3.490000000000000000e+02 2.512189660201093577e+00
3.495000000000000000e+02 2.512265397614235063e+00
3.500000000000000000e+02 2.512353757929566722e+00
3.505000000000000000e+02 2.512442118244898381e+00
3.510000000000000000e+02 2.512530478560230041e+00
3.515000000000000000e+02 2.512631461777752317e+00
3.520000000000000000e+02 2.512719822093083977e+00
3.525000000000000000e+02 2.512820805310605810e+00
3.530000000000000000e+02 2.512934411430318260e+00
3.535000000000000000e+02 2.513035394647840093e+00
3.540000000000000000e+02 2.513149000767552543e+00
3.545000000000000000e+02 2.513262606887264550e+00
3.550000000000000000e+02 2.513376213006977000e+00
3.555000000000000000e+02 2.513502442028879180e+00
3.560000000000000000e+02 2.513628671050781804e+00
3.565000000000000000e+02 2.513754900072684428e+00
3.570000000000000000e+02 2.513881129094586608e+00
3.580000000000000000e+02 2.514146210040582030e+00
3.585000000000000000e+02 2.514285061964674828e+00
3.590000000000000000e+02 2.514436536790957799e+00
3.595000000000000000e+02 2.514575388715050597e+00
3.600000000000000000e+02 2.514726863541333568e+00
3.605000000000000000e+02 2.514878338367616539e+00
3.610000000000000000e+02 2.515029813193899511e+00
3.615000000000000000e+02 2.515181288020182482e+00
3.620000000000000000e+02 2.515345385748655627e+00
3.625000000000000000e+02 2.515509483477128772e+00
3.630000000000000000e+02 2.515673581205601916e+00
3.635000000000000000e+02 2.515837678934075505e+00
3.640000000000000000e+02 2.516014399564738824e+00
3.645000000000000000e+02 2.516191120195402142e+00
3.655000000000000000e+02 2.516544561456729223e+00
3.660000000000000000e+02 2.516721282087392986e+00
3.665000000000000000e+02 2.516910625620246478e+00
3.670000000000000000e+02 2.517087346250909796e+00
3.675000000000000000e+02 2.517276689783763732e+00
3.680000000000000000e+02 2.517478656218807842e+00
3.685000000000000000e+02 2.517667999751661334e+00
3.690000000000000000e+02 2.517869966186705444e+00
3.695000000000000000e+02 2.518071932621749554e+00
3.700000000000000000e+02 2.518273899056793219e+00
3.705000000000000000e+02 2.518475865491837329e+00
3.710000000000000000e+02 2.518677831926881439e+00
3.715000000000000000e+02 2.518892421264115722e+00
3.720000000000000000e+02 2.519107010601350005e+00
3.725000000000000000e+02 2.519321599938583844e+00
3.730000000000000000e+02 2.519536189275818128e+00
3.735000000000000000e+02 2.519750778613052411e+00
3.740000000000000000e+02 2.519977990852476868e+00
3.745000000000000000e+02 2.520192580189711151e+00
3.750000000000000000e+02 2.520419792429135608e+00
3.755000000000000000e+02 2.520647004668560065e+00
3.765000000000000000e+02 2.521114052049599152e+00
3.775000000000000000e+02 2.521581099430638684e+00
3.780000000000000000e+02 2.521820934572253314e+00
3.785000000000000000e+02 2.522060769713867945e+00
3.795000000000000000e+02 2.522553062899287823e+00
3.800000000000000000e+02 2.522792898040902454e+00
3.805000000000000000e+02 2.523045356084707258e+00
3.810000000000000000e+02 2.523297814128512506e+00
3.815000000000000000e+02 2.523550272172317310e+00
3.820000000000000000e+02 2.523802730216122558e+00
3.825000000000000000e+02 2.524067811162117536e+00
3.830000000000000000e+02 2.524320269205922784e+00
3.835000000000000000e+02 2.524585350151917762e+00
3.840000000000000000e+02 2.524850431097913184e+00
3.845000000000000000e+02 2.525102889141717988e+00
3.850000000000000000e+02 2.525367970087713410e+00
3.855000000000000000e+02 2.525645673935898561e+00
3.860000000000000000e+02 2.525910754881893983e+00
3.865000000000000000e+02 2.526175835827888960e+00
3.870000000000000000e+02 2.526453539676074556e+00
3.875000000000000000e+02 2.526731243524260151e+00
3.880000000000000000e+02 2.527008947372445746e+00
3.885000000000000000e+02 2.527286651220630898e+00
3.890000000000000000e+02 2.527564355068816493e+00
3.895000000000000000e+02 2.527842058917002088e+00
3.900000000000000000e+02 2.528119762765187684e+00
3.905000000000000000e+02 2.528410089515563008e+00
3.910000000000000000e+02 2.528687793363748604e+00
3.915000000000000000e+02 2.528978120114124373e+00
3.920000000000000000e+02 2.529268446864500142e+00
3.925000000000000000e+02 2.529546150712685737e+00
3.930000000000000000e+02 2.529836477463061506e+00
3.935000000000000000e+02 2.530139427115627448e+00
3.940000000000000000e+02 2.530429753866003217e+00
3.945000000000000000e+02 2.530720080616378542e+00
3.950000000000000000e+02 2.531010407366754311e+00
3.955000000000000000e+02 2.531313357019320254e+00
3.960000000000000000e+02 2.531603683769696023e+00
3.965000000000000000e+02 2.531906633422261965e+00
3.970000000000000000e+02 2.532209583074827908e+00
3.975000000000000000e+02 2.532499909825203677e+00
3.980000000000000000e+02 2.532802859477769619e+00
3.985000000000000000e+02 2.533105809130335562e+00
3.990000000000000000e+02 2.533408758782901948e+00
3.995000000000000000e+02 2.533711708435467891e+00
4.000000000000000000e+02 2.534027280990224007e+00
4.005000000000000000e+02 2.534330230642789950e+00
4.010000000000000000e+02 2.534633180295355892e+00
4.015000000000000000e+02 2.534936129947921835e+00
4.020000000000000000e+02 2.535251702502677951e+00
4.025000000000000000e+02 2.535554652155243893e+00
4.030000000000000000e+02 2.535870224710000453e+00
4.035000000000000000e+02 2.536173174362566396e+00
4.040000000000000000e+02 2.536488746917322512e+00
4.045000000000000000e+02 2.536791696569888455e+00
4.050000000000000000e+02 2.537107269124644571e+00
4.055000000000000000e+02 2.537422841679400687e+00
4.060000000000000000e+02 2.537725791331966629e+00
4.065000000000000000e+02 2.538041363886723190e+00
4.070000000000000000e+02 2.538356936441479306e+00
4.075000000000000000e+02 2.538672508996235422e+00
4.080000000000000000e+02 2.538975458648801364e+00
4.085000000000000000e+02 2.539291031203557480e+00
4.090000000000000000e+02 2.539606603758314041e+00
4.095000000000000000e+02 2.539922176313070157e+00
4.100000000000000000e+02 2.540237748867826273e+00
4.105000000000000000e+02 2.540540698520392215e+00
4.110000000000000000e+02 2.540856271075148332e+00
4.115000000000000000e+02 2.541171843629904892e+00
4.125000000000000000e+02 2.541790365837226950e+00
4.130000000000000000e+02 2.542105938391983067e+00
4.135000000000000000e+02 2.542408888044549009e+00
4.140000000000000000e+02 2.542724460599305569e+00
4.145000000000000000e+02 2.543040033154061685e+00
4.150000000000000000e+02 2.543342982806627628e+00
4.155000000000000000e+02 2.543645932459193570e+00
4.160000000000000000e+02 2.543961505013949687e+00
4.165000000000000000e+02 2.544264454666515629e+00
4.170000000000000000e+02 2.544567404319081572e+00
4.175000000000000000e+02 2.544870353971647514e+00
4.180000000000000000e+02 2.545173303624213457e+00
4.185000000000000000e+02 2.545476253276779399e+00
4.190000000000000000e+02 2.545779202929345786e+00
4.195000000000000000e+02 2.546082152581911728e+00
4.200000000000000000e+02 2.546372479332287497e+00
4.205000000000000000e+02 2.546675428984853440e+00
4.210000000000000000e+02 2.546965755735228765e+00
4.215000000000000000e+02 2.547256082485604534e+00
4.220000000000000000e+02 2.547546409235980303e+00
4.225000000000000000e+02 2.547836735986356071e+00
4.230000000000000000e+02 2.548127062736731840e+00
4.235000000000000000e+02 2.548404766584917436e+00
4.245000000000000000e+02 2.548972797183478356e+00
4.250000000000000000e+02 2.549250501031663951e+00
4.255000000000000000e+02 2.549515581977659373e+00
4.260000000000000000e+02 2.549793285825844524e+00
4.265000000000000000e+02 2.550058366771839946e+00
4.270000000000000000e+02 2.550323447717835368e+00
4.275000000000000000e+02 2.550588528663830346e+00
4.280000000000000000e+02 2.550840986707635150e+00
4.285000000000000000e+02 2.551093444751440398e+00
4.290000000000000000e+02 2.551345902795245202e+00
4.295000000000000000e+02 2.551598360839050450e+00
4.300000000000000000e+02 2.551838195980665080e+00
4.305000000000000000e+02 2.552078031122279711e+00
4.310000000000000000e+02 2.552317866263894341e+00
4.315000000000000000e+02 2.552545078503318798e+00
4.320000000000000000e+02 2.552772290742743255e+00
4.325000000000000000e+02 2.552986880079977539e+00
4.330000000000000000e+02 2.553201469417211822e+00
4.335000000000000000e+02 2.553416058754446105e+00
4.340000000000000000e+02 2.553618025189490215e+00
4.345000000000000000e+02 2.553819991624533881e+00
4.350000000000000000e+02 2.554009335157387817e+00
4.355000000000000000e+02 2.554198678690241753e+00
4.360000000000000000e+02 2.554375399320905071e+00
4.365000000000000000e+02 2.554552119951568390e+00
4.370000000000000000e+02 2.554716217680041979e+00
4.375000000000000000e+02 2.554880315408515123e+00
4.380000000000000000e+02 2.555031790234798095e+00
4.385000000000000000e+02 2.555170642158890892e+00
4.390000000000000000e+02 2.555309494082983246e+00
4.400000000000000000e+02 2.555561952126788494e+00
4.405000000000000000e+02 2.555675558246500501e+00
4.415000000000000000e+02 2.555877524681544610e+00
4.420000000000000000e+02 2.555965884996876269e+00
4.425000000000000000e+02 2.556041622410017755e+00
4.430000000000000000e+02 2.556117359823159241e+00
4.435000000000000000e+02 2.556167851431920379e+00
4.440000000000000000e+02 2.556218343040681518e+00
4.450000000000000000e+02 2.556294080453823003e+00
4.455000000000000000e+02 2.556306703356013177e+00
4.460000000000000000e+02 2.556319326258203350e+00
4.465000000000000000e+02 2.556319326258203350e+00
4.470000000000000000e+02 2.556306703356013177e+00
4.475000000000000000e+02 2.556281457551632386e+00
4.480000000000000000e+02 2.556243588845061865e+00
4.485000000000000000e+02 2.556205720138490900e+00
4.490000000000000000e+02 2.556142605627540032e+00
4.495000000000000000e+02 2.556079491116588720e+00
4.500000000000000000e+02 2.556003753703447234e+00
4.505000000000000000e+02 2.555915393388115575e+00
4.510000000000000000e+02 2.555814410170593298e+00
4.515000000000000000e+02 2.555700804050881292e+00
4.520000000000000000e+02 2.555574575028978668e+00
4.525000000000000000e+02 2.555435723104885870e+00
4.530000000000000000e+02 2.555296871180793072e+00
4.535000000000000000e+02 2.555132773452319928e+00
4.540000000000000000e+02 2.554968675723846783e+00
4.545000000000000000e+02 2.554791955093183020e+00
4.550000000000000000e+02 2.554602611560329528e+00
4.555000000000000000e+02 2.554400645125285418e+00
4.560000000000000000e+02 2.554186055788051135e+00
4.565000000000000000e+02 2.553971466450817296e+00
4.570000000000000000e+02 2.553744254211392395e+00
4.575000000000000000e+02 2.553504419069777764e+00
4.580000000000000000e+02 2.553251961025972960e+00
4.585000000000000000e+02 2.552986880079977539e+00
4.590000000000000000e+02 2.552721799133982561e+00
4.595000000000000000e+02 2.552444095285796966e+00
4.600000000000000000e+02 2.552153768535421197e+00
4.605000000000000000e+02 2.551863441785045428e+00
4.610000000000000000e+02 2.551560492132479485e+00
4.615000000000000000e+02 2.551257542479913543e+00
4.620000000000000000e+02 2.550929347022967253e+00
4.625000000000000000e+02 2.550601151566020519e+00
4.630000000000000000e+02 2.550272956109074229e+00
4.635000000000000000e+02 2.549932137749937322e+00
4.640000000000000000e+02 2.549591319390800859e+00
4.645000000000000000e+02 2.549237878129473778e+00
4.650000000000000000e+02 2.548871813965956523e+00
4.655000000000000000e+02 2.548505749802439269e+00
4.660000000000000000e+02 2.548139685638922014e+00
4.665000000000000000e+02 2.547760998573214586e+00
4.670000000000000000e+02 2.547382311507507158e+00
4.675000000000000000e+02 2.546991001539609556e+00
4.680000000000000000e+02 2.546599691571711954e+00
4.685000000000000000e+02 2.546208381603813908e+00
4.690000000000000000e+02 2.545804448733726133e+00
4.695000000000000000e+02 2.545400515863637914e+00
4.700000000000000000e+02 2.544996582993550138e+00
4.705000000000000000e+02 2.544580027221271745e+00
4.710000000000000000e+02 2.544163471448993796e+00
4.715000000000000000e+02 2.543746915676715403e+00
4.720000000000000000e+02 2.543317737002246837e+00
4.725000000000000000e+02 2.542901181229968888e+00
4.730000000000000000e+02 2.542472002555500321e+00
4.735000000000000000e+02 2.542042823881031754e+00
4.740000000000000000e+02 2.541613645206563632e+00
4.745000000000000000e+02 2.541171843629904892e+00
4.750000000000000000e+02 2.540742664955436325e+00
4.755000000000000000e+02 2.540300863378777585e+00
4.760000000000000000e+02 2.539859061802118845e+00
4.765000000000000000e+02 2.539417260225460105e+00
4.770000000000000000e+02 2.538975458648801364e+00
4.775000000000000000e+02 2.538533657072142624e+00
4.780000000000000000e+02 2.538079232593293710e+00
4.785000000000000000e+02 2.537637431016634970e+00
4.790000000000000000e+02 2.537195629439976230e+00
4.795000000000000000e+02 2.536741204961127316e+00
4.800000000000000000e+02 2.536286780482278402e+00
4.805000000000000000e+02 2.535844978905619662e+00
4.810000000000000000e+02 2.535390554426770748e+00
4.815000000000000000e+02 2.534936129947921835e+00
4.820000000000000000e+02 2.534494328371263094e+00
4.825000000000000000e+02 2.534039903892414181e+00
4.830000000000000000e+02 2.533585479413565267e+00
4.835000000000000000e+02 2.533131054934716353e+00
4.840000000000000000e+02 2.532689253358057613e+00
4.845000000000000000e+02 2.532234828879208699e+00
4.850000000000000000e+02 2.531780404400359785e+00
4.855000000000000000e+02 2.531325979921510871e+00
4.860000000000000000e+02 2.530884178344852131e+00
4.865000000000000000e+02 2.530429753866003217e+00
4.870000000000000000e+02 2.529975329387153860e+00
4.875000000000000000e+02 2.529533527810495563e+00
4.880000000000000000e+02 2.529079103331646206e+00
4.885000000000000000e+02 2.528637301754987465e+00
4.890000000000000000e+02 2.528182877276138552e+00
4.895000000000000000e+02 2.527741075699479811e+00
4.900000000000000000e+02 2.527299274122821515e+00
4.905000000000000000e+02 2.526844849643972157e+00
4.910000000000000000e+02 2.526403048067313417e+00
4.915000000000000000e+02 2.525961246490655121e+00
4.920000000000000000e+02 2.525519444913996381e+00
4.925000000000000000e+02 2.525077643337337641e+00
4.930000000000000000e+02 2.524635841760678900e+00
4.935000000000000000e+02 2.524194040184020160e+00
4.940000000000000000e+02 2.523764861509551594e+00
4.945000000000000000e+02 2.523323059932892853e+00
4.950000000000000000e+02 2.522893881258424287e+00
4.955000000000000000e+02 2.522452079681765547e+00
4.960000000000000000e+02 2.522022901007297424e+00
4.965000000000000000e+02 2.521593722332828857e+00
4.970000000000000000e+02 2.521164543658360291e+00
4.975000000000000000e+02 2.520735364983891724e+00
4.980000000000000000e+02 2.520306186309423602e+00
4.985000000000000000e+02 2.519877007634955035e+00
4.990000000000000000e+02 2.519460451862676642e+00
4.995000000000000000e+02 2.519031273188208520e+00
5.000000000000000000e+02 2.518614717415930127e+00
5.005000000000000000e+02 2.518185538741461560e+00
5.010000000000000000e+02 2.517768982969183611e+00
5.015000000000000000e+02 2.517352427196905218e+00
5.020000000000000000e+02 2.516935871424626825e+00
5.025000000000000000e+02 2.516531938554539050e+00
5.030000000000000000e+02 2.516115382782260657e+00
5.035000000000000000e+02 2.515698827009982708e+00
5.040000000000000000e+02 2.515294894139894488e+00
5.045000000000000000e+02 2.514890961269806713e+00
5.050000000000000000e+02 2.514487028399718938e+00
5.055000000000000000e+02 2.514083095529630718e+00
5.060000000000000000e+02 2.513679162659542943e+00
5.065000000000000000e+02 2.513275229789454723e+00
5.070000000000000000e+02 2.512883919821557122e+00
5.075000000000000000e+02 2.512479986951469346e+00
5.080000000000000000e+02 2.512088676983571300e+00
5.085000000000000000e+02 2.511697367015673699e+00
5.090000000000000000e+02 2.511306057047776097e+00
5.095000000000000000e+02 2.510914747079878495e+00
5.100000000000000000e+02 2.510523437111980449e+00
5.105000000000000000e+02 2.510144750046273021e+00
5.110000000000000000e+02 2.509753440078375419e+00
5.115000000000000000e+02 2.509374753012667991e+00
5.120000000000000000e+02 2.508996065946960563e+00
5.125000000000000000e+02 2.508617378881253135e+00
5.130000000000000000e+02 2.508238691815545707e+00
5.135000000000000000e+02 2.507860004749838279e+00
5.140000000000000000e+02 2.507493940586321024e+00
5.145000000000000000e+02 2.507115253520613596e+00
5.150000000000000000e+02 2.506749189357096341e+00
5.155000000000000000e+02 2.506383125193579087e+00
5.160000000000000000e+02 2.506017061030061832e+00
5.165000000000000000e+02 2.505650996866544578e+00
5.170000000000000000e+02 2.505284932703027323e+00
5.175000000000000000e+02 2.504931491441700242e+00
5.180000000000000000e+02 2.504565427278182987e+00
5.185000000000000000e+02 2.504211986016856351e+00
5.190000000000000000e+02 2.503858544755529270e+00
5.195000000000000000e+02 2.503505103494202189e+00
5.200000000000000000e+02 2.503164285135065725e+00
5.205000000000000000e+02 2.502810843873738644e+00
5.215000000000000000e+02 2.502116584253275100e+00
5.220000000000000000e+02 2.501775765894138193e+00
5.225000000000000000e+02 2.501434947535001285e+00
5.230000000000000000e+02 2.501094129175864822e+00
5.235000000000000000e+02 2.500765933718918088e+00
5.240000000000000000e+02 2.500425115359781625e+00
5.245000000000000000e+02 2.500096919902834891e+00
5.250000000000000000e+02 2.499756101543698428e+00
5.255000000000000000e+02 2.499427906086751694e+00
5.260000000000000000e+02 2.499099710629805404e+00
5.265000000000000000e+02 2.498784138075049288e+00
5.270000000000000000e+02 2.498455942618102554e+00
5.275000000000000000e+02 2.498140370063346438e+00
5.280000000000000000e+02 2.497812174606400148e+00
5.285000000000000000e+02 2.497496602051644032e+00
5.290000000000000000e+02 2.497181029496887472e+00
5.295000000000000000e+02 2.496865456942131356e+00
5.300000000000000000e+02 2.496562507289565414e+00
5.305000000000000000e+02 2.496246934734809297e+00
5.310000000000000000e+02 2.495943985082243355e+00
5.315000000000000000e+02 2.495628412527486795e+00
5.320000000000000000e+02 2.495325462874920852e+00
5.325000000000000000e+02 2.495022513222354910e+00
5.330000000000000000e+02 2.494732186471979141e+00
5.335000000000000000e+02 2.494429236819413198e+00
5.340000000000000000e+02 2.494138910069037429e+00
5.345000000000000000e+02 2.493835960416471487e+00
5.350000000000000000e+02 2.493545633666095718e+00
5.355000000000000000e+02 2.493255306915720393e+00
5.360000000000000000e+02 2.492964980165344624e+00
5.370000000000000000e+02 2.492396949566783260e+00
5.375000000000000000e+02 2.492119245718597664e+00
5.380000000000000000e+02 2.491828918968221895e+00
5.385000000000000000e+02 2.491551215120036744e+00
5.390000000000000000e+02 2.491273511271851149e+00
5.395000000000000000e+02 2.490995807423665553e+00
5.400000000000000000e+02 2.490730726477670576e+00
5.405000000000000000e+02 2.490453022629484980e+00
5.410000000000000000e+02 2.490187941683489559e+00
5.415000000000000000e+02 2.489922860737494581e+00
5.420000000000000000e+02 2.489657779791499159e+00
5.425000000000000000e+02 2.489392698845504182e+00
5.430000000000000000e+02 2.489127617899508760e+00
5.435000000000000000e+02 2.488862536953513782e+00
5.440000000000000000e+02 2.488610078909708534e+00
5.445000000000000000e+02 2.488357620865903730e+00
5.450000000000000000e+02 2.488105162822098482e+00
5.460000000000000000e+02 2.487600246734488874e+00
5.465000000000000000e+02 2.487347788690683625e+00
5.470000000000000000e+02 2.487095330646878821e+00
5.475000000000000000e+02 2.486855495505264191e+00
5.480000000000000000e+02 2.486615660363649116e+00
5.485000000000000000e+02 2.486375825222034486e+00
5.490000000000000000e+02 2.486135990080419855e+00
5.495000000000000000e+02 2.485896154938805225e+00
5.500000000000000000e+02 2.485656319797190594e+00
5.505000000000000000e+02 2.485429107557766137e+00
5.510000000000000000e+02 2.485189272416151063e+00
5.515000000000000000e+02 2.484962060176726606e+00
5.520000000000000000e+02 2.484734847937302149e+00
5.525000000000000000e+02 2.484507635697877692e+00
5.530000000000000000e+02 2.484280423458453235e+00
5.535000000000000000e+02 2.484053211219028778e+00
5.540000000000000000e+02 2.483838621881794495e+00
5.545000000000000000e+02 2.483611409642370038e+00
5.550000000000000000e+02 2.483396820305135755e+00
5.555000000000000000e+02 2.483182230967901472e+00
5.560000000000000000e+02 2.482967641630667188e+00
5.565000000000000000e+02 2.482753052293433349e+00
5.570000000000000000e+02 2.482551085858389239e+00
5.575000000000000000e+02 2.482336496521154956e+00
5.580000000000000000e+02 2.482134530086110846e+00
5.585000000000000000e+02 2.481919940748876563e+00
5.590000000000000000e+02 2.481717974313832897e+00
5.595000000000000000e+02 2.481516007878788788e+00
5.600000000000000000e+02 2.481314041443744678e+00
5.605000000000000000e+02 2.481124697910891186e+00
5.610000000000000000e+02 2.480922731475847076e+00
5.615000000000000000e+02 2.480733387942993140e+00
5.620000000000000000e+02 2.480544044410139648e+00
5.625000000000000000e+02 2.480342077975095538e+00
5.630000000000000000e+02 2.480152734442242046e+00
5.635000000000000000e+02 2.479976013811578284e+00
5.640000000000000000e+02 2.479786670278724792e+00
5.645000000000000000e+02 2.479597326745870856e+00
5.650000000000000000e+02 2.479420606115207537e+00
5.655000000000000000e+02 2.479231262582353601e+00
5.660000000000000000e+02 2.479054541951690283e+00
5.665000000000000000e+02 2.478877821321026964e+00
5.670000000000000000e+02 2.478701100690363202e+00
5.680000000000000000e+02 2.478360282331226738e+00
5.685000000000000000e+02 2.478183561700562976e+00
5.690000000000000000e+02 2.478019463972089831e+00
5.695000000000000000e+02 2.477855366243616686e+00
5.700000000000000000e+02 2.477691268515143541e+00
5.705000000000000000e+02 2.477527170786669952e+00
5.710000000000000000e+02 2.477363073058196807e+00
5.715000000000000000e+02 2.477198975329723662e+00
5.725000000000000000e+02 2.476883402774967546e+00
5.730000000000000000e+02 2.476731927948684575e+00
5.735000000000000000e+02 2.476580453122401604e+00
5.740000000000000000e+02 2.476416355393928459e+00
5.745000000000000000e+02 2.476277503469835661e+00
5.750000000000000000e+02 2.476126028643552690e+00
5.755000000000000000e+02 2.475974553817269719e+00
5.760000000000000000e+02 2.475835701893176921e+00
5.765000000000000000e+02 2.475684227066893950e+00
5.770000000000000000e+02 2.475545375142801152e+00
5.775000000000000000e+02 2.475406523218708355e+00
5.780000000000000000e+02 2.475267671294615557e+00
5.785000000000000000e+02 2.475128819370522759e+00
5.790000000000000000e+02 2.474989967446429961e+00
5.795000000000000000e+02 2.474851115522337608e+00
5.800000000000000000e+02 2.474724886500434984e+00
5.805000000000000000e+02 2.474586034576342186e+00
5.810000000000000000e+02 2.474459805554439562e+00
5.815000000000000000e+02 2.474333576532537382e+00
5.820000000000000000e+02 2.474207347510634758e+00
5.825000000000000000e+02 2.474081118488732134e+00
5.830000000000000000e+02 2.473954889466829954e+00
5.835000000000000000e+02 2.473841283347117503e+00
5.840000000000000000e+02 2.473715054325214879e+00
5.845000000000000000e+02 2.473601448205502873e+00
5.850000000000000000e+02 2.473475219183600249e+00
5.855000000000000000e+02 2.473361613063888242e+00
5.860000000000000000e+02 2.473248006944175792e+00
5.865000000000000000e+02 2.473134400824463341e+00
5.870000000000000000e+02 2.473020794704751335e+00
5.875000000000000000e+02 2.472919811487229502e+00
5.880000000000000000e+02 2.472806205367517052e+00
5.885000000000000000e+02 2.472705222149995219e+00
5.890000000000000000e+02 2.472591616030282768e+00
5.895000000000000000e+02 2.472490632812760936e+00
5.900000000000000000e+02 2.472389649595239103e+00
5.905000000000000000e+02 2.472288666377716826e+00
5.910000000000000000e+02 2.472187683160194993e+00
5.915000000000000000e+02 2.472099322844863334e+00
5.920000000000000000e+02 2.471998339627341057e+00
5.925000000000000000e+02 2.471897356409819224e+00
5.930000000000000000e+02 2.471808996094487565e+00
5.935000000000000000e+02 2.471720635779155906e+00
5.940000000000000000e+02 2.471632275463823802e+00
5.945000000000000000e+02 2.471543915148492143e+00
5.950000000000000000e+02 2.471455554833160484e+00
5.955000000000000000e+02 2.471367194517828825e+00
5.960000000000000000e+02 2.471278834202497166e+00
5.965000000000000000e+02 2.471203096789355680e+00
5.970000000000000000e+02 2.471114736474023577e+00
5.975000000000000000e+02 2.471038999060882091e+00
5.980000000000000000e+02 2.470963261647740605e+00
5.985000000000000000e+02 2.470874901332408946e+00
5.990000000000000000e+02 2.470799163919267460e+00
5.995000000000000000e+02 2.470736049408316148e+00
6.000000000000000000e+02 2.470660311995174663e+00
6.005000000000000000e+02 2.470584574582033177e+00
6.015000000000000000e+02 2.470445722657940379e+00
6.020000000000000000e+02 2.470382608146989512e+00
6.025000000000000000e+02 2.470306870733848026e+00
6.030000000000000000e+02 2.470243756222896714e+00
6.035000000000000000e+02 2.470180641711945402e+00
6.040000000000000000e+02 2.470117527200994090e+00
6.045000000000000000e+02 2.470067035592232951e+00
6.050000000000000000e+02 2.470003921081281639e+00
6.055000000000000000e+02 2.469940806570330771e+00
6.060000000000000000e+02 2.469890314961569633e+00
6.065000000000000000e+02 2.469827200450618321e+00
6.070000000000000000e+02 2.469776708841857182e+00
6.075000000000000000e+02 2.469726217233096488e+00
6.080000000000000000e+02 2.469675725624335350e+00
6.085000000000000000e+02 2.469625234015574211e+00
6.090000000000000000e+02 2.469574742406813517e+00
6.095000000000000000e+02 2.469524250798052378e+00
6.100000000000000000e+02 2.469486382091481858e+00
6.105000000000000000e+02 2.469435890482720719e+00
6.110000000000000000e+02 2.469398021776149754e+00
6.115000000000000000e+02 2.469347530167389060e+00
6.120000000000000000e+02 2.469309661460818095e+00
6.125000000000000000e+02 2.469271792754247574e+00
6.130000000000000000e+02 2.469233924047676609e+00
6.135000000000000000e+02 2.469196055341106089e+00
6.140000000000000000e+02 2.469158186634535124e+00
6.145000000000000000e+02 2.469120317927964603e+00
6.150000000000000000e+02 2.469095072123583812e+00
6.155000000000000000e+02 2.469057203417013291e+00
6.160000000000000000e+02 2.469031957612632500e+00
6.165000000000000000e+02 2.468994088906061979e+00
6.170000000000000000e+02 2.468968843101681632e+00
6.175000000000000000e+02 2.468943597297300840e+00
6.180000000000000000e+02 2.468918351492920493e+00
6.185000000000000000e+02 2.468893105688540146e+00
6.190000000000000000e+02 2.468867859884159355e+00
6.195000000000000000e+02 2.468842614079779008e+00
6.200000000000000000e+02 2.468829991177588834e+00
6.205000000000000000e+02 2.468804745373208043e+00
6.210000000000000000e+02 2.468792122471017869e+00
6.215000000000000000e+02 2.468766876666637522e+00
6.220000000000000000e+02 2.468754253764447348e+00
6.225000000000000000e+02 2.468741630862257175e+00
6.230000000000000000e+02 2.468729007960066557e+00
6.235000000000000000e+02 2.468716385057876384e+00
6.240000000000000000e+02 2.468703762155686210e+00
6.245000000000000000e+02 2.468691139253496036e+00
6.250000000000000000e+02 2.468678516351305863e+00
6.255000000000000000e+02 2.468678516351305863e+00
6.260000000000000000e+02 2.468665893449115689e+00
6.270000000000000000e+02 2.468653270546925071e+00
6.275000000000000000e+02 2.468653270546925071e+00
6.280000000000000000e+02 2.468653270546925071e+00
6.285000000000000000e+02 2.468653270546925071e+00
6.290000000000000000e+02 2.468653270546925071e+00
6.295000000000000000e+02 2.468653270546925071e+00
6.300000000000000000e+02 2.468653270546925071e+00
6.305000000000000000e+02 2.468653270546925071e+00
6.310000000000000000e+02 2.468653270546925071e+00
6.315000000000000000e+02 2.468665893449115689e+00
6.320000000000000000e+02 2.468665893449115689e+00
6.325000000000000000e+02 2.468678516351305863e+00
6.330000000000000000e+02 2.468678516351305863e+00
6.335000000000000000e+02 2.468691139253496036e+00
6.340000000000000000e+02 2.468703762155686210e+00
6.345000000000000000e+02 2.468716385057876384e+00
6.350000000000000000e+02 2.468729007960066557e+00
6.355000000000000000e+02 2.468741630862257175e+00
6.360000000000000000e+02 2.468754253764447348e+00
6.365000000000000000e+02 2.468766876666637522e+00
6.370000000000000000e+02 2.468792122471017869e+00
6.375000000000000000e+02 2.468804745373208043e+00
6.380000000000000000e+02 2.468829991177588834e+00
6.385000000000000000e+02 2.468842614079779008e+00
6.390000000000000000e+02 2.468867859884159355e+00
6.395000000000000000e+02 2.468893105688540146e+00
6.400000000000000000e+02 2.468905728590730320e+00
6.405000000000000000e+02 2.468930974395110667e+00
6.410000000000000000e+02 2.468956220199491014e+00
6.415000000000000000e+02 2.468981466003871805e+00
6.420000000000000000e+02 2.469006711808252152e+00
6.430000000000000000e+02 2.469069826319203464e+00
6.435000000000000000e+02 2.469095072123583812e+00
6.445000000000000000e+02 2.469158186634535124e+00
6.450000000000000000e+02 2.469196055341106089e+00
6.455000000000000000e+02 2.469221301145486436e+00
6.460000000000000000e+02 2.469259169852056957e+00
6.465000000000000000e+02 2.469297038558627921e+00
6.470000000000000000e+02 2.469322284363008269e+00
6.475000000000000000e+02 2.469360153069579233e+00
6.480000000000000000e+02 2.469398021776149754e+00
6.485000000000000000e+02 2.469435890482720719e+00
6.490000000000000000e+02 2.469473759189291240e+00
6.495000000000000000e+02 2.469524250798052378e+00
6.500000000000000000e+02 2.469562119504623343e+00
6.505000000000000000e+02 2.469599988211193864e+00
6.510000000000000000e+02 2.469650479819955002e+00
6.515000000000000000e+02 2.469688348526525523e+00
6.520000000000000000e+02 2.469738840135286662e+00
6.525000000000000000e+02 2.469776708841857182e+00
6.530000000000000000e+02 2.469827200450618321e+00
6.540000000000000000e+02 2.469915560765949980e+00
6.545000000000000000e+02 2.469966052374711118e+00
6.550000000000000000e+02 2.470016543983472257e+00
6.555000000000000000e+02 2.470067035592232951e+00
6.560000000000000000e+02 2.470117527200994090e+00
6.565000000000000000e+02 2.470168018809755228e+00
6.570000000000000000e+02 2.470218510418515923e+00
6.575000000000000000e+02 2.470269002027277061e+00
6.580000000000000000e+02 2.470332116538228373e+00
6.585000000000000000e+02 2.470382608146989512e+00
6.590000000000000000e+02 2.470433099755750206e+00
6.595000000000000000e+02 2.470496214266701518e+00
6.600000000000000000e+02 2.470546705875462656e+00
6.605000000000000000e+02 2.470609820386413968e+00
6.610000000000000000e+02 2.470660311995174663e+00
6.615000000000000000e+02 2.470723426506125975e+00
6.620000000000000000e+02 2.470786541017077287e+00
6.625000000000000000e+02 2.470837032625838425e+00
6.630000000000000000e+02 2.470900147136789737e+00
6.635000000000000000e+02 2.470963261647740605e+00
6.640000000000000000e+02 2.471026376158691917e+00
6.645000000000000000e+02 2.471089490669643229e+00
6.650000000000000000e+02 2.471152605180594541e+00
6.655000000000000000e+02 2.471215719691545853e+00
6.660000000000000000e+02 2.471278834202497166e+00
6.665000000000000000e+02 2.471341948713448033e+00
6.675000000000000000e+02 2.471480800637540831e+00
6.680000000000000000e+02 2.471543915148492143e+00
6.685000000000000000e+02 2.471607029659443455e+00
6.690000000000000000e+02 2.471682767072584941e+00
6.695000000000000000e+02 2.471745881583536253e+00
6.700000000000000000e+02 2.471821618996677739e+00
6.705000000000000000e+02 2.471884733507629051e+00
6.710000000000000000e+02 2.471960470920770536e+00
6.715000000000000000e+02 2.472023585431721848e+00
6.720000000000000000e+02 2.472099322844863334e+00
6.730000000000000000e+02 2.472238174768955687e+00
6.735000000000000000e+02 2.472313912182097617e+00
6.740000000000000000e+02 2.472389649595239103e+00
6.745000000000000000e+02 2.472452764106189971e+00
6.750000000000000000e+02 2.472528501519331456e+00
6.755000000000000000e+02 2.472604238932472942e+00
6.760000000000000000e+02 2.472679976345614428e+00
6.765000000000000000e+02 2.472755713758755913e+00
6.770000000000000000e+02 2.472831451171897399e+00
6.775000000000000000e+02 2.472907188585038885e+00
6.780000000000000000e+02 2.472982925998180370e+00
6.785000000000000000e+02 2.473058663411321856e+00
6.790000000000000000e+02 2.473134400824463341e+00
6.795000000000000000e+02 2.473210138237605271e+00
6.800000000000000000e+02 2.473285875650746757e+00
6.805000000000000000e+02 2.473361613063888242e+00
6.810000000000000000e+02 2.473449973379219902e+00
6.815000000000000000e+02 2.473525710792361387e+00
6.820000000000000000e+02 2.473601448205502873e+00
6.825000000000000000e+02 2.473677185618644359e+00
6.830000000000000000e+02 2.473752923031785844e+00
6.835000000000000000e+02 2.473841283347117503e+00
6.840000000000000000e+02 2.473917020760258989e+00
6.845000000000000000e+02 2.473992758173400475e+00
6.850000000000000000e+02 2.474081118488732134e+00
6.855000000000000000e+02 2.474156855901873620e+00
6.860000000000000000e+02 2.474232593315015105e+00
6.870000000000000000e+02 2.474396691043488250e+00
6.875000000000000000e+02 2.474472428456629736e+00
6.880000000000000000e+02 2.474560788771961839e+00
6.885000000000000000e+02 2.474636526185103325e+00
6.890000000000000000e+02 2.474712263598244810e+00
6.895000000000000000e+02 2.474800623913576469e+00
6.900000000000000000e+02 2.474876361326717955e+00
6.905000000000000000e+02 2.474952098739859441e+00
6.910000000000000000e+02 2.475040459055191100e+00
6.915000000000000000e+02 2.475116196468332586e+00
6.920000000000000000e+02 2.475204556783664245e+00
6.925000000000000000e+02 2.475280294196805730e+00
6.930000000000000000e+02 2.475356031609947216e+00
6.935000000000000000e+02 2.475444391925279319e+00
6.940000000000000000e+02 2.475520129338420805e+00
6.945000000000000000e+02 2.475595866751562291e+00
6.950000000000000000e+02 2.475684227066893950e+00
6.955000000000000000e+02 2.475759964480035435e+00
6.960000000000000000e+02 2.475835701893176921e+00
6.970000000000000000e+02 2.475999799621650066e+00
6.975000000000000000e+02 2.476075537034791552e+00
6.980000000000000000e+02 2.476151274447933037e+00
6.985000000000000000e+02 2.476227011861074523e+00
6.990000000000000000e+02 2.476315372176406182e+00
6.995000000000000000e+02 2.476391109589547668e+00
7.000000000000000000e+02 2.476466847002689153e+00
7.005000000000000000e+02 2.476542584415830639e+00
7.010000000000000000e+02 2.476618321828972125e+00
7.015000000000000000e+02 2.476694059242113610e+00
7.020000000000000000e+02 2.476769796655255096e+00
7.025000000000000000e+02 2.476845534068396582e+00
7.030000000000000000e+02 2.476921271481538067e+00
7.035000000000000000e+02 2.476997008894679553e+00
7.040000000000000000e+02 2.477072746307821038e+00
7.045000000000000000e+02 2.477148483720962524e+00
7.050000000000000000e+02 2.477211598231913836e+00
7.055000000000000000e+02 2.477287335645055322e+00
7.060000000000000000e+02 2.477363073058196807e+00
7.065000000000000000e+02 2.477426187569148119e+00
7.070000000000000000e+02 2.477501924982289605e+00
7.075000000000000000e+02 2.477577662395431091e+00
7.080000000000000000e+02 2.477640776906382403e+00
7.085000000000000000e+02 2.477703891417333715e+00
7.090000000000000000e+02 2.477779628830475200e+00
7.095000000000000000e+02 2.477842743341426512e+00
7.100000000000000000e+02 2.477905857852377824e+00
7.105000000000000000e+02 2.477981595265519310e+00
7.110000000000000000e+02 2.478044709776470178e+00
7.115000000000000000e+02 2.478107824287421490e+00
7.120000000000000000e+02 2.478170938798372802e+00
7.125000000000000000e+02 2.478234053309324114e+00
7.130000000000000000e+02 2.478284544918085253e+00
7.135000000000000000e+02 2.478347659429036121e+00
7.140000000000000000e+02 2.478410773939987433e+00
7.145000000000000000e+02 2.478473888450938745e+00
7.150000000000000000e+02 2.478524380059699883e+00
7.155000000000000000e+02 2.478587494570651195e+00
7.160000000000000000e+02 2.478637986179411890e+00
7.165000000000000000e+02 2.478688477788173028e+00
7.170000000000000000e+02 2.478738969396934166e+00
7.185000000000000000e+02 2.478890444223217138e+00
7.190000000000000000e+02 2.478940935831977832e+00
7.195000000000000000e+02 2.478991427440738970e+00
7.200000000000000000e+02 2.479041919049500109e+00
7.205000000000000000e+02 2.479079787756070630e+00
7.210000000000000000e+02 2.479130279364831768e+00
7.215000000000000000e+02 2.479168148071402733e+00
7.220000000000000000e+02 2.479206016777973254e+00
7.225000000000000000e+02 2.479243885484543775e+00
7.230000000000000000e+02 2.479281754191114739e+00
7.235000000000000000e+02 2.479319622897685704e+00
7.240000000000000000e+02 2.479357491604256225e+00
7.245000000000000000e+02 2.479395360310827190e+00
7.250000000000000000e+02 2.479420606115207537e+00
7.260000000000000000e+02 2.479483720626158849e+00
7.265000000000000000e+02 2.479508966430539196e+00
7.270000000000000000e+02 2.479534212234919544e+00
7.275000000000000000e+02 2.479559458039300335e+00
7.280000000000000000e+02 2.479584703843680682e+00
7.285000000000000000e+02 2.479597326745870856e+00
7.290000000000000000e+02 2.479622572550251647e+00
7.295000000000000000e+02 2.479635195452441820e+00
7.300000000000000000e+02 2.479660441256822168e+00
7.305000000000000000e+02 2.479673064159012341e+00
7.310000000000000000e+02 2.479685687061202515e+00
7.315000000000000000e+02 2.479698309963393132e+00
7.320000000000000000e+02 2.479710932865583306e+00
7.325000000000000000e+02 2.479710932865583306e+00
7.330000000000000000e+02 2.479723555767773480e+00
7.335000000000000000e+02 2.479723555767773480e+00
7.340000000000000000e+02 2.479723555767773480e+00
7.345000000000000000e+02 2.479723555767773480e+00
7.350000000000000000e+02 2.479723555767773480e+00
7.355000000000000000e+02 2.479723555767773480e+00
7.360000000000000000e+02 2.479723555767773480e+00
7.365000000000000000e+02 2.479710932865583306e+00
7.370000000000000000e+02 2.479698309963393132e+00
7.375000000000000000e+02 2.479698309963393132e+00
7.380000000000000000e+02 2.479685687061202515e+00
7.385000000000000000e+02 2.479673064159012341e+00
7.390000000000000000e+02 2.479647818354631994e+00
7.395000000000000000e+02 2.479635195452441820e+00
7.400000000000000000e+02 2.479609949648061029e+00
7.405000000000000000e+02 2.479597326745870856e+00
7.410000000000000000e+02 2.479572080941490508e+00
7.415000000000000000e+02 2.479546835137110161e+00
7.420000000000000000e+02 2.479521589332729370e+00
7.430000000000000000e+02 2.479458474821778058e+00
7.435000000000000000e+02 2.479433229017397711e+00
7.440000000000000000e+02 2.479395360310827190e+00
7.445000000000000000e+02 2.479357491604256225e+00
7.450000000000000000e+02 2.479319622897685704e+00
7.455000000000000000e+02 2.479281754191114739e+00
7.460000000000000000e+02 2.479243885484543775e+00
7.465000000000000000e+02 2.479193393875783080e+00
7.470000000000000000e+02 2.479155525169212115e+00
7.475000000000000000e+02 2.479105033560451421e+00
7.480000000000000000e+02 2.479054541951690283e+00
7.485000000000000000e+02 2.479004050342929144e+00
7.490000000000000000e+02 2.478953558734168450e+00
7.495000000000000000e+02 2.478903067125407311e+00
7.500000000000000000e+02 2.478839952614455999e+00
7.505000000000000000e+02 2.478789461005694861e+00
7.510000000000000000e+02 2.478726346494743993e+00
7.515000000000000000e+02 2.478663231983792681e+00
7.525000000000000000e+02 2.478537002961890057e+00
7.530000000000000000e+02 2.478473888450938745e+00
7.535000000000000000e+02 2.478410773939987433e+00
7.540000000000000000e+02 2.478347659429036121e+00
7.545000000000000000e+02 2.478271922015894635e+00
7.550000000000000000e+02 2.478196184602753149e+00
7.555000000000000000e+02 2.478133070091802281e+00
7.560000000000000000e+02 2.478057332678660796e+00
7.565000000000000000e+02 2.477981595265519310e+00
7.570000000000000000e+02 2.477905857852377824e+00
7.575000000000000000e+02 2.477817497537045721e+00
7.580000000000000000e+02 2.477741760123904236e+00
7.590000000000000000e+02 2.477577662395431091e+00
7.595000000000000000e+02 2.477489302080099431e+00
7.600000000000000000e+02 2.477400941764767772e+00
7.605000000000000000e+02 2.477325204351626287e+00
7.610000000000000000e+02 2.477236844036294627e+00
7.615000000000000000e+02 2.477148483720962524e+00
7.620000000000000000e+02 2.477047500503440691e+00
7.625000000000000000e+02 2.476959140188109032e+00
7.630000000000000000e+02 2.476870779872777373e+00
7.635000000000000000e+02 2.476769796655255096e+00
7.640000000000000000e+02 2.476681436339923437e+00
7.645000000000000000e+02 2.476580453122401604e+00
7.650000000000000000e+02 2.476479469904879327e+00
7.655000000000000000e+02 2.476391109589547668e+00
7.660000000000000000e+02 2.476290126372025835e+00
7.665000000000000000e+02 2.476189143154504002e+00
7.670000000000000000e+02 2.476088159936981725e+00
7.675000000000000000e+02 2.475987176719459892e+00
7.680000000000000000e+02 2.475886193501937615e+00
7.685000000000000000e+02 2.475772587382225609e+00
7.690000000000000000e+02 2.475671604164703776e+00
7.695000000000000000e+02 2.475570620947181499e+00
7.700000000000000000e+02 2.475457014827469493e+00
7.705000000000000000e+02 2.475356031609947216e+00
7.710000000000000000e+02 2.475242425490235210e+00
7.715000000000000000e+02 2.475128819370522759e+00
7.720000000000000000e+02 2.475027836153000926e+00
7.725000000000000000e+02 2.474914230033288476e+00
7.730000000000000000e+02 2.474800623913576469e+00
7.735000000000000000e+02 2.474687017793864019e+00
7.740000000000000000e+02 2.474586034576342186e+00
7.745000000000000000e+02 2.474472428456629736e+00
7.750000000000000000e+02 2.474358822336917729e+00
7.755000000000000000e+02 2.474245216217205279e+00
7.765000000000000000e+02 2.474005381075590648e+00
7.770000000000000000e+02 2.473891774955878642e+00
7.775000000000000000e+02 2.473778168836166191e+00
7.780000000000000000e+02 2.473664562716454185e+00
7.785000000000000000e+02 2.473550956596741734e+00
7.790000000000000000e+02 2.473424727574839110e+00
7.795000000000000000e+02 2.473311121455127104e+00
7.800000000000000000e+02 2.473197515335414653e+00
7.805000000000000000e+02 2.473071286313512473e+00
7.810000000000000000e+02 2.472957680193800023e+00
7.815000000000000000e+02 2.472831451171897399e+00
7.820000000000000000e+02 2.472717845052185393e+00
7.825000000000000000e+02 2.472591616030282768e+00
7.830000000000000000e+02 2.472478009910570762e+00
7.835000000000000000e+02 2.472351780888668138e+00
7.840000000000000000e+02 2.472238174768955687e+00
7.845000000000000000e+02 2.472111945747053507e+00
7.850000000000000000e+02 2.471998339627341057e+00
7.855000000000000000e+02 2.471872110605438877e+00
7.860000000000000000e+02 2.471745881583536253e+00
7.865000000000000000e+02 2.471632275463823802e+00
7.870000000000000000e+02 2.471506046441921622e+00
7.875000000000000000e+02 2.471392440322209172e+00
7.880000000000000000e+02 2.471266211300306548e+00
7.885000000000000000e+02 2.471139982278404368e+00
7.890000000000000000e+02 2.471026376158691917e+00
7.895000000000000000e+02 2.470900147136789737e+00
7.900000000000000000e+02 2.470773918114887113e+00
7.905000000000000000e+02 2.470660311995174663e+00
7.910000000000000000e+02 2.470534082973272483e+00
7.915000000000000000e+02 2.470407853951369859e+00
7.920000000000000000e+02 2.470294247831657408e+00
7.925000000000000000e+02 2.470168018809755228e+00
7.930000000000000000e+02 2.470041789787852604e+00
7.935000000000000000e+02 2.469928183668140154e+00
7.940000000000000000e+02 2.469801954646237974e+00
7.945000000000000000e+02 2.469675725624335350e+00
7.950000000000000000e+02 2.469562119504623343e+00
7.955000000000000000e+02 2.469435890482720719e+00
7.960000000000000000e+02 2.469322284363008269e+00
7.965000000000000000e+02 2.469196055341106089e+00
7.970000000000000000e+02 2.469069826319203464e+00
7.975000000000000000e+02 2.468956220199491014e+00
7.980000000000000000e+02 2.468829991177588834e+00
7.985000000000000000e+02 2.468716385057876384e+00
7.990000000000000000e+02 2.468590156035974204e+00
7.995000000000000000e+02 2.468476549916261753e+00
8.000000000000000000e+02 2.468350320894359129e+00
8.005000000000000000e+02 2.468236714774647123e+00
8.010000000000000000e+02 2.468110485752744498e+00
8.015000000000000000e+02 2.467996879633032492e+00
8.020000000000000000e+02 2.467870650611129868e+00
8.025000000000000000e+02 2.467757044491417417e+00
8.030000000000000000e+02 2.467630815469515237e+00
8.035000000000000000e+02 2.467517209349802787e+00
8.040000000000000000e+02 2.467403603230090781e+00
8.045000000000000000e+02 2.467277374208188157e+00
8.050000000000000000e+02 2.467163768088475706e+00
8.055000000000000000e+02 2.467050161968763700e+00
8.060000000000000000e+02 2.466923932946861076e+00
8.065000000000000000e+02 2.466810326827149069e+00
8.070000000000000000e+02 2.466696720707436619e+00
8.075000000000000000e+02 2.466583114587724612e+00
8.080000000000000000e+02 2.466469508468012162e+00
8.090000000000000000e+02 2.466229673326397531e+00
8.095000000000000000e+02 2.466116067206685081e+00
8.100000000000000000e+02 2.466002461086973074e+00
8.105000000000000000e+02 2.465888854967260624e+00
8.110000000000000000e+02 2.465775248847548617e+00
8.115000000000000000e+02 2.465661642727836167e+00
8.120000000000000000e+02 2.465548036608124161e+00
8.130000000000000000e+02 2.465333447270889877e+00
8.135000000000000000e+02 2.465219841151177427e+00
8.140000000000000000e+02 2.465106235031465420e+00
8.145000000000000000e+02 2.464992628911752970e+00
8.150000000000000000e+02 2.464879022792040963e+00
8.155000000000000000e+02 2.464778039574518687e+00
8.160000000000000000e+02 2.464664433454806680e+00
8.165000000000000000e+02 2.464550827335094230e+00
8.170000000000000000e+02 2.464449844117572397e+00
8.175000000000000000e+02 2.464336237997859946e+00
8.180000000000000000e+02 2.464235254780338114e+00
8.185000000000000000e+02 2.464121648660626107e+00
8.190000000000000000e+02 2.464020665443103830e+00
8.195000000000000000e+02 2.463907059323391824e+00
8.200000000000000000e+02 2.463806076105869547e+00
8.205000000000000000e+02 2.463705092888347714e+00
8.210000000000000000e+02 2.463591486768635264e+00
8.215000000000000000e+02 2.463490503551113431e+00
8.220000000000000000e+02 2.463389520333591598e+00
8.225000000000000000e+02 2.463288537116069321e+00
8.230000000000000000e+02 2.463187553898547488e+00
8.235000000000000000e+02 2.463073947778835038e+00
8.240000000000000000e+02 2.462972964561313205e+00
8.245000000000000000e+02 2.462871981343791372e+00
8.250000000000000000e+02 2.462770998126269095e+00
8.255000000000000000e+02 2.462670014908747262e+00
8.260000000000000000e+02 2.462569031691225430e+00
8.265000000000000000e+02 2.462480671375893770e+00
8.270000000000000000e+02 2.462379688158371494e+00
8.275000000000000000e+02 2.462278704940849661e+00
8.280000000000000000e+02 2.462177721723327384e+00
8.285000000000000000e+02 2.462089361407995725e+00
8.290000000000000000e+02 2.461988378190473892e+00
8.295000000000000000e+02 2.461887394972952059e+00
8.300000000000000000e+02 2.461799034657619956e+00
8.305000000000000000e+02 2.461698051440098123e+00
8.310000000000000000e+02 2.461609691124766464e+00
8.315000000000000000e+02 2.461508707907244187e+00
8.320000000000000000e+02 2.461420347591912527e+00
8.325000000000000000e+02 2.461319364374390695e+00
8.330000000000000000e+02 2.461231004059059035e+00
8.335000000000000000e+02 2.461142643743727376e+00
8.345000000000000000e+02 2.460953300210873440e+00
8.350000000000000000e+02 2.460864939895541781e+00
8.355000000000000000e+02 2.460776579580210122e+00
8.360000000000000000e+02 2.460688219264878018e+00
8.365000000000000000e+02 2.460599858949546359e+00
8.370000000000000000e+02 2.460511498634214700e+00
8.375000000000000000e+02 2.460423138318883041e+00
8.380000000000000000e+02 2.460334778003551381e+00
8.385000000000000000e+02 2.460246417688219722e+00
8.390000000000000000e+02 2.460170680275078237e+00
8.395000000000000000e+02 2.460082319959746133e+00
8.400000000000000000e+02 2.459993959644414474e+00
8.405000000000000000e+02 2.459905599329082815e+00
8.410000000000000000e+02 2.459829861915941329e+00
8.415000000000000000e+02 2.459741501600609670e+00
8.420000000000000000e+02 2.459665764187468184e+00
8.425000000000000000e+02 2.459577403872136525e+00
8.430000000000000000e+02 2.459501666458995039e+00
8.435000000000000000e+02 2.459413306143662936e+00
8.440000000000000000e+02 2.459337568730521451e+00
8.445000000000000000e+02 2.459261831317379965e+00
8.450000000000000000e+02 2.459173471002048306e+00
8.455000000000000000e+02 2.459097733588906820e+00
8.460000000000000000e+02 2.459021996175765334e+00
8.465000000000000000e+02 2.458946258762623849e+00
8.470000000000000000e+02 2.458870521349482363e+00
8.475000000000000000e+02 2.458794783936340878e+00
8.480000000000000000e+02 2.458719046523199392e+00
8.485000000000000000e+02 2.458643309110057906e+00
8.490000000000000000e+02 2.458567571696916421e+00
8.495000000000000000e+02 2.458491834283774935e+00
8.500000000000000000e+02 2.458416096870633449e+00
8.505000000000000000e+02 2.458352982359682137e+00
8.510000000000000000e+02 2.458277244946540652e+00
8.515000000000000000e+02 2.458201507533399166e+00
8.520000000000000000e+02 2.458138393022447854e+00
8.525000000000000000e+02 2.458062655609306368e+00
8.530000000000000000e+02 2.457999541098355056e+00
8.535000000000000000e+02 2.457923803685213571e+00
8.540000000000000000e+02 2.457860689174262703e+00
8.545000000000000000e+02 2.457784951761120773e+00
8.550000000000000000e+02 2.457721837250169905e+00
8.555000000000000000e+02 2.457658722739218593e+00
8.560000000000000000e+02 2.457582985326077107e+00
8.565000000000000000e+02 2.457519870815125795e+00
8.570000000000000000e+02 2.457456756304174483e+00
8.575000000000000000e+02 2.457393641793223171e+00
8.580000000000000000e+02 2.457330527282271859e+00
8.585000000000000000e+02 2.457267412771320991e+00
8.590000000000000000e+02 2.457204298260369679e+00
8.595000000000000000e+02 2.457141183749418367e+00
8.600000000000000000e+02 2.457078069238467055e+00
8.605000000000000000e+02 2.457014954727515743e+00
8.610000000000000000e+02 2.456964463118754605e+00
8.615000000000000000e+02 2.456901348607803737e+00
8.620000000000000000e+02 2.456838234096852425e+00
8.625000000000000000e+02 2.456787742488091286e+00
8.630000000000000000e+02 2.456724627977139974e+00
8.635000000000000000e+02 2.456661513466188662e+00
8.640000000000000000e+02 2.456611021857427968e+00
8.650000000000000000e+02 2.456497415737715517e+00
8.655000000000000000e+02 2.456446924128954823e+00
8.660000000000000000e+02 2.456383809618003511e+00
8.665000000000000000e+02 2.456333318009242372e+00
8.670000000000000000e+02 2.456282826400481234e+00
8.675000000000000000e+02 2.456232334791720540e+00
8.680000000000000000e+02 2.456181843182959401e+00
8.685000000000000000e+02 2.456131351574198263e+00
8.690000000000000000e+02 2.456080859965437568e+00
8.695000000000000000e+02 2.456030368356676430e+00
8.700000000000000000e+02 2.455979876747915291e+00
8.705000000000000000e+02 2.455929385139154597e+00
8.710000000000000000e+02 2.455878893530393459e+00
8.715000000000000000e+02 2.455828401921632320e+00
8.720000000000000000e+02 2.455777910312871626e+00
8.725000000000000000e+02 2.455740041606300661e+00
8.730000000000000000e+02 2.455689549997539523e+00
8.735000000000000000e+02 2.455639058388778828e+00
8.740000000000000000e+02 2.455601189682207863e+00
8.745000000000000000e+02 2.455550698073446725e+00
8.750000000000000000e+02 2.455512829366876204e+00
8.755000000000000000e+02 2.455462337758115066e+00
8.760000000000000000e+02 2.455424469051544545e+00
8.765000000000000000e+02 2.455373977442783406e+00
8.770000000000000000e+02 2.455336108736212886e+00
8.775000000000000000e+02 2.455298240029641921e+00
8.780000000000000000e+02 2.455260371323071400e+00
8.790000000000000000e+02 2.455172011007739297e+00
8.795000000000000000e+02 2.455134142301168776e+00
8.800000000000000000e+02 2.455096273594597811e+00
8.805000000000000000e+02 2.455058404888027290e+00
8.810000000000000000e+02 2.455020536181456325e+00
8.815000000000000000e+02 2.454982667474885805e+00
8.820000000000000000e+02 2.454957421670505457e+00
8.825000000000000000e+02 2.454919552963934493e+00
8.830000000000000000e+02 2.454881684257363972e+00
8.835000000000000000e+02 2.454843815550793007e+00
8.840000000000000000e+02 2.454818569746412660e+00
8.845000000000000000e+02 2.454780701039841695e+00
8.850000000000000000e+02 2.454742832333271174e+00
8.855000000000000000e+02 2.454717586528890383e+00
8.860000000000000000e+02 2.454679717822319862e+00
8.865000000000000000e+02 2.454654472017939071e+00
8.870000000000000000e+02 2.454616603311368550e+00
8.875000000000000000e+02 2.454591357506988203e+00
8.880000000000000000e+02 2.454566111702607412e+00
8.885000000000000000e+02 2.454528242996036891e+00
8.890000000000000000e+02 2.454502997191656100e+00
8.895000000000000000e+02 2.454477751387275752e+00
8.900000000000000000e+02 2.454452505582895405e+00
8.905000000000000000e+02 2.454427259778514614e+00
8.910000000000000000e+02 2.454402013974134267e+00
8.915000000000000000e+02 2.454364145267563746e+00
8.925000000000000000e+02 2.454326276560992781e+00
8.930000000000000000e+02 2.454301030756612434e+00
8.935000000000000000e+02 2.454275784952231643e+00
8.940000000000000000e+02 2.454250539147851295e+00
8.945000000000000000e+02 2.454225293343470948e+00
8.950000000000000000e+02 2.454200047539090157e+00
8.955000000000000000e+02 2.454187424636899983e+00
8.960000000000000000e+02 2.454162178832519636e+00
8.965000000000000000e+02 2.454136933028139289e+00
8.970000000000000000e+02 2.454124310125948671e+00
8.975000000000000000e+02 2.454099064321568324e+00
8.980000000000000000e+02 2.454086441419378151e+00
8.985000000000000000e+02 2.454061195614997359e+00
8.990000000000000000e+02 2.454048572712807186e+00
8.995000000000000000e+02 2.454035949810617012e+00
9.000000000000000000e+02 2.454010704006236665e+00
9.005000000000000000e+02 2.453998081104046491e+00
9.010000000000000000e+02 2.453985458201855874e+00
9.015000000000000000e+02 2.453972835299665700e+00
9.020000000000000000e+02 2.453947589495285353e+00
9.025000000000000000e+02 2.453934966593095179e+00
9.030000000000000000e+02 2.453922343690905006e+00
9.035000000000000000e+02 2.453909720788714388e+00
9.040000000000000000e+02 2.453897097886524215e+00
9.045000000000000000e+02 2.453884474984334041e+00
9.050000000000000000e+02 2.453871852082143867e+00
9.055000000000000000e+02 2.453859229179953694e+00
9.060000000000000000e+02 2.453846606277763520e+00
9.065000000000000000e+02 2.453846606277763520e+00
9.070000000000000000e+02 2.453833983375572902e+00
9.075000000000000000e+02 2.453821360473382729e+00
9.080000000000000000e+02 2.453808737571192555e+00
9.085000000000000000e+02 2.453808737571192555e+00
9.090000000000000000e+02 2.453796114669002382e+00
9.095000000000000000e+02 2.453796114669002382e+00
9.100000000000000000e+02 2.453783491766812208e+00
9.105000000000000000e+02 2.453783491766812208e+00
9.110000000000000000e+02 2.453770868864622035e+00
9.115000000000000000e+02 2.453770868864622035e+00
9.120000000000000000e+02 2.453758245962431417e+00
9.125000000000000000e+02 2.453758245962431417e+00
9.130000000000000000e+02 2.453758245962431417e+00
9.135000000000000000e+02 2.453745623060241243e+00
9.140000000000000000e+02 2.453745623060241243e+00
9.145000000000000000e+02 2.453745623060241243e+00
9.150000000000000000e+02 2.453745623060241243e+00
9.155000000000000000e+02 2.453745623060241243e+00
9.160000000000000000e+02 2.453733000158051070e+00
9.165000000000000000e+02 2.453733000158051070e+00
9.170000000000000000e+02 2.453733000158051070e+00
9.175000000000000000e+02 2.453733000158051070e+00
9.180000000000000000e+02 2.453733000158051070e+00
9.190000000000000000e+02 2.453745623060241243e+00
9.195000000000000000e+02 2.453745623060241243e+00
9.200000000000000000e+02 2.453745623060241243e+00
9.205000000000000000e+02 2.453745623060241243e+00
9.210000000000000000e+02 2.453745623060241243e+00
9.215000000000000000e+02 2.453758245962431417e+00
9.220000000000000000e+02 2.453758245962431417e+00
9.225000000000000000e+02 2.453758245962431417e+00
9.230000000000000000e+02 2.453770868864622035e+00
9.235000000000000000e+02 2.453770868864622035e+00
9.240000000000000000e+02 2.453783491766812208e+00
9.245000000000000000e+02 2.453783491766812208e+00
9.250000000000000000e+02 2.453796114669002382e+00
9.255000000000000000e+02 2.453796114669002382e+00
9.260000000000000000e+02 2.453808737571192555e+00
9.265000000000000000e+02 2.453808737571192555e+00
9.270000000000000000e+02 2.453821360473382729e+00
9.275000000000000000e+02 2.453833983375572902e+00
9.280000000000000000e+02 2.453833983375572902e+00
9.285000000000000000e+02 2.453846606277763520e+00
9.290000000000000000e+02 2.453859229179953694e+00
9.295000000000000000e+02 2.453871852082143867e+00
9.300000000000000000e+02 2.453884474984334041e+00
9.305000000000000000e+02 2.453897097886524215e+00
9.310000000000000000e+02 2.453897097886524215e+00
9.315000000000000000e+02 2.453909720788714388e+00
9.320000000000000000e+02 2.453922343690905006e+00
9.325000000000000000e+02 2.453934966593095179e+00
9.330000000000000000e+02 2.453947589495285353e+00
9.335000000000000000e+02 2.453960212397475527e+00
9.340000000000000000e+02 2.453972835299665700e+00
9.345000000000000000e+02 2.453998081104046491e+00
9.350000000000000000e+02 2.454010704006236665e+00
9.355000000000000000e+02 2.454023326908426839e+00
9.360000000000000000e+02 2.454035949810617012e+00
9.365000000000000000e+02 2.454048572712807186e+00
9.370000000000000000e+02 2.454073818517187977e+00
9.375000000000000000e+02 2.454086441419378151e+00
9.380000000000000000e+02 2.454099064321568324e+00
9.385000000000000000e+02 2.454111687223758498e+00
9.390000000000000000e+02 2.454136933028139289e+00
9.395000000000000000e+02 2.454149555930329463e+00
9.400000000000000000e+02 2.454174801734709810e+00
9.405000000000000000e+02 2.454187424636899983e+00
9.410000000000000000e+02 2.454212670441280775e+00
9.415000000000000000e+02 2.454225293343470948e+00
9.420000000000000000e+02 2.454250539147851295e+00
9.425000000000000000e+02 2.454263162050041469e+00
9.430000000000000000e+02 2.454288407854422260e+00
9.435000000000000000e+02 2.454301030756612434e+00
9.440000000000000000e+02 2.454326276560992781e+00
9.450000000000000000e+02 2.454364145267563746e+00
9.455000000000000000e+02 2.454389391071944093e+00
9.460000000000000000e+02 2.454414636876324440e+00
9.465000000000000000e+02 2.454427259778514614e+00
9.470000000000000000e+02 2.454452505582895405e+00
9.475000000000000000e+02 2.454477751387275752e+00
9.480000000000000000e+02 2.454502997191656100e+00
9.485000000000000000e+02 2.454515620093846717e+00
9.490000000000000000e+02 2.454540865898227064e+00
9.495000000000000000e+02 2.454566111702607412e+00
9.500000000000000000e+02 2.454591357506988203e+00
9.505000000000000000e+02 2.454616603311368550e+00
9.510000000000000000e+02 2.454641849115748897e+00
9.515000000000000000e+02 2.454667094920129689e+00
9.520000000000000000e+02 2.454692340724510036e+00
9.525000000000000000e+02 2.454717586528890383e+00
9.530000000000000000e+02 2.454742832333271174e+00
9.535000000000000000e+02 2.454768078137651521e+00
9.540000000000000000e+02 2.454793323942031869e+00
9.545000000000000000e+02 2.454818569746412660e+00
9.550000000000000000e+02 2.454843815550793007e+00
9.555000000000000000e+02 2.454869061355173354e+00
9.560000000000000000e+02 2.454894307159554145e+00
9.565000000000000000e+02 2.454919552963934493e+00
9.570000000000000000e+02 2.454944798768314840e+00
9.575000000000000000e+02 2.454982667474885805e+00
9.580000000000000000e+02 2.455007913279266152e+00
9.585000000000000000e+02 2.455033159083646943e+00
9.590000000000000000e+02 2.455058404888027290e+00
9.595000000000000000e+02 2.455083650692407637e+00
9.600000000000000000e+02 2.455121519398978602e+00
9.605000000000000000e+02 2.455146765203358949e+00
9.610000000000000000e+02 2.455172011007739297e+00
9.615000000000000000e+02 2.455197256812120088e+00
9.620000000000000000e+02 2.455235125518690609e+00
9.625000000000000000e+02 2.455260371323071400e+00
9.630000000000000000e+02 2.455285617127451747e+00
9.635000000000000000e+02 2.455323485834022268e+00
9.640000000000000000e+02 2.455348731638403059e+00
9.645000000000000000e+02 2.455373977442783406e+00
9.650000000000000000e+02 2.455411846149354371e+00
9.655000000000000000e+02 2.455437091953734718e+00
9.660000000000000000e+02 2.455462337758115066e+00
9.665000000000000000e+02 2.455500206464686030e+00
9.670000000000000000e+02 2.455525452269066378e+00
9.675000000000000000e+02 2.455563320975637343e+00
9.680000000000000000e+02 2.455588566780017690e+00
9.685000000000000000e+02 2.455613812584398037e+00
9.690000000000000000e+02 2.455651681290969002e+00
9.695000000000000000e+02 2.455676927095349349e+00
9.700000000000000000e+02 2.455714795801920314e+00
9.705000000000000000e+02 2.455740041606300661e+00
9.710000000000000000e+02 2.455777910312871626e+00
9.715000000000000000e+02 2.455803156117251973e+00
9.725000000000000000e+02 2.455866270628203285e+00
9.730000000000000000e+02 2.455891516432583632e+00
9.735000000000000000e+02 2.455929385139154597e+00
9.740000000000000000e+02 2.455954630943534944e+00
9.745000000000000000e+02 2.455992499650105465e+00
9.750000000000000000e+02 2.456017745454486256e+00
9.755000000000000000e+02 2.456055614161056777e+00
9.760000000000000000e+02 2.456080859965437568e+00
9.765000000000000000e+02 2.456118728672008089e+00
9.770000000000000000e+02 2.456143974476388436e+00
9.775000000000000000e+02 2.456181843182959401e+00
9.780000000000000000e+02 2.456207088987339748e+00
9.785000000000000000e+02 2.456244957693910713e+00
9.790000000000000000e+02 2.456270203498291060e+00
9.795000000000000000e+02 2.456308072204862025e+00
9.800000000000000000e+02 2.456333318009242372e+00
9.805000000000000000e+02 2.456358563813622720e+00
9.810000000000000000e+02 2.456396432520193684e+00
9.815000000000000000e+02 2.456421678324574032e+00
9.820000000000000000e+02 2.456459547031144997e+00
9.825000000000000000e+02 2.456484792835525344e+00
9.830000000000000000e+02 2.456522661542096309e+00
9.835000000000000000e+02 2.456547907346476656e+00
9.840000000000000000e+02 2.456573153150857003e+00
9.845000000000000000e+02 2.456611021857427968e+00
9.850000000000000000e+02 2.456636267661808315e+00
9.855000000000000000e+02 2.456674136368379280e+00
9.860000000000000000e+02 2.456699382172759627e+00
9.865000000000000000e+02 2.456724627977139974e+00
9.870000000000000000e+02 2.456762496683710939e+00
9.875000000000000000e+02 2.456787742488091286e+00
9.880000000000000000e+02 2.456812988292471633e+00
9.885000000000000000e+02 2.456850856999042598e+00
9.890000000000000000e+02 2.456876102803422945e+00
9.895000000000000000e+02 2.456901348607803737e+00
9.900000000000000000e+02 2.456939217314374257e+00
9.905000000000000000e+02 2.456964463118754605e+00
9.910000000000000000e+02 2.456989708923135396e+00
9.915000000000000000e+02 2.457014954727515743e+00
9.920000000000000000e+02 2.457040200531896090e+00
9.925000000000000000e+02 2.457078069238467055e+00
9.930000000000000000e+02 2.457103315042847402e+00
9.935000000000000000e+02 2.457128560847228194e+00
9.940000000000000000e+02 2.457153806651608541e+00
9.945000000000000000e+02 2.457179052455988888e+00
9.950000000000000000e+02 2.457204298260369679e+00
9.955000000000000000e+02 2.457229544064750026e+00
9.960000000000000000e+02 2.457254789869130374e+00
9.965000000000000000e+02 2.457280035673511165e+00
9.970000000000000000e+02 2.457305281477891512e+00
9.975000000000000000e+02 2.457330527282271859e+00
9.980000000000000000e+02 2.457355773086652651e+00
9.985000000000000000e+02 2.457381018891032998e+00
9.990000000000000000e+02 2.457406264695413345e+00
9.995000000000000000e+02 2.457431510499794136e+00
1.000000000000000000e+03 2.457456756304174483e+00
1.000500000000000000e+03 2.457482002108554830e+00
1.001000000000000000e+03 2.457494625010745448e+00
1.001500000000000000e+03 2.457519870815125795e+00
1.002000000000000000e+03 2.457545116619506143e+00
1.002500000000000000e+03 2.457570362423886934e+00
1.003000000000000000e+03 2.457582985326077107e+00
1.003500000000000000e+03 2.457608231130457455e+00
1.004000000000000000e+03 2.457633476934837802e+00
1.004500000000000000e+03 2.457646099837028419e+00
1.005000000000000000e+03 2.457671345641408767e+00
1.005500000000000000e+03 2.457683968543598940e+00
1.006000000000000000e+03 2.457709214347979287e+00
1.006500000000000000e+03 2.457721837250169905e+00
1.007500000000000000e+03 2.457759705956740426e+00
1.008000000000000000e+03 2.457772328858930599e+00
1.009000000000000000e+03 2.457810197565501564e+00
1.009500000000000000e+03 2.457822820467691738e+00
1.010000000000000000e+03 2.457835443369881911e+00
1.010500000000000000e+03 2.457848066272072085e+00
1.011000000000000000e+03 2.457860689174262703e+00
1.011500000000000000e+03 2.457873312076452876e+00
1.012000000000000000e+03 2.457885934978643050e+00
1.012500000000000000e+03 2.457898557880833224e+00
1.013000000000000000e+03 2.457911180783023397e+00
1.013500000000000000e+03 2.457923803685213571e+00
1.014000000000000000e+03 2.457936426587404188e+00
1.014500000000000000e+03 2.457949049489594362e+00
1.015000000000000000e+03 2.457961672391784536e+00
1.015500000000000000e+03 2.457961672391784536e+00
1.016000000000000000e+03 2.457974295293974709e+00
1.016500000000000000e+03 2.457986918196164883e+00
1.017000000000000000e+03 2.457986918196164883e+00
1.017500000000000000e+03 2.457999541098355056e+00
1.018000000000000000e+03 2.457999541098355056e+00
1.018500000000000000e+03 2.458012164000545674e+00
1.019000000000000000e+03 2.458012164000545674e+00
1.019500000000000000e+03 2.458024786902735848e+00
1.020000000000000000e+03 2.458024786902735848e+00
1.020500000000000000e+03 2.458024786902735848e+00
1.021000000000000000e+03 2.458024786902735848e+00
1.021500000000000000e+03 2.458024786902735848e+00
1.022000000000000000e+03 2.458037409804926021e+00
1.022500000000000000e+03 2.458037409804926021e+00
1.023000000000000000e+03 2.458037409804926021e+00
1.023500000000000000e+03 2.458037409804926021e+00
1.024000000000000000e+03 2.458037409804926021e+00
