7.040000000000000000e+02 2.641713259575236616e+00
7.045000000000000000e+02 2.641650145064285304e+00
7.050000000000000000e+02 2.641561784748953645e+00
7.055000000000000000e+02 2.641448178629241639e+00
7.060000000000000000e+02 2.641321949607339015e+00
7.065000000000000000e+02 2.641183097683246217e+00
7.070000000000000000e+02 2.641018999954773072e+00
7.075000000000000000e+02 2.640854902226299927e+00
7.080000000000000000e+02 2.640665558693445991e+00
7.085000000000000000e+02 2.640476215160592499e+00
7.090000000000000000e+02 2.640274248725548389e+00
7.095000000000000000e+02 2.640059659388314106e+00
7.100000000000000000e+02 2.639832447148889649e+00
7.105000000000000000e+02 2.639605234909465192e+00
7.115000000000000000e+02 2.639125564626235487e+00
7.120000000000000000e+02 2.638873106582430683e+00
7.125000000000000000e+02 2.638620648538625879e+00
7.130000000000000000e+02 2.638355567592630457e+00
7.135000000000000000e+02 2.638090486646635480e+00
7.140000000000000000e+02 2.637812782798449884e+00
7.145000000000000000e+02 2.637535078950264289e+00
7.150000000000000000e+02 2.637257375102078694e+00
7.155000000000000000e+02 2.636967048351702925e+00
7.160000000000000000e+02 2.636676721601327600e+00
7.165000000000000000e+02 2.636373771948761657e+00
7.170000000000000000e+02 2.636083445198385888e+00
7.175000000000000000e+02 2.635780495545819946e+00
7.180000000000000000e+02 2.635464922991063386e+00
7.185000000000000000e+02 2.635161973338497443e+00
7.190000000000000000e+02 2.634846400783741327e+00
7.195000000000000000e+02 2.634530828228985211e+00
7.200000000000000000e+02 2.634215255674229095e+00
7.205000000000000000e+02 2.633899683119472535e+00
7.210000000000000000e+02 2.633571487662526245e+00
7.215000000000000000e+02 2.633255915107770129e+00
7.220000000000000000e+02 2.632927719650823395e+00
7.225000000000000000e+02 2.632599524193877105e+00
7.230000000000000000e+02 2.632258705834740198e+00
7.235000000000000000e+02 2.631930510377793908e+00
7.245000000000000000e+02 2.631261496561710711e+00
7.250000000000000000e+02 2.630920678202573804e+00
7.255000000000000000e+02 2.630579859843437340e+00
7.260000000000000000e+02 2.630239041484300433e+00
7.265000000000000000e+02 2.629898223125163970e+00
7.270000000000000000e+02 2.629557404766027062e+00
7.275000000000000000e+02 2.629216586406890155e+00
7.280000000000000000e+02 2.628863145145563518e+00
7.285000000000000000e+02 2.628522326786426611e+00
7.290000000000000000e+02 2.628168885525099530e+00
7.295000000000000000e+02 2.627828067165963066e+00
7.300000000000000000e+02 2.627474625904635985e+00
7.305000000000000000e+02 2.627121184643308904e+00
7.310000000000000000e+02 2.626780366284172441e+00
7.315000000000000000e+02 2.626426925022845360e+00
7.320000000000000000e+02 2.626073483761518279e+00
7.325000000000000000e+02 2.625720042500191198e+00
7.330000000000000000e+02 2.625366601238864561e+00
7.335000000000000000e+02 2.625013159977537480e+00
7.340000000000000000e+02 2.624659718716210399e+00
7.345000000000000000e+02 2.624306277454883762e+00
7.350000000000000000e+02 2.623952836193556681e+00
7.355000000000000000e+02 2.623586772030039427e+00
7.360000000000000000e+02 2.623233330768712346e+00
7.365000000000000000e+02 2.622879889507385265e+00
7.370000000000000000e+02 2.622526448246058628e+00
7.375000000000000000e+02 2.622173006984731547e+00
7.380000000000000000e+02 2.621819565723404466e+00
7.385000000000000000e+02 2.621453501559887211e+00
7.390000000000000000e+02 2.621100060298560130e+00
7.395000000000000000e+02 2.620746619037233494e+00
7.400000000000000000e+02 2.620393177775906413e+00
7.405000000000000000e+02 2.620027113612389158e+00
7.410000000000000000e+02 2.619673672351062077e+00
7.415000000000000000e+02 2.619320231089735440e+00
7.420000000000000000e+02 2.618966789828408359e+00
7.425000000000000000e+02 2.618613348567081278e+00
7.430000000000000000e+02 2.618259907305754197e+00
7.440000000000000000e+02 2.617540401880910306e+00
7.445000000000000000e+02 2.617186960619583225e+00
7.450000000000000000e+02 2.616833519358256144e+00
7.455000000000000000e+02 2.616480078096929063e+00
7.460000000000000000e+02 2.616126636835602426e+00
7.465000000000000000e+02 2.615773195574275345e+00
7.470000000000000000e+02 2.615419754312948264e+00
7.475000000000000000e+02 2.615078935953811801e+00
7.480000000000000000e+02 2.614725494692484720e+00
7.485000000000000000e+02 2.614372053431157639e+00
7.490000000000000000e+02 2.614018612169830558e+00
7.495000000000000000e+02 2.613677793810694094e+00
7.500000000000000000e+02 2.613324352549367013e+00
7.505000000000000000e+02 2.612970911288039932e+00
7.510000000000000000e+02 2.612630092928903469e+00
7.515000000000000000e+02 2.612276651667576388e+00
7.520000000000000000e+02 2.611935833308439481e+00
7.525000000000000000e+02 2.611595014949303017e+00
7.530000000000000000e+02 2.611241573687975936e+00
7.535000000000000000e+02 2.610900755328839473e+00
7.540000000000000000e+02 2.610559936969702566e+00
7.545000000000000000e+02 2.610219118610565658e+00
7.550000000000000000e+02 2.609878300251429195e+00
7.555000000000000000e+02 2.609537481892292288e+00
7.560000000000000000e+02 2.609196663533155824e+00
7.565000000000000000e+02 2.608855845174018917e+00
7.570000000000000000e+02 2.608515026814882454e+00
7.575000000000000000e+02 2.608186831357935720e+00
7.580000000000000000e+02 2.607846012998799257e+00
7.585000000000000000e+02 2.607505194639662349e+00
7.590000000000000000e+02 2.607176999182716060e+00
7.595000000000000000e+02 2.606848803725769326e+00
7.600000000000000000e+02 2.606507985366632862e+00
7.605000000000000000e+02 2.606179789909686129e+00
7.610000000000000000e+02 2.605851594452739839e+00
7.615000000000000000e+02 2.605523398995793105e+00
7.620000000000000000e+02 2.605195203538846815e+00
7.625000000000000000e+02 2.604879630984090699e+00
7.630000000000000000e+02 2.604551435527143965e+00
7.635000000000000000e+02 2.604223240070197676e+00
7.640000000000000000e+02 2.603907667515441560e+00
7.645000000000000000e+02 2.603579472058494826e+00
7.650000000000000000e+02 2.603263899503738710e+00
7.655000000000000000e+02 2.602948326948982594e+00
7.660000000000000000e+02 2.602632754394226478e+00
7.665000000000000000e+02 2.602317181839469917e+00
7.670000000000000000e+02 2.602001609284713801e+00
7.675000000000000000e+02 2.601698659632147859e+00
7.680000000000000000e+02 2.601383087077391743e+00
7.685000000000000000e+02 2.601067514522635626e+00
7.690000000000000000e+02 2.600764564870069684e+00
7.695000000000000000e+02 2.600461615217503741e+00
7.700000000000000000e+02 2.600158665564937355e+00
7.705000000000000000e+02 2.599855715912371412e+00
7.710000000000000000e+02 2.599552766259805470e+00
7.715000000000000000e+02 2.599249816607239527e+00
7.720000000000000000e+02 2.598959489856863758e+00
7.725000000000000000e+02 2.598656540204297816e+00
7.730000000000000000e+02 2.598366213453922047e+00
7.735000000000000000e+02 2.598075886703546278e+00
7.740000000000000000e+02 2.597785559953170953e+00
7.745000000000000000e+02 2.597495233202795184e+00
7.750000000000000000e+02 2.597204906452419415e+00
7.755000000000000000e+02 2.596927202604233820e+00
7.760000000000000000e+02 2.596636875853858051e+00
7.765000000000000000e+02 2.596359172005672455e+00
7.770000000000000000e+02 2.596081468157487304e+00
7.775000000000000000e+02 2.595803764309301709e+00
7.780000000000000000e+02 2.595526060461116113e+00
7.785000000000000000e+02 2.595248356612930962e+00
7.790000000000000000e+02 2.594983275666935540e+00
7.795000000000000000e+02 2.594718194720940119e+00
7.800000000000000000e+02 2.594440490872754967e+00
7.810000000000000000e+02 2.593922951882954742e+00
7.815000000000000000e+02 2.593657870936959320e+00
7.820000000000000000e+02 2.593405412893154516e+00
7.825000000000000000e+02 2.593140331947159094e+00
7.830000000000000000e+02 2.592887873903354290e+00
7.835000000000000000e+02 2.592635415859549042e+00
7.840000000000000000e+02 2.592395580717934411e+00
7.845000000000000000e+02 2.592143122674129607e+00
7.850000000000000000e+02 2.591903287532514977e+00
7.855000000000000000e+02 2.591663452390899902e+00
7.860000000000000000e+02 2.591423617249285272e+00
7.865000000000000000e+02 2.591183782107670641e+00
7.870000000000000000e+02 2.590956569868246184e+00
7.875000000000000000e+02 2.590716734726631554e+00
7.880000000000000000e+02 2.590489522487207097e+00
7.885000000000000000e+02 2.590262310247782640e+00
7.890000000000000000e+02 2.590047720910548357e+00
7.895000000000000000e+02 2.589820508671123900e+00
7.900000000000000000e+02 2.589605919333889616e+00
7.905000000000000000e+02 2.589391329996655333e+00
7.910000000000000000e+02 2.589176740659421050e+00
7.915000000000000000e+02 2.588962151322186767e+00
7.920000000000000000e+02 2.588760184887142657e+00
7.925000000000000000e+02 2.588558218452098991e+00
7.930000000000000000e+02 2.588356252017054882e+00
7.935000000000000000e+02 2.588154285582010772e+00
7.940000000000000000e+02 2.587964942049157280e+00
7.945000000000000000e+02 2.587775598516303344e+00
7.950000000000000000e+02 2.587586254983449852e+00
7.955000000000000000e+02 2.587396911450595915e+00
7.960000000000000000e+02 2.587220190819932597e+00
7.970000000000000000e+02 2.586866749558605516e+00
7.975000000000000000e+02 2.586690028927942198e+00
7.980000000000000000e+02 2.586513308297278435e+00
7.985000000000000000e+02 2.586349210568805290e+00
7.990000000000000000e+02 2.586185112840332145e+00
7.995000000000000000e+02 2.586033638014049174e+00
8.000000000000000000e+02 2.585869540285576029e+00
8.005000000000000000e+02 2.585718065459293058e+00
8.010000000000000000e+02 2.585566590633010087e+00
8.020000000000000000e+02 2.585276263882634318e+00
8.025000000000000000e+02 2.585137411958541520e+00
8.030000000000000000e+02 2.584998560034448722e+00
8.035000000000000000e+02 2.584872331012546098e+00
8.040000000000000000e+02 2.584733479088453301e+00
8.045000000000000000e+02 2.584607250066551121e+00
8.050000000000000000e+02 2.584493643946838670e+00
8.055000000000000000e+02 2.584367414924936046e+00
8.060000000000000000e+02 2.584253808805224040e+00
8.065000000000000000e+02 2.584140202685511589e+00
8.070000000000000000e+02 2.584039219467989756e+00
8.075000000000000000e+02 2.583925613348277750e+00
8.080000000000000000e+02 2.583824630130755473e+00
8.085000000000000000e+02 2.583736269815423814e+00
8.090000000000000000e+02 2.583635286597901981e+00
8.095000000000000000e+02 2.583546926282569878e+00
8.100000000000000000e+02 2.583458565967238219e+00
8.105000000000000000e+02 2.583382828554096733e+00
8.110000000000000000e+02 2.583294468238765074e+00
8.115000000000000000e+02 2.583218730825623588e+00
8.120000000000000000e+02 2.583142993412482102e+00
8.125000000000000000e+02 2.583079878901530790e+00
8.130000000000000000e+02 2.583016764390579478e+00
8.135000000000000000e+02 2.582953649879628166e+00
8.140000000000000000e+02 2.582890535368677298e+00
8.145000000000000000e+02 2.582840043759916160e+00
8.150000000000000000e+02 2.582789552151155021e+00
8.155000000000000000e+02 2.582739060542394327e+00
8.160000000000000000e+02 2.582701191835823362e+00
8.165000000000000000e+02 2.582650700227062224e+00
8.170000000000000000e+02 2.582625454422681877e+00
8.175000000000000000e+02 2.582587585716111356e+00
8.180000000000000000e+02 2.582562339911730565e+00
8.185000000000000000e+02 2.582524471205160044e+00
8.190000000000000000e+02 2.582511848302969870e+00
8.195000000000000000e+02 2.582486602498589079e+00
8.200000000000000000e+02 2.582473979596398905e+00
8.205000000000000000e+02 2.582461356694208732e+00
8.210000000000000000e+02 2.582448733792018558e+00
8.220000000000000000e+02 2.582436110889828385e+00
8.225000000000000000e+02 2.582436110889828385e+00
8.230000000000000000e+02 2.582448733792018558e+00
8.235000000000000000e+02 2.582448733792018558e+00
8.240000000000000000e+02 2.582461356694208732e+00
8.245000000000000000e+02 2.582473979596398905e+00
8.250000000000000000e+02 2.582486602498589079e+00
8.255000000000000000e+02 2.582511848302969870e+00
8.260000000000000000e+02 2.582537094107350217e+00
8.265000000000000000e+02 2.582562339911730565e+00
8.270000000000000000e+02 2.582587585716111356e+00
8.275000000000000000e+02 2.582612831520491703e+00
8.280000000000000000e+02 2.582650700227062224e+00
8.285000000000000000e+02 2.582688568933633189e+00
8.290000000000000000e+02 2.582726437640203709e+00
8.295000000000000000e+02 2.582776929248964848e+00
8.300000000000000000e+02 2.582814797955535813e+00
8.305000000000000000e+02 2.582865289564296507e+00
8.310000000000000000e+02 2.582915781173057646e+00
8.315000000000000000e+02 2.582978895684008958e+00
8.320000000000000000e+02 2.583029387292770096e+00
8.325000000000000000e+02 2.583092501803720964e+00
8.330000000000000000e+02 2.583155616314672276e+00
8.335000000000000000e+02 2.583218730825623588e+00
8.340000000000000000e+02 2.583281845336574900e+00
8.345000000000000000e+02 2.583357582749716386e+00
8.350000000000000000e+02 2.583420697260667698e+00
8.355000000000000000e+02 2.583496434673809183e+00
8.360000000000000000e+02 2.583572172086950669e+00
8.365000000000000000e+02 2.583647909500092155e+00
8.370000000000000000e+02 2.583736269815423814e+00
8.375000000000000000e+02 2.583812007228565299e+00
8.380000000000000000e+02 2.583900367543896959e+00
8.385000000000000000e+02 2.583988727859228618e+00
8.390000000000000000e+02 2.584077088174560721e+00
8.395000000000000000e+02 2.584165448489892380e+00
8.400000000000000000e+02 2.584266431707414213e+00
8.405000000000000000e+02 2.584354792022745873e+00
8.410000000000000000e+02 2.584455775240268149e+00
8.415000000000000000e+02 2.584556758457789982e+00
8.420000000000000000e+02 2.584657741675311815e+00
8.425000000000000000e+02 2.584758724892834092e+00
8.430000000000000000e+02 2.584859708110355925e+00
8.435000000000000000e+02 2.584973314230068375e+00
8.445000000000000000e+02 2.585187903567302214e+00
8.450000000000000000e+02 2.585301509687014665e+00
8.455000000000000000e+02 2.585415115806727115e+00
8.460000000000000000e+02 2.585528721926439122e+00
8.465000000000000000e+02 2.585642328046151572e+00
8.470000000000000000e+02 2.585768557068053752e+00
8.475000000000000000e+02 2.585882163187766203e+00
8.480000000000000000e+02 2.586008392209668383e+00
8.485000000000000000e+02 2.586121998329380833e+00
8.490000000000000000e+02 2.586248227351283457e+00
8.495000000000000000e+02 2.586374456373185637e+00
8.500000000000000000e+02 2.586500685395088261e+00
8.505000000000000000e+02 2.586626914416990886e+00
8.510000000000000000e+02 2.586753143438893510e+00
8.515000000000000000e+02 2.586879372460795690e+00
8.520000000000000000e+02 2.587018224384888487e+00
8.525000000000000000e+02 2.587144453406791111e+00
8.530000000000000000e+02 2.587283305330883909e+00
8.535000000000000000e+02 2.587409534352786089e+00
8.540000000000000000e+02 2.587548386276878887e+00
8.545000000000000000e+02 2.587687238200971684e+00
8.550000000000000000e+02 2.587813467222874309e+00
8.555000000000000000e+02 2.587952319146967106e+00
8.560000000000000000e+02 2.588091171071059460e+00
8.565000000000000000e+02 2.588230022995152257e+00
8.570000000000000000e+02 2.588368874919245055e+00
8.575000000000000000e+02 2.588507726843337853e+00
8.580000000000000000e+02 2.588659201669620824e+00
8.585000000000000000e+02 2.588798053593713622e+00
8.590000000000000000e+02 2.588936905517806419e+00
8.595000000000000000e+02 2.589075757441899217e+00
8.600000000000000000e+02 2.589227232268182188e+00
8.605000000000000000e+02 2.589366084192274986e+00
8.610000000000000000e+02 2.589517559018557957e+00
8.615000000000000000e+02 2.589656410942650311e+00
8.620000000000000000e+02 2.589807885768933282e+00
8.625000000000000000e+02 2.589946737693026080e+00
8.630000000000000000e+02 2.590098212519309051e+00
8.635000000000000000e+02 2.590249687345592022e+00
8.640000000000000000e+02 2.590388539269684820e+00
8.645000000000000000e+02 2.590540014095967791e+00
8.650000000000000000e+02 2.590691488922250763e+00
8.660000000000000000e+02 2.590981815672626531e+00
8.665000000000000000e+02 2.591133290498909503e+00
8.670000000000000000e+02 2.591284765325192474e+00
8.675000000000000000e+02 2.591436240151475445e+00
8.680000000000000000e+02 2.591575092075568243e+00
8.685000000000000000e+02 2.591726566901851214e+00
8.690000000000000000e+02 2.591878041728134185e+00
8.695000000000000000e+02 2.592029516554417157e+00
8.700000000000000000e+02 2.592180991380700128e+00
8.705000000000000000e+02 2.592319843304792926e+00
8.710000000000000000e+02 2.592471318131075897e+00
8.715000000000000000e+02 2.592622792957358868e+00
8.720000000000000000e+02 2.592774267783641839e+00
8.725000000000000000e+02 2.592925742609924811e+00
8.730000000000000000e+02 2.593064594534017608e+00
8.735000000000000000e+02 2.593216069360300580e+00
8.740000000000000000e+02 2.593367544186583551e+00
8.750000000000000000e+02 2.593657870936959320e+00
8.755000000000000000e+02 2.593809345763242291e+00
8.760000000000000000e+02 2.593948197687335089e+00
8.765000000000000000e+02 2.594099672513618060e+00
8.770000000000000000e+02 2.594238524437710858e+00
8.775000000000000000e+02 2.594389999263993829e+00
8.780000000000000000e+02 2.594528851188086627e+00
8.785000000000000000e+02 2.594680326014369598e+00
8.790000000000000000e+02 2.594819177938462396e+00
8.800000000000000000e+02 2.595109504688838165e+00
8.805000000000000000e+02 2.595248356612930962e+00
8.810000000000000000e+02 2.595387208537023316e+00
8.815000000000000000e+02 2.595526060461116113e+00
8.820000000000000000e+02 2.595664912385208911e+00
8.825000000000000000e+02 2.595803764309301709e+00
8.830000000000000000e+02 2.595942616233394507e+00
8.835000000000000000e+02 2.596081468157487304e+00
8.840000000000000000e+02 2.596220320081580102e+00
8.845000000000000000e+02 2.596346549103482282e+00
8.850000000000000000e+02 2.596485401027575080e+00
8.855000000000000000e+02 2.596611630049477704e+00
8.860000000000000000e+02 2.596750481973570501e+00
8.865000000000000000e+02 2.596876710995472681e+00
8.870000000000000000e+02 2.597002940017375305e+00
8.875000000000000000e+02 2.597141791941468103e+00
8.880000000000000000e+02 2.597268020963370727e+00
8.885000000000000000e+02 2.597394249985272907e+00
8.890000000000000000e+02 2.597507856104985358e+00
8.895000000000000000e+02 2.597634085126887982e+00
8.900000000000000000e+02 2.597760314148790162e+00
8.905000000000000000e+02 2.597873920268502612e+00
8.910000000000000000e+02 2.598000149290404792e+00
8.915000000000000000e+02 2.598113755410117243e+00
8.920000000000000000e+02 2.598227361529829693e+00
8.925000000000000000e+02 2.598340967649541700e+00
8.930000000000000000e+02 2.598454573769253706e+00
8.935000000000000000e+02 2.598568179888966156e+00
8.940000000000000000e+02 2.598681786008678607e+00
8.945000000000000000e+02 2.598782769226200440e+00
8.950000000000000000e+02 2.598896375345912446e+00
8.955000000000000000e+02 2.598997358563434723e+00
8.960000000000000000e+02 2.599098341780956556e+00
8.965000000000000000e+02 2.599199324998478389e+00
8.970000000000000000e+02 2.599300308216000666e+00
8.975000000000000000e+02 2.599388668531332325e+00
8.980000000000000000e+02 2.599489651748854158e+00
8.985000000000000000e+02 2.599578012064186261e+00
8.990000000000000000e+02 2.599666372379517920e+00
8.995000000000000000e+02 2.599754732694849579e+00
9.000000000000000000e+02 2.599843093010181239e+00
9.005000000000000000e+02 2.599931453325512898e+00
9.010000000000000000e+02 2.600007190738654383e+00
9.015000000000000000e+02 2.600082928151795869e+00
9.020000000000000000e+02 2.600158665564937355e+00
9.025000000000000000e+02 2.600234402978078840e+00
9.030000000000000000e+02 2.600310140391220326e+00
9.035000000000000000e+02 2.600373254902171638e+00
9.040000000000000000e+02 2.600448992315313124e+00
9.045000000000000000e+02 2.600512106826264436e+00
9.050000000000000000e+02 2.600575221337215748e+00
9.055000000000000000e+02 2.600625712945976886e+00
9.060000000000000000e+02 2.600688827456927754e+00
9.065000000000000000e+02 2.600739319065688893e+00
9.070000000000000000e+02 2.600789810674450031e+00
9.075000000000000000e+02 2.600840302283211170e+00
9.080000000000000000e+02 2.600878170989781690e+00
9.085000000000000000e+02 2.600928662598542829e+00
9.090000000000000000e+02 2.600966531305113350e+00
9.100000000000000000e+02 2.601029645816064662e+00
9.105000000000000000e+02 2.601054891620445453e+00
9.110000000000000000e+02 2.601092760327015974e+00
9.115000000000000000e+02 2.601105383229206147e+00
9.120000000000000000e+02 2.601130629033586494e+00
9.125000000000000000e+02 2.601143251935777112e+00
9.130000000000000000e+02 2.601155874837967286e+00
9.135000000000000000e+02 2.601168497740157459e+00
9.140000000000000000e+02 2.601181120642347633e+00
9.145000000000000000e+02 2.601181120642347633e+00
9.150000000000000000e+02 2.601181120642347633e+00
9.155000000000000000e+02 2.601181120642347633e+00
9.160000000000000000e+02 2.601181120642347633e+00
9.165000000000000000e+02 2.601168497740157459e+00
9.170000000000000000e+02 2.601155874837967286e+00
9.175000000000000000e+02 2.601130629033586494e+00
9.180000000000000000e+02 2.601118006131396321e+00
9.185000000000000000e+02 2.601092760327015974e+00
9.190000000000000000e+02 2.601067514522635626e+00
9.195000000000000000e+02 2.601029645816064662e+00
9.200000000000000000e+02 2.601004400011684314e+00
9.205000000000000000e+02 2.600966531305113350e+00
9.210000000000000000e+02 2.600916039696352655e+00
9.215000000000000000e+02 2.600878170989781690e+00
9.220000000000000000e+02 2.600827679381020552e+00
9.225000000000000000e+02 2.600777187772259857e+00
9.230000000000000000e+02 2.600726696163498719e+00
9.235000000000000000e+02 2.600663581652547407e+00
9.240000000000000000e+02 2.600600467141596095e+00
9.245000000000000000e+02 2.600537352630644783e+00
9.250000000000000000e+02 2.600461615217503741e+00
9.255000000000000000e+02 2.600385877804361812e+00
9.260000000000000000e+02 2.600310140391220326e+00
9.265000000000000000e+02 2.600234402978078840e+00
9.270000000000000000e+02 2.600146042662747181e+00
9.275000000000000000e+02 2.600057682347415522e+00
9.280000000000000000e+02 2.599969322032083863e+00
9.285000000000000000e+02 2.599880961716752203e+00
9.290000000000000000e+02 2.599779978499229927e+00
9.295000000000000000e+02 2.599678995281708094e+00
9.300000000000000000e+02 2.599578012064186261e+00
9.305000000000000000e+02 2.599464405944473810e+00
9.310000000000000000e+02 2.599350799824761804e+00
9.315000000000000000e+02 2.599237193705049354e+00
9.320000000000000000e+02 2.599123587585337347e+00
9.325000000000000000e+02 2.598997358563434723e+00
9.330000000000000000e+02 2.598871129541532099e+00
9.335000000000000000e+02 2.598744900519629475e+00
9.340000000000000000e+02 2.598618671497727295e+00
9.345000000000000000e+02 2.598479819573634497e+00
9.350000000000000000e+02 2.598353590551731873e+00
9.360000000000000000e+02 2.598063263801356104e+00
9.365000000000000000e+02 2.597924411877263307e+00
9.370000000000000000e+02 2.597772937050980335e+00
9.375000000000000000e+02 2.597621462224697364e+00
9.380000000000000000e+02 2.597469987398414393e+00
9.385000000000000000e+02 2.597305889669941248e+00
9.390000000000000000e+02 2.597141791941468103e+00
9.400000000000000000e+02 2.596813596484521369e+00
9.405000000000000000e+02 2.596649498756048224e+00
9.410000000000000000e+02 2.596485401027575080e+00
9.415000000000000000e+02 2.596308680396911761e+00
9.420000000000000000e+02 2.596131959766247999e+00
9.425000000000000000e+02 2.595955239135584680e+00
9.430000000000000000e+02 2.595765895602730744e+00
9.435000000000000000e+02 2.595589174972067426e+00
9.440000000000000000e+02 2.595399831439213933e+00
9.445000000000000000e+02 2.595210487906359997e+00
9.450000000000000000e+02 2.595021144373506061e+00
9.455000000000000000e+02 2.594831800840652569e+00
9.460000000000000000e+02 2.594642457307798633e+00
9.465000000000000000e+02 2.594440490872754967e+00
9.470000000000000000e+02 2.594238524437710858e+00
9.475000000000000000e+02 2.594036558002666748e+00
9.480000000000000000e+02 2.593834591567623082e+00
9.485000000000000000e+02 2.593632625132578973e+00
9.490000000000000000e+02 2.593430658697534863e+00
9.495000000000000000e+02 2.593216069360300580e+00
9.500000000000000000e+02 2.593014102925256914e+00
9.505000000000000000e+02 2.592799513588022631e+00
9.510000000000000000e+02 2.592584924250788347e+00
9.515000000000000000e+02 2.592370334913554064e+00
9.520000000000000000e+02 2.592155745576319781e+00
9.525000000000000000e+02 2.591928533336895324e+00
9.530000000000000000e+02 2.591713943999661041e+00
9.535000000000000000e+02 2.591486731760236584e+00
9.540000000000000000e+02 2.591272142423002300e+00
9.545000000000000000e+02 2.591044930183577844e+00
9.550000000000000000e+02 2.590817717944153387e+00
9.555000000000000000e+02 2.590590505704728930e+00
9.560000000000000000e+02 2.590363293465304473e+00
9.565000000000000000e+02 2.590123458323689842e+00
9.570000000000000000e+02 2.589896246084265385e+00
9.575000000000000000e+02 2.589669033844840929e+00
9.580000000000000000e+02 2.589429198703225854e+00
9.585000000000000000e+02 2.589189363561611223e+00
9.590000000000000000e+02 2.588962151322186767e+00
9.595000000000000000e+02 2.588722316180572136e+00
9.600000000000000000e+02 2.588482481038957506e+00
9.605000000000000000e+02 2.588242645897342431e+00
9.610000000000000000e+02 2.588002810755727801e+00
9.615000000000000000e+02 2.587750352711922996e+00
9.620000000000000000e+02 2.587510517570308366e+00
9.625000000000000000e+02 2.587270682428693291e+00
9.630000000000000000e+02 2.587018224384888487e+00
9.635000000000000000e+02 2.586778389243273857e+00
9.640000000000000000e+02 2.586525931199468609e+00
9.645000000000000000e+02 2.586286096057853978e+00
9.650000000000000000e+02 2.586033638014049174e+00
9.655000000000000000e+02 2.585781179970243926e+00
9.660000000000000000e+02 2.585541344828629295e+00
9.665000000000000000e+02 2.585288886784824491e+00
9.670000000000000000e+02 2.585036428741019243e+00
9.675000000000000000e+02 2.584783970697214439e+00
9.680000000000000000e+02 2.584531512653409635e+00
9.685000000000000000e+02 2.584279054609604387e+00
9.690000000000000000e+02 2.584026596565799583e+00
9.695000000000000000e+02 2.583761515619804161e+00
9.700000000000000000e+02 2.583509057575999357e+00
9.705000000000000000e+02 2.583256599532194553e+00
9.710000000000000000e+02 2.583004141488389305e+00
9.715000000000000000e+02 2.582739060542394327e+00
9.720000000000000000e+02 2.582486602498589079e+00
9.725000000000000000e+02 2.582221521552594101e+00
9.730000000000000000e+02 2.581969063508788853e+00
9.735000000000000000e+02 2.581703982562793875e+00
9.740000000000000000e+02 2.581451524518988627e+00
9.745000000000000000e+02 2.581186443572993650e+00
9.750000000000000000e+02 2.580933985529188401e+00
9.755000000000000000e+02 2.580668904583193424e+00
9.760000000000000000e+02 2.580403823637198002e+00
9.765000000000000000e+02 2.580151365593393198e+00
9.770000000000000000e+02 2.579886284647397776e+00
9.775000000000000000e+02 2.579621203701402798e+00
9.780000000000000000e+02 2.579356122755407377e+00
9.785000000000000000e+02 2.579103664711602573e+00
9.790000000000000000e+02 2.578838583765607151e+00
9.795000000000000000e+02 2.578573502819612173e+00
9.800000000000000000e+02 2.578308421873616751e+00
9.805000000000000000e+02 2.578043340927621774e+00
9.810000000000000000e+02 2.577790882883816526e+00
9.815000000000000000e+02 2.577525801937821548e+00
9.820000000000000000e+02 2.577260720991826126e+00
9.825000000000000000e+02 2.576995640045830704e+00
9.830000000000000000e+02 2.576730559099835727e+00
9.835000000000000000e+02 2.576465478153840305e+00
9.840000000000000000e+02 2.576200397207845327e+00
9.845000000000000000e+02 2.575935316261849906e+00
9.850000000000000000e+02 2.575670235315854928e+00
9.855000000000000000e+02 2.575405154369859506e+00
9.860000000000000000e+02 2.575140073423864528e+00
9.865000000000000000e+02 2.574874992477869107e+00
9.870000000000000000e+02 2.574609911531873685e+00
9.875000000000000000e+02 2.574344830585878707e+00
9.885000000000000000e+02 2.573827291596078481e+00
9.890000000000000000e+02 2.573562210650083060e+00
9.895000000000000000e+02 2.573297129704088082e+00
9.900000000000000000e+02 2.573032048758092660e+00
9.905000000000000000e+02 2.572766967812097683e+00
9.910000000000000000e+02 2.572501886866102261e+00
9.915000000000000000e+02 2.572236805920107283e+00
9.920000000000000000e+02 2.571971724974111861e+00
9.925000000000000000e+02 2.571706644028116884e+00
9.930000000000000000e+02 2.571441563082121462e+00
9.935000000000000000e+02 2.571176482136126040e+00
9.940000000000000000e+02 2.570911401190131063e+00
9.945000000000000000e+02 2.570646320244135641e+00
9.950000000000000000e+02 2.570393862200330837e+00
9.955000000000000000e+02 2.570128781254335415e+00
9.960000000000000000e+02 2.569863700308340437e+00
9.965000000000000000e+02 2.569598619362345016e+00
9.970000000000000000e+02 2.569333538416350038e+00
9.975000000000000000e+02 2.569068457470354616e+00
9.980000000000000000e+02 2.568815999426549812e+00
9.985000000000000000e+02 2.568550918480554390e+00
9.990000000000000000e+02 2.568285837534559413e+00
9.995000000000000000e+02 2.568020756588563991e+00
1.000000000000000000e+03 2.567768298544759187e+00
1.000500000000000000e+03 2.567503217598763765e+00
1.001000000000000000e+03 2.567238136652768787e+00
1.001500000000000000e+03 2.566985678608963539e+00
1.002000000000000000e+03 2.566720597662968562e+00
1.002500000000000000e+03 2.566455516716973140e+00
1.003000000000000000e+03 2.566203058673168336e+00
1.003500000000000000e+03 2.565937977727172914e+00
1.004000000000000000e+03 2.565685519683368110e+00
1.004500000000000000e+03 2.565420438737372688e+00
1.005500000000000000e+03 2.564902899747572462e+00
1.006000000000000000e+03 2.564650441703767658e+00
1.006500000000000000e+03 2.564385360757772236e+00
1.007000000000000000e+03 2.564132902713967432e+00
1.007500000000000000e+03 2.563867821767972011e+00
1.008000000000000000e+03 2.563615363724167207e+00
1.008500000000000000e+03 2.563362905680362402e+00
1.009000000000000000e+03 2.563097824734366981e+00
1.009500000000000000e+03 2.562845366690562177e+00
1.010000000000000000e+03 2.562592908646756928e+00
1.010500000000000000e+03 2.562340450602952124e+00
1.011000000000000000e+03 2.562075369656956703e+00
1.011500000000000000e+03 2.561822911613151899e+00
1.012000000000000000e+03 2.561570453569346650e+00
1.012500000000000000e+03 2.561317995525541846e+00
1.013000000000000000e+03 2.561065537481737042e+00
1.013500000000000000e+03 2.560813079437931794e+00
1.014000000000000000e+03 2.560560621394126990e+00
1.014500000000000000e+03 2.560308163350321742e+00
1.015000000000000000e+03 2.560055705306516938e+00
1.015500000000000000e+03 2.559803247262712134e+00
1.016500000000000000e+03 2.559310954077292255e+00
1.017000000000000000e+03 2.559058496033487451e+00
1.017500000000000000e+03 2.558806037989682203e+00
1.018500000000000000e+03 2.558313744804262768e+00
1.019000000000000000e+03 2.558061286760457520e+00
1.019500000000000000e+03 2.557821451618842890e+00
1.020000000000000000e+03 2.557568993575038085e+00
1.020500000000000000e+03 2.557329158433423455e+00
1.021000000000000000e+03 2.557076700389618207e+00
1.021500000000000000e+03 2.556836865248003576e+00
1.022000000000000000e+03 2.556584407204198772e+00
1.022500000000000000e+03 2.556344572062583698e+00
1.023000000000000000e+03 2.556104736920969067e+00
1.023500000000000000e+03 2.555852278877164263e+00
1.024000000000000000e+03 2.555612443735549633e+00
