1.245000000000000000e+02 2.641738505379617408e+00
1.250000000000000000e+02 2.641700636673046443e+00
1.255000000000000000e+02 2.641650145064285304e+00
1.260000000000000000e+02 2.641574407651143819e+00
1.265000000000000000e+02 2.641486047335812160e+00
1.270000000000000000e+02 2.641385064118290327e+00
1.275000000000000000e+02 2.641258835096387703e+00
1.280000000000000000e+02 2.641119983172294905e+00
1.285000000000000000e+02 2.640968508346011934e+00
1.290000000000000000e+02 2.640791787715348615e+00
1.295000000000000000e+02 2.640602444182494679e+00
1.300000000000000000e+02 2.640387854845260396e+00
1.305000000000000000e+02 2.640160642605835939e+00
1.310000000000000000e+02 2.639920807464221308e+00
1.315000000000000000e+02 2.639655726518226331e+00
1.320000000000000000e+02 2.639378022670040735e+00
1.325000000000000000e+02 2.639087695919664966e+00
1.330000000000000000e+02 2.638772123364908850e+00
1.335000000000000000e+02 2.638443927907962117e+00
1.340000000000000000e+02 2.638103109548825653e+00
1.345000000000000000e+02 2.637737045385308399e+00
1.350000000000000000e+02 2.637358358319600971e+00
1.355000000000000000e+02 2.636967048351702925e+00
1.360000000000000000e+02 2.636550492579424976e+00
1.365000000000000000e+02 2.636121313904956409e+00
1.370000000000000000e+02 2.635679512328297669e+00
1.375000000000000000e+02 2.635225087849448755e+00
1.380000000000000000e+02 2.634745417566219494e+00
1.385000000000000000e+02 2.634253124380799616e+00
1.390000000000000000e+02 2.633760831195379737e+00
1.395000000000000000e+02 2.633243292205579955e+00
1.400000000000000000e+02 2.632713130313589112e+00
1.405000000000000000e+02 2.632157722617218365e+00
1.410000000000000000e+02 2.631602314920847174e+00
1.415000000000000000e+02 2.631034284322286254e+00
1.420000000000000000e+02 2.630453630821534716e+00
1.425000000000000000e+02 2.629847731516402831e+00
1.430000000000000000e+02 2.629241832211270946e+00
1.435000000000000000e+02 2.628623310003948443e+00
1.440000000000000000e+02 2.627992164894436211e+00
1.445000000000000000e+02 2.627348396882733361e+00
1.450000000000000000e+02 2.626692005968840782e+00
1.455000000000000000e+02 2.626035615054947758e+00
1.465000000000000000e+02 2.624672341618400573e+00
1.470000000000000000e+02 2.623978081997937029e+00
1.475000000000000000e+02 2.623283822377473484e+00
1.480000000000000000e+02 2.622564316952629149e+00
1.485000000000000000e+02 2.621844811527784813e+00
1.490000000000000000e+02 2.621125306102940922e+00
1.495000000000000000e+02 2.620380554873716239e+00
1.505000000000000000e+02 2.618891052415266874e+00
1.510000000000000000e+02 2.618133678283852017e+00
1.515000000000000000e+02 2.617363681250246543e+00
1.520000000000000000e+02 2.616593684216641513e+00
1.525000000000000000e+02 2.615823687183036483e+00
1.530000000000000000e+02 2.615041067247240836e+00
1.535000000000000000e+02 2.614245824409255015e+00
1.540000000000000000e+02 2.613450581571269637e+00
1.545000000000000000e+02 2.612655338733283816e+00
1.550000000000000000e+02 2.611847472993107822e+00
1.555000000000000000e+02 2.611039607252932271e+00
1.560000000000000000e+02 2.610231741512756276e+00
1.565000000000000000e+02 2.609411252870390108e+00
1.570000000000000000e+02 2.608590764228023939e+00
1.575000000000000000e+02 2.607757652683467153e+00
1.580000000000000000e+02 2.606937164041100985e+00
1.585000000000000000e+02 2.606104052496544643e+00
1.590000000000000000e+02 2.605270940951988301e+00
1.595000000000000000e+02 2.604437829407431959e+00
1.600000000000000000e+02 2.603592094960685444e+00
1.605000000000000000e+02 2.602746360513938484e+00
1.620000000000000000e+02 2.600209157173698493e+00
1.625000000000000000e+02 2.599363422726951978e+00
1.630000000000000000e+02 2.598517688280205018e+00
1.635000000000000000e+02 2.597659330931268329e+00
1.640000000000000000e+02 2.596813596484521369e+00
1.645000000000000000e+02 2.595955239135584680e+00
1.650000000000000000e+02 2.595096881786647991e+00
1.655000000000000000e+02 2.594251147339901031e+00
1.660000000000000000e+02 2.593392789990964342e+00
1.665000000000000000e+02 2.592534432642027209e+00
1.670000000000000000e+02 2.591676075293090520e+00
1.675000000000000000e+02 2.590830340846343560e+00
1.680000000000000000e+02 2.589971983497406871e+00
1.685000000000000000e+02 2.589113626148469738e+00
1.690000000000000000e+02 2.588267891701723222e+00
1.695000000000000000e+02 2.587409534352786089e+00
1.700000000000000000e+02 2.586551177003849400e+00
1.705000000000000000e+02 2.585705442557102440e+00
1.710000000000000000e+02 2.584859708110355925e+00
1.715000000000000000e+02 2.584001350761419236e+00
1.720000000000000000e+02 2.583155616314672276e+00
1.725000000000000000e+02 2.582309881867925760e+00
1.730000000000000000e+02 2.581464147421178801e+00
1.735000000000000000e+02 2.580618412974432285e+00
1.740000000000000000e+02 2.579785301429875943e+00
1.745000000000000000e+02 2.578939566983129428e+00
1.750000000000000000e+02 2.578106455438572642e+00
1.755000000000000000e+02 2.577260720991826126e+00
1.760000000000000000e+02 2.576427609447269784e+00
1.765000000000000000e+02 2.575594497902713442e+00
1.770000000000000000e+02 2.574774009260347274e+00
1.775000000000000000e+02 2.573940897715790932e+00
1.780000000000000000e+02 2.573120409073424320e+00
1.785000000000000000e+02 2.572299920431058595e+00
1.790000000000000000e+02 2.571479431788691983e+00
1.795000000000000000e+02 2.570658943146326258e+00
1.805000000000000000e+02 2.569030588763784095e+00
1.810000000000000000e+02 2.568222723023608101e+00
1.815000000000000000e+02 2.567414857283432106e+00
1.820000000000000000e+02 2.566619614445446285e+00
1.825000000000000000e+02 2.565811748705270290e+00
1.830000000000000000e+02 2.565016505867284913e+00
1.835000000000000000e+02 2.564221263029299092e+00
1.840000000000000000e+02 2.563438643093503888e+00
1.845000000000000000e+02 2.562643400255518067e+00
1.850000000000000000e+02 2.561860780319722419e+00
1.855000000000000000e+02 2.561090783286117389e+00
1.860000000000000000e+02 2.560308163350321742e+00
1.865000000000000000e+02 2.559538166316716712e+00
1.870000000000000000e+02 2.558768169283111682e+00
1.875000000000000000e+02 2.557998172249506652e+00
1.880000000000000000e+02 2.557240798118091352e+00
1.885000000000000000e+02 2.556483423986676495e+00
1.890000000000000000e+02 2.555726049855261639e+00
1.895000000000000000e+02 2.554968675723846783e+00
1.900000000000000000e+02 2.554223924494622100e+00
1.905000000000000000e+02 2.553479173265397417e+00
1.910000000000000000e+02 2.552734422036172734e+00
1.915000000000000000e+02 2.552002293709138225e+00
1.920000000000000000e+02 2.551270165382103716e+00
1.925000000000000000e+02 2.550538037055069207e+00
1.930000000000000000e+02 2.549818531630225316e+00
1.935000000000000000e+02 2.549099026205380980e+00
1.940000000000000000e+02 2.548379520780536645e+00
1.945000000000000000e+02 2.547672638257882927e+00
1.950000000000000000e+02 2.546965755735228765e+00
1.955000000000000000e+02 2.546258873212575047e+00
1.960000000000000000e+02 2.545551990689920885e+00
1.965000000000000000e+02 2.544857731069457341e+00
1.970000000000000000e+02 2.544163471448993796e+00
1.975000000000000000e+02 2.543481834730720426e+00
1.980000000000000000e+02 2.542800198012447055e+00
1.985000000000000000e+02 2.542118561294173240e+00
1.990000000000000000e+02 2.541436924575899869e+00
1.995000000000000000e+02 2.540767910759816672e+00
2.000000000000000000e+02 2.540098896943733475e+00
2.005000000000000000e+02 2.539442506029840452e+00
2.010000000000000000e+02 2.538786115115947872e+00
2.015000000000000000e+02 2.538129724202054849e+00
2.020000000000000000e+02 2.537485956190351999e+00
2.025000000000000000e+02 2.536829565276458975e+00
2.030000000000000000e+02 2.536198420166946743e+00
2.035000000000000000e+02 2.535554652155243893e+00
2.040000000000000000e+02 2.534923507045731661e+00
2.045000000000000000e+02 2.534292361936218985e+00
2.050000000000000000e+02 2.533673839728896926e+00
2.055000000000000000e+02 2.533055317521574867e+00
2.060000000000000000e+02 2.532436795314252365e+00
2.065000000000000000e+02 2.531830896009120480e+00
2.070000000000000000e+02 2.531224996703988595e+00
2.075000000000000000e+02 2.530619097398856709e+00
2.080000000000000000e+02 2.530025820995914998e+00
2.085000000000000000e+02 2.529432544592973287e+00
2.090000000000000000e+02 2.528839268190031575e+00
2.095000000000000000e+02 2.528258614689280037e+00
2.100000000000000000e+02 2.527677961188528943e+00
2.105000000000000000e+02 2.527097307687777406e+00
2.110000000000000000e+02 2.526529277089216041e+00
2.115000000000000000e+02 2.525961246490655121e+00
2.120000000000000000e+02 2.525393215892093757e+00
2.125000000000000000e+02 2.524837808195722566e+00
2.130000000000000000e+02 2.524282400499351819e+00
2.135000000000000000e+02 2.523739615705171246e+00
2.140000000000000000e+02 2.523184208008800056e+00
2.145000000000000000e+02 2.522654046116809656e+00
2.150000000000000000e+02 2.522111261322629083e+00
2.155000000000000000e+02 2.521581099430638684e+00
2.160000000000000000e+02 2.521050937538648284e+00
2.165000000000000000e+02 2.520533398548848059e+00
2.170000000000000000e+02 2.520003236656857659e+00
2.175000000000000000e+02 2.519498320569247607e+00
2.180000000000000000e+02 2.518980781579447381e+00
2.185000000000000000e+02 2.518475865491837329e+00
2.190000000000000000e+02 2.517970949404227277e+00
2.195000000000000000e+02 2.517478656218807842e+00
2.200000000000000000e+02 2.516986363033387963e+00
2.205000000000000000e+02 2.516494069847968085e+00
2.210000000000000000e+02 2.516014399564738824e+00
2.215000000000000000e+02 2.515534729281509563e+00
2.220000000000000000e+02 2.515055058998279858e+00
2.225000000000000000e+02 2.514588011617240770e+00
2.235000000000000000e+02 2.513653916855162151e+00
2.240000000000000000e+02 2.513186869474123064e+00
2.245000000000000000e+02 2.512732444995274150e+00
2.250000000000000000e+02 2.512290643418615410e+00
2.255000000000000000e+02 2.511836218939766496e+00
2.260000000000000000e+02 2.511394417363107756e+00
2.265000000000000000e+02 2.510965238688639189e+00
2.270000000000000000e+02 2.510523437111980449e+00
2.275000000000000000e+02 2.510094258437512327e+00
2.280000000000000000e+02 2.509665079763043760e+00
2.285000000000000000e+02 2.509248523990765367e+00
2.290000000000000000e+02 2.508831968218487418e+00
2.295000000000000000e+02 2.508415412446209025e+00
2.300000000000000000e+02 2.508011479576121250e+00
2.305000000000000000e+02 2.507607546706033030e+00
2.310000000000000000e+02 2.507203613835945255e+00
2.315000000000000000e+02 2.506812303868047653e+00
2.320000000000000000e+02 2.506420993900149607e+00
2.325000000000000000e+02 2.506029683932252006e+00
2.330000000000000000e+02 2.505638373964354404e+00
2.335000000000000000e+02 2.505259686898646976e+00
2.340000000000000000e+02 2.504880999832939548e+00
2.345000000000000000e+02 2.504514935669422293e+00
2.350000000000000000e+02 2.504148871505905039e+00
2.355000000000000000e+02 2.503782807342387784e+00
2.360000000000000000e+02 2.503416743178870529e+00
2.365000000000000000e+02 2.503063301917543448e+00
2.370000000000000000e+02 2.502709860656216367e+00
2.375000000000000000e+02 2.502369042297079904e+00
2.380000000000000000e+02 2.502015601035752823e+00
2.385000000000000000e+02 2.501674782676616360e+00
2.390000000000000000e+02 2.501346587219669626e+00
2.395000000000000000e+02 2.501005768860533163e+00
2.400000000000000000e+02 2.500677573403586429e+00
2.405000000000000000e+02 2.500349377946640139e+00
2.410000000000000000e+02 2.500033805391884023e+00
2.415000000000000000e+02 2.499718232837127463e+00
2.420000000000000000e+02 2.499402660282371347e+00
2.425000000000000000e+02 2.499087087727615231e+00
2.430000000000000000e+02 2.498784138075049288e+00
2.435000000000000000e+02 2.498481188422483346e+00
2.440000000000000000e+02 2.498190861672107577e+00
2.445000000000000000e+02 2.497887912019541634e+00
2.450000000000000000e+02 2.497597585269165865e+00
2.455000000000000000e+02 2.497319881420980270e+00
2.460000000000000000e+02 2.497029554670604501e+00
2.465000000000000000e+02 2.496751850822419350e+00
2.470000000000000000e+02 2.496474146974233754e+00
2.475000000000000000e+02 2.496196443126048159e+00
2.480000000000000000e+02 2.495931362180052737e+00
2.485000000000000000e+02 2.495666281234057760e+00
2.490000000000000000e+02 2.495401200288062338e+00
2.495000000000000000e+02 2.495148742244257534e+00
2.500000000000000000e+02 2.494896284200452730e+00
2.505000000000000000e+02 2.494643826156647481e+00
2.510000000000000000e+02 2.494391368112842677e+00
2.515000000000000000e+02 2.494151532971228047e+00
2.520000000000000000e+02 2.493911697829612972e+00
2.525000000000000000e+02 2.493671862687998342e+00
2.530000000000000000e+02 2.493444650448573885e+00
2.535000000000000000e+02 2.493217438209149428e+00
2.540000000000000000e+02 2.492990225969724971e+00
2.545000000000000000e+02 2.492763013730300514e+00
2.550000000000000000e+02 2.492548424393066231e+00
2.555000000000000000e+02 2.492333835055831948e+00
2.560000000000000000e+02 2.492119245718597664e+00
2.565000000000000000e+02 2.491917279283553999e+00
2.570000000000000000e+02 2.491702689946319715e+00
2.575000000000000000e+02 2.491500723511275606e+00
2.580000000000000000e+02 2.491311379978421670e+00
2.585000000000000000e+02 2.491109413543378004e+00
2.590000000000000000e+02 2.490920070010524068e+00
2.595000000000000000e+02 2.490730726477670576e+00
2.600000000000000000e+02 2.490541382944816640e+00
2.605000000000000000e+02 2.490364662314153321e+00
2.610000000000000000e+02 2.490187941683489559e+00
2.615000000000000000e+02 2.490011221052826240e+00
2.620000000000000000e+02 2.489834500422162922e+00
2.625000000000000000e+02 2.489670402693689333e+00
2.630000000000000000e+02 2.489506304965216188e+00
2.635000000000000000e+02 2.489342207236743043e+00
2.640000000000000000e+02 2.489178109508269898e+00
2.645000000000000000e+02 2.489026634681986927e+00
2.650000000000000000e+02 2.488875159855703956e+00
2.655000000000000000e+02 2.488723685029420984e+00
2.660000000000000000e+02 2.488572210203138013e+00
2.665000000000000000e+02 2.488433358279045216e+00
2.670000000000000000e+02 2.488294506354952418e+00
2.675000000000000000e+02 2.488155654430859620e+00
2.680000000000000000e+02 2.488016802506766822e+00
2.685000000000000000e+02 2.487890573484864642e+00
2.690000000000000000e+02 2.487764344462962018e+00
2.695000000000000000e+02 2.487638115441059394e+00
2.700000000000000000e+02 2.487511886419156770e+00
2.705000000000000000e+02 2.487398280299444764e+00
2.710000000000000000e+02 2.487272051277542140e+00
2.720000000000000000e+02 2.487057461940307856e+00
2.725000000000000000e+02 2.486943855820595850e+00
2.730000000000000000e+02 2.486842872603073573e+00
2.735000000000000000e+02 2.486741889385551740e+00
2.740000000000000000e+02 2.486640906168029908e+00
2.745000000000000000e+02 2.486552545852698248e+00
2.750000000000000000e+02 2.486451562635175971e+00
2.755000000000000000e+02 2.486363202319844312e+00
2.760000000000000000e+02 2.486274842004512653e+00
2.770000000000000000e+02 2.486110744276039508e+00
2.775000000000000000e+02 2.486035006862898022e+00
2.780000000000000000e+02 2.485959269449756537e+00
2.785000000000000000e+02 2.485883532036615051e+00
2.790000000000000000e+02 2.485807794623473566e+00
2.795000000000000000e+02 2.485744680112522254e+00
2.800000000000000000e+02 2.485681565601570941e+00
2.805000000000000000e+02 2.485618451090619629e+00
2.810000000000000000e+02 2.485555336579668317e+00
2.815000000000000000e+02 2.485504844970907623e+00
2.820000000000000000e+02 2.485441730459956311e+00
2.825000000000000000e+02 2.485391238851195173e+00
2.830000000000000000e+02 2.485340747242434034e+00
2.835000000000000000e+02 2.485302878535863513e+00
2.840000000000000000e+02 2.485252386927102375e+00
2.845000000000000000e+02 2.485214518220531854e+00
2.850000000000000000e+02 2.485176649513960889e+00
2.855000000000000000e+02 2.485138780807390368e+00
2.860000000000000000e+02 2.485100912100819404e+00
2.865000000000000000e+02 2.485075666296439056e+00
2.870000000000000000e+02 2.485050420492058265e+00
2.875000000000000000e+02 2.485025174687677918e+00
2.880000000000000000e+02 2.484999928883297571e+00
2.885000000000000000e+02 2.484974683078916780e+00
2.890000000000000000e+02 2.484962060176726606e+00
2.895000000000000000e+02 2.484936814372346259e+00
2.900000000000000000e+02 2.484924191470156085e+00
2.905000000000000000e+02 2.484911568567965912e+00
2.910000000000000000e+02 2.484911568567965912e+00
2.915000000000000000e+02 2.484898945665775294e+00
2.920000000000000000e+02 2.484898945665775294e+00
2.925000000000000000e+02 2.484898945665775294e+00
2.930000000000000000e+02 2.484898945665775294e+00
2.935000000000000000e+02 2.484898945665775294e+00
2.940000000000000000e+02 2.484898945665775294e+00
2.945000000000000000e+02 2.484911568567965912e+00
2.950000000000000000e+02 2.484911568567965912e+00
2.955000000000000000e+02 2.484924191470156085e+00
2.965000000000000000e+02 2.484962060176726606e+00
2.970000000000000000e+02 2.484974683078916780e+00
2.975000000000000000e+02 2.484999928883297571e+00
2.980000000000000000e+02 2.485025174687677918e+00
2.985000000000000000e+02 2.485050420492058265e+00
2.990000000000000000e+02 2.485075666296439056e+00
2.995000000000000000e+02 2.485100912100819404e+00
3.000000000000000000e+02 2.485138780807390368e+00
3.005000000000000000e+02 2.485164026611770716e+00
3.010000000000000000e+02 2.485201895318341236e+00
3.015000000000000000e+02 2.485239764024912201e+00
3.020000000000000000e+02 2.485277632731483166e+00
3.025000000000000000e+02 2.485315501438053687e+00
3.030000000000000000e+02 2.485365993046814825e+00
3.035000000000000000e+02 2.485403861753385346e+00
3.040000000000000000e+02 2.485454353362146485e+00
3.045000000000000000e+02 2.485504844970907623e+00
3.050000000000000000e+02 2.485555336579668317e+00
3.055000000000000000e+02 2.485605828188429456e+00
3.060000000000000000e+02 2.485668942699380768e+00
3.065000000000000000e+02 2.485719434308141462e+00
3.070000000000000000e+02 2.485782548819092774e+00
3.075000000000000000e+02 2.485845663330044086e+00
3.080000000000000000e+02 2.485908777840995398e+00
3.085000000000000000e+02 2.485971892351946710e+00
3.090000000000000000e+02 2.486035006862898022e+00
3.095000000000000000e+02 2.486110744276039508e+00
3.100000000000000000e+02 2.486173858786990820e+00
3.105000000000000000e+02 2.486249596200132306e+00
3.110000000000000000e+02 2.486325333613273791e+00
3.115000000000000000e+02 2.486401071026415277e+00
3.120000000000000000e+02 2.486476808439556763e+00
3.125000000000000000e+02 2.486552545852698248e+00
3.130000000000000000e+02 2.486628283265839734e+00
3.135000000000000000e+02 2.486716643581171393e+00
3.140000000000000000e+02 2.486805003896503052e+00
3.145000000000000000e+02 2.486880741309644538e+00
3.150000000000000000e+02 2.486969101624976197e+00
3.155000000000000000e+02 2.487057461940307856e+00
3.165000000000000000e+02 2.487246805473161793e+00
3.170000000000000000e+02 2.487335165788493452e+00
3.175000000000000000e+02 2.487436149006015285e+00
3.180000000000000000e+02 2.487524509321347388e+00
3.185000000000000000e+02 2.487625492538869221e+00
3.190000000000000000e+02 2.487726475756391054e+00
3.195000000000000000e+02 2.487827458973913330e+00
3.200000000000000000e+02 2.487928442191435163e+00
3.205000000000000000e+02 2.488029425408956996e+00
3.210000000000000000e+02 2.488143031528669447e+00
3.215000000000000000e+02 2.488244014746191279e+00
3.220000000000000000e+02 2.488357620865903730e+00
3.225000000000000000e+02 2.488471226985615736e+00
3.230000000000000000e+02 2.488572210203138013e+00
3.235000000000000000e+02 2.488685816322850020e+00
3.240000000000000000e+02 2.488799422442562470e+00
3.245000000000000000e+02 2.488913028562274476e+00
3.250000000000000000e+02 2.489039257584177101e+00
3.255000000000000000e+02 2.489152863703889551e+00
3.260000000000000000e+02 2.489266469823601557e+00
3.265000000000000000e+02 2.489392698845504182e+00
3.270000000000000000e+02 2.489506304965216188e+00
3.275000000000000000e+02 2.489632533987118812e+00
3.280000000000000000e+02 2.489758763009021436e+00
3.285000000000000000e+02 2.489884992030923616e+00
3.290000000000000000e+02 2.490011221052826240e+00
3.295000000000000000e+02 2.490137450074728864e+00
3.300000000000000000e+02 2.490263679096631044e+00
3.305000000000000000e+02 2.490389908118533668e+00
3.310000000000000000e+02 2.490516137140436292e+00
3.315000000000000000e+02 2.490654989064529090e+00
3.320000000000000000e+02 2.490781218086431270e+00
3.325000000000000000e+02 2.490920070010524068e+00
3.330000000000000000e+02 2.491058921934616865e+00
3.335000000000000000e+02 2.491185150956519490e+00
3.340000000000000000e+02 2.491324002880612287e+00
3.345000000000000000e+02 2.491462854804705085e+00
3.350000000000000000e+02 2.491601706728797438e+00
3.355000000000000000e+02 2.491740558652890236e+00
3.360000000000000000e+02 2.491879410576983034e+00
3.365000000000000000e+02 2.492018262501075831e+00
3.370000000000000000e+02 2.492157114425168629e+00
3.375000000000000000e+02 2.492295966349261427e+00
3.380000000000000000e+02 2.492447441175544398e+00
3.385000000000000000e+02 2.492586293099637196e+00
3.390000000000000000e+02 2.492737767925920167e+00
3.395000000000000000e+02 2.492876619850012521e+00
3.400000000000000000e+02 2.493028094676295936e+00
3.405000000000000000e+02 2.493166946600388290e+00
3.410000000000000000e+02 2.493318421426671261e+00
3.415000000000000000e+02 2.493457273350764059e+00
3.420000000000000000e+02 2.493608748177047030e+00
3.425000000000000000e+02 2.493760223003330001e+00
3.430000000000000000e+02 2.493911697829612972e+00
3.435000000000000000e+02 2.494063172655895944e+00
3.445000000000000000e+02 2.494353499406271713e+00
3.450000000000000000e+02 2.494504974232554684e+00
3.455000000000000000e+02 2.494656449058837655e+00
3.460000000000000000e+02 2.494807923885120626e+00
3.465000000000000000e+02 2.494959398711403598e+00
3.475000000000000000e+02 2.495274971266160158e+00
3.480000000000000000e+02 2.495426446092443129e+00
3.485000000000000000e+02 2.495577920918726100e+00
3.490000000000000000e+02 2.495729395745009072e+00
3.495000000000000000e+02 2.495880870571292043e+00
3.500000000000000000e+02 2.496032345397575014e+00
3.505000000000000000e+02 2.496196443126048159e+00
3.510000000000000000e+02 2.496347917952331130e+00
3.515000000000000000e+02 2.496499392778614101e+00
3.520000000000000000e+02 2.496650867604897073e+00
3.525000000000000000e+02 2.496802342431180044e+00
3.530000000000000000e+02 2.496966440159653189e+00
3.535000000000000000e+02 2.497117914985936160e+00
3.540000000000000000e+02 2.497269389812219131e+00
3.545000000000000000e+02 2.497420864638502103e+00
3.550000000000000000e+02 2.497572339464785074e+00
3.555000000000000000e+02 2.497736437193258663e+00
3.560000000000000000e+02 2.497887912019541634e+00
3.565000000000000000e+02 2.498039386845824605e+00
3.570000000000000000e+02 2.498190861672107577e+00
3.575000000000000000e+02 2.498342336498390548e+00
3.580000000000000000e+02 2.498493811324673519e+00
3.585000000000000000e+02 2.498645286150956490e+00
3.590000000000000000e+02 2.498796760977239462e+00
3.595000000000000000e+02 2.498948235803522433e+00
3.600000000000000000e+02 2.499099710629805404e+00
3.605000000000000000e+02 2.499251185456088376e+00
3.610000000000000000e+02 2.499402660282371347e+00
3.615000000000000000e+02 2.499554135108654318e+00
3.620000000000000000e+02 2.499692987032747116e+00
3.625000000000000000e+02 2.499844461859030087e+00
3.630000000000000000e+02 2.499995936685313058e+00
3.635000000000000000e+02 2.500134788609405856e+00
3.640000000000000000e+02 2.500286263435688827e+00
3.645000000000000000e+02 2.500425115359781625e+00
3.650000000000000000e+02 2.500576590186064596e+00
3.655000000000000000e+02 2.500715442110157394e+00
3.660000000000000000e+02 2.500854294034250191e+00
3.665000000000000000e+02 2.500993145958342545e+00
3.670000000000000000e+02 2.501131997882435343e+00
3.675000000000000000e+02 2.501270849806528140e+00
3.680000000000000000e+02 2.501409701730620938e+00
3.685000000000000000e+02 2.501548553654713736e+00
3.690000000000000000e+02 2.501687405578806533e+00
3.695000000000000000e+02 2.501826257502899331e+00
3.700000000000000000e+02 2.501952486524801511e+00
3.705000000000000000e+02 2.502091338448894309e+00
3.710000000000000000e+02 2.502217567470796933e+00
3.715000000000000000e+02 2.502343796492699557e+00
3.720000000000000000e+02 2.502470025514601737e+00
3.725000000000000000e+02 2.502596254536504361e+00
3.730000000000000000e+02 2.502722483558406985e+00
3.735000000000000000e+02 2.502848712580309165e+00
3.740000000000000000e+02 2.502974941602211789e+00
3.745000000000000000e+02 2.503088547721924240e+00
3.750000000000000000e+02 2.503202153841636246e+00
3.755000000000000000e+02 2.503328382863538870e+00
3.760000000000000000e+02 2.503441988983250877e+00
3.765000000000000000e+02 2.503555595102963327e+00
3.775000000000000000e+02 2.503770184440197610e+00
3.780000000000000000e+02 2.503883790559909617e+00
3.785000000000000000e+02 2.503984773777431894e+00
3.790000000000000000e+02 2.504085756994953726e+00
3.795000000000000000e+02 2.504186740212475559e+00
3.800000000000000000e+02 2.504287723429997836e+00
3.805000000000000000e+02 2.504388706647519669e+00
3.810000000000000000e+02 2.504477066962851328e+00
3.815000000000000000e+02 2.504565427278182987e+00
3.820000000000000000e+02 2.504666410495705264e+00
3.830000000000000000e+02 2.504830508224178409e+00
3.835000000000000000e+02 2.504918868539510068e+00
3.840000000000000000e+02 2.504994605952651554e+00
3.845000000000000000e+02 2.505070343365793040e+00
3.850000000000000000e+02 2.505146080778934525e+00
3.855000000000000000e+02 2.505221818192076011e+00
3.860000000000000000e+02 2.505284932703027323e+00
3.865000000000000000e+02 2.505360670116168809e+00
3.870000000000000000e+02 2.505423784627120121e+00
3.875000000000000000e+02 2.505486899138071433e+00
3.880000000000000000e+02 2.505537390746832127e+00
3.885000000000000000e+02 2.505600505257783439e+00
3.890000000000000000e+02 2.505650996866544578e+00
3.895000000000000000e+02 2.505701488475305716e+00
3.905000000000000000e+02 2.505789848790637375e+00
3.910000000000000000e+02 2.505827717497207896e+00
3.915000000000000000e+02 2.505865586203778861e+00
3.920000000000000000e+02 2.505903454910349382e+00
3.925000000000000000e+02 2.505928700714730173e+00
3.930000000000000000e+02 2.505966569421300694e+00
3.940000000000000000e+02 2.506004438127871659e+00
3.945000000000000000e+02 2.506029683932252006e+00
3.950000000000000000e+02 2.506042306834442179e+00
3.955000000000000000e+02 2.506054929736632353e+00
3.960000000000000000e+02 2.506054929736632353e+00
3.965000000000000000e+02 2.506067552638822971e+00
3.970000000000000000e+02 2.506067552638822971e+00
3.975000000000000000e+02 2.506067552638822971e+00
3.980000000000000000e+02 2.506054929736632353e+00
3.985000000000000000e+02 2.506042306834442179e+00
3.990000000000000000e+02 2.506029683932252006e+00
3.995000000000000000e+02 2.506017061030061832e+00
4.000000000000000000e+02 2.506004438127871659e+00
4.005000000000000000e+02 2.505979192323490867e+00
4.010000000000000000e+02 2.505953946519110520e+00
4.015000000000000000e+02 2.505916077812539555e+00
4.020000000000000000e+02 2.505890832008159208e+00
4.025000000000000000e+02 2.505852963301588687e+00
4.030000000000000000e+02 2.505802471692827549e+00
4.035000000000000000e+02 2.505764602986256584e+00
4.040000000000000000e+02 2.505714111377495890e+00
4.045000000000000000e+02 2.505663619768734751e+00
4.050000000000000000e+02 2.505613128159973613e+00
4.055000000000000000e+02 2.505550013649022745e+00
4.060000000000000000e+02 2.505486899138071433e+00
4.065000000000000000e+02 2.505423784627120121e+00
4.070000000000000000e+02 2.505348047213978635e+00
4.075000000000000000e+02 2.505284932703027323e+00
4.080000000000000000e+02 2.505209195289885837e+00
4.085000000000000000e+02 2.505120834974554178e+00
4.090000000000000000e+02 2.505045097561412692e+00
4.095000000000000000e+02 2.504956737246081033e+00
4.100000000000000000e+02 2.504868376930748930e+00
4.105000000000000000e+02 2.504767393713227097e+00
4.110000000000000000e+02 2.504679033397895438e+00
4.115000000000000000e+02 2.504578050180373605e+00
4.120000000000000000e+02 2.504477066962851328e+00
4.125000000000000000e+02 2.504363460843139322e+00
4.130000000000000000e+02 2.504249854723426871e+00
4.135000000000000000e+02 2.504148871505905039e+00
4.140000000000000000e+02 2.504022642484002414e+00
4.145000000000000000e+02 2.503909036364290408e+00
4.150000000000000000e+02 2.503782807342387784e+00
4.155000000000000000e+02 2.503656578320485160e+00
4.160000000000000000e+02 2.503530349298582536e+00
4.165000000000000000e+02 2.503404120276680356e+00
4.170000000000000000e+02 2.503265268352587558e+00
4.175000000000000000e+02 2.503126416428494760e+00
4.180000000000000000e+02 2.502987564504401963e+00
4.185000000000000000e+02 2.502848712580309165e+00
4.190000000000000000e+02 2.502697237754026194e+00
4.195000000000000000e+02 2.502558385829933396e+00
4.200000000000000000e+02 2.502406911003650425e+00
4.210000000000000000e+02 2.502091338448894309e+00
4.215000000000000000e+02 2.501939863622611337e+00
4.220000000000000000e+02 2.501775765894138193e+00
4.225000000000000000e+02 2.501611668165665048e+00
4.230000000000000000e+02 2.501447570437191903e+00
4.235000000000000000e+02 2.501270849806528140e+00
4.240000000000000000e+02 2.501106752078054996e+00
4.245000000000000000e+02 2.500930031447391677e+00
4.250000000000000000e+02 2.500753310816727915e+00
4.255000000000000000e+02 2.500576590186064596e+00
4.260000000000000000e+02 2.500399869555400834e+00
4.265000000000000000e+02 2.500223148924737515e+00
4.270000000000000000e+02 2.500033805391884023e+00
4.275000000000000000e+02 2.499857084761220261e+00
4.280000000000000000e+02 2.499667741228366769e+00
4.285000000000000000e+02 2.499478397695512832e+00
4.290000000000000000e+02 2.499289054162659340e+00
4.295000000000000000e+02 2.499099710629805404e+00
4.300000000000000000e+02 2.498897744194761295e+00
4.305000000000000000e+02 2.498708400661907802e+00
4.310000000000000000e+02 2.498506434226863693e+00
4.315000000000000000e+02 2.498304467791819583e+00
4.320000000000000000e+02 2.498102501356775917e+00
4.325000000000000000e+02 2.497900534921731808e+00
4.330000000000000000e+02 2.497698568486687698e+00
4.335000000000000000e+02 2.497496602051644032e+00
4.340000000000000000e+02 2.497294635616599923e+00
4.345000000000000000e+02 2.497080046279365639e+00
4.350000000000000000e+02 2.496878079844321530e+00
4.355000000000000000e+02 2.496663490507087246e+00
4.360000000000000000e+02 2.496461524072043581e+00
4.365000000000000000e+02 2.496246934734809297e+00
4.370000000000000000e+02 2.496032345397575014e+00
4.375000000000000000e+02 2.495817756060340731e+00
4.380000000000000000e+02 2.495603166723106447e+00
4.385000000000000000e+02 2.495388577385872164e+00
4.390000000000000000e+02 2.495173988048637881e+00
4.395000000000000000e+02 2.494959398711403598e+00
4.400000000000000000e+02 2.494732186471979141e+00
4.405000000000000000e+02 2.494517597134745301e+00
4.410000000000000000e+02 2.494303007797511018e+00
4.415000000000000000e+02 2.494075795558086561e+00
4.420000000000000000e+02 2.493861206220852278e+00
4.425000000000000000e+02 2.493633993981427821e+00
4.430000000000000000e+02 2.493419404644193538e+00
4.435000000000000000e+02 2.493192192404769081e+00
4.440000000000000000e+02 2.492964980165344624e+00
4.445000000000000000e+02 2.492750390828110341e+00
4.450000000000000000e+02 2.492523178588685884e+00
4.455000000000000000e+02 2.492295966349261427e+00
4.460000000000000000e+02 2.492068754109836970e+00
4.465000000000000000e+02 2.491854164772602687e+00
4.470000000000000000e+02 2.491626952533178230e+00
4.475000000000000000e+02 2.491399740293753773e+00
4.480000000000000000e+02 2.491172528054329316e+00
4.485000000000000000e+02 2.490945315814904859e+00
4.490000000000000000e+02 2.490718103575479958e+00
4.495000000000000000e+02 2.490490891336055501e+00
4.500000000000000000e+02 2.490263679096631044e+00
4.505000000000000000e+02 2.490036466857206587e+00
4.510000000000000000e+02 2.489821877519972304e+00
4.515000000000000000e+02 2.489594665280547847e+00
4.520000000000000000e+02 2.489367453041123390e+00
4.525000000000000000e+02 2.489140240801698933e+00
4.530000000000000000e+02 2.488913028562274476e+00
4.535000000000000000e+02 2.488685816322850020e+00
4.540000000000000000e+02 2.488458604083425563e+00
4.545000000000000000e+02 2.488231391844001106e+00
4.550000000000000000e+02 2.488004179604576649e+00
4.555000000000000000e+02 2.487776967365152192e+00
4.560000000000000000e+02 2.487562378027917909e+00
4.565000000000000000e+02 2.487335165788493452e+00
4.570000000000000000e+02 2.487107953549068995e+00
4.575000000000000000e+02 2.486880741309644538e+00
4.580000000000000000e+02 2.486653529070220081e+00
4.585000000000000000e+02 2.486438939732985798e+00
4.590000000000000000e+02 2.486211727493561341e+00
4.595000000000000000e+02 2.485984515254136884e+00
4.600000000000000000e+02 2.485769925916902601e+00
4.605000000000000000e+02 2.485542713677478144e+00
4.610000000000000000e+02 2.485315501438053687e+00
4.615000000000000000e+02 2.485100912100819404e+00
4.620000000000000000e+02 2.484873699861394947e+00
4.625000000000000000e+02 2.484659110524160663e+00
4.630000000000000000e+02 2.484431898284736207e+00
4.635000000000000000e+02 2.484217308947501923e+00
4.640000000000000000e+02 2.484002719610267640e+00
4.645000000000000000e+02 2.483775507370843183e+00
4.650000000000000000e+02 2.483560918033608900e+00
4.655000000000000000e+02 2.483346328696375060e+00
4.660000000000000000e+02 2.483131739359140777e+00
4.670000000000000000e+02 2.482689937782482037e+00
4.675000000000000000e+02 2.482475348445247754e+00
4.680000000000000000e+02 2.482260759108013470e+00
4.685000000000000000e+02 2.482046169770779187e+00
4.690000000000000000e+02 2.481844203335735077e+00
4.695000000000000000e+02 2.481629613998501238e+00
4.700000000000000000e+02 2.481415024661266955e+00
4.705000000000000000e+02 2.481200435324032672e+00
4.710000000000000000e+02 2.480998468888988562e+00
4.715000000000000000e+02 2.480783879551754278e+00
4.720000000000000000e+02 2.480569290214519995e+00
4.725000000000000000e+02 2.480367323779476330e+00
4.735000000000000000e+02 2.479950768007197937e+00
4.740000000000000000e+02 2.479748801572153827e+00
4.745000000000000000e+02 2.479546835137110161e+00
4.750000000000000000e+02 2.479332245799875878e+00
4.755000000000000000e+02 2.479130279364831768e+00
4.760000000000000000e+02 2.478928312929787658e+00
4.765000000000000000e+02 2.478726346494743993e+00
4.770000000000000000e+02 2.478524380059699883e+00
4.780000000000000000e+02 2.478133070091802281e+00
4.785000000000000000e+02 2.477931103656758172e+00
4.790000000000000000e+02 2.477729137221714062e+00
4.795000000000000000e+02 2.477539793688860570e+00
4.800000000000000000e+02 2.477337827253816460e+00
4.805000000000000000e+02 2.477148483720962524e+00
4.810000000000000000e+02 2.476946517285918858e+00
4.815000000000000000e+02 2.476757173753064922e+00
4.820000000000000000e+02 2.476567830220211430e+00
4.825000000000000000e+02 2.476378486687357494e+00
4.830000000000000000e+02 2.476189143154504002e+00
4.835000000000000000e+02 2.475999799621650066e+00
4.840000000000000000e+02 2.475810456088796130e+00
4.845000000000000000e+02 2.475621112555942638e+00
4.850000000000000000e+02 2.475431769023088702e+00
4.855000000000000000e+02 2.475242425490235210e+00
4.860000000000000000e+02 2.475065704859571447e+00
4.865000000000000000e+02 2.474876361326717955e+00
4.870000000000000000e+02 2.474699640696054637e+00
4.875000000000000000e+02 2.474510297163200701e+00
4.880000000000000000e+02 2.474333576532537382e+00
4.885000000000000000e+02 2.474156855901873620e+00
4.890000000000000000e+02 2.473980135271210301e+00
4.895000000000000000e+02 2.473790791738356365e+00
4.900000000000000000e+02 2.473614071107693047e+00
4.905000000000000000e+02 2.473449973379219902e+00
4.910000000000000000e+02 2.473273252748556139e+00
4.915000000000000000e+02 2.473096532117892821e+00
4.920000000000000000e+02 2.472919811487229502e+00
4.925000000000000000e+02 2.472755713758755913e+00
4.930000000000000000e+02 2.472578993128092595e+00
4.935000000000000000e+02 2.472414895399619450e+00
4.940000000000000000e+02 2.472238174768955687e+00
4.945000000000000000e+02 2.472074077040482543e+00
4.950000000000000000e+02 2.471909979312009398e+00
4.955000000000000000e+02 2.471745881583536253e+00
4.960000000000000000e+02 2.471581783855063108e+00
4.965000000000000000e+02 2.471417686126589519e+00
4.970000000000000000e+02 2.471253588398116374e+00
4.975000000000000000e+02 2.471089490669643229e+00
4.980000000000000000e+02 2.470925392941170085e+00
4.985000000000000000e+02 2.470773918114887113e+00
4.990000000000000000e+02 2.470609820386413968e+00
5.000000000000000000e+02 2.470294247831657408e+00
5.005000000000000000e+02 2.470142773005374437e+00
5.010000000000000000e+02 2.469991298179091466e+00
5.015000000000000000e+02 2.469827200450618321e+00
5.020000000000000000e+02 2.469675725624335350e+00
5.025000000000000000e+02 2.469524250798052378e+00
5.030000000000000000e+02 2.469385398873959581e+00
5.035000000000000000e+02 2.469233924047676609e+00
5.040000000000000000e+02 2.469082449221393638e+00
5.045000000000000000e+02 2.468930974395110667e+00
5.050000000000000000e+02 2.468792122471017869e+00
5.055000000000000000e+02 2.468640647644734898e+00
5.060000000000000000e+02 2.468501795720642100e+00
5.065000000000000000e+02 2.468362943796549303e+00
5.070000000000000000e+02 2.468211468970266331e+00
5.075000000000000000e+02 2.468072617046173978e+00
5.080000000000000000e+02 2.467933765122081180e+00
5.085000000000000000e+02 2.467794913197988382e+00
5.090000000000000000e+02 2.467656061273895585e+00
5.095000000000000000e+02 2.467529832251992961e+00
5.100000000000000000e+02 2.467390980327900163e+00
5.105000000000000000e+02 2.467252128403807809e+00
5.110000000000000000e+02 2.467125899381905185e+00
5.115000000000000000e+02 2.466987047457812388e+00
5.120000000000000000e+02 2.466860818435909763e+00
5.125000000000000000e+02 2.466734589414007583e+00
5.135000000000000000e+02 2.466469508468012162e+00
5.140000000000000000e+02 2.466343279446109538e+00
5.145000000000000000e+02 2.466217050424207358e+00
5.150000000000000000e+02 2.466103444304494907e+00
5.155000000000000000e+02 2.465977215282592283e+00
5.160000000000000000e+02 2.465850986260690103e+00
5.170000000000000000e+02 2.465611151119075473e+00
5.175000000000000000e+02 2.465497544999363022e+00
5.180000000000000000e+02 2.465371315977460398e+00
5.185000000000000000e+02 2.465257709857748392e+00
5.190000000000000000e+02 2.465144103738035941e+00
5.195000000000000000e+02 2.465030497618323935e+00
5.200000000000000000e+02 2.464916891498611484e+00
5.205000000000000000e+02 2.464803285378899478e+00
5.210000000000000000e+02 2.464689679259187027e+00
5.215000000000000000e+02 2.464576073139475021e+00
5.220000000000000000e+02 2.464462467019762570e+00
5.225000000000000000e+02 2.464361483802240738e+00
5.230000000000000000e+02 2.464247877682528287e+00
5.235000000000000000e+02 2.464146894465006454e+00
5.240000000000000000e+02 2.464045911247484621e+00
5.245000000000000000e+02 2.463932305127772171e+00
5.250000000000000000e+02 2.463831321910250338e+00
5.255000000000000000e+02 2.463730338692728061e+00
5.260000000000000000e+02 2.463629355475206228e+00
5.265000000000000000e+02 2.463528372257684396e+00
5.270000000000000000e+02 2.463427389040162119e+00
5.275000000000000000e+02 2.463339028724830460e+00
5.280000000000000000e+02 2.463238045507308627e+00
5.285000000000000000e+02 2.463137062289786350e+00
5.290000000000000000e+02 2.463048701974454691e+00
5.295000000000000000e+02 2.462947718756932858e+00
5.300000000000000000e+02 2.462859358441601199e+00
5.305000000000000000e+02 2.462770998126269095e+00
5.310000000000000000e+02 2.462682637810937436e+00
5.315000000000000000e+02 2.462581654593415603e+00
5.320000000000000000e+02 2.462493294278083944e+00
5.330000000000000000e+02 2.462329196549610355e+00
5.335000000000000000e+02 2.462240836234278696e+00
5.340000000000000000e+02 2.462152475918947037e+00
5.345000000000000000e+02 2.462076738505805551e+00
5.350000000000000000e+02 2.461988378190473892e+00
5.355000000000000000e+02 2.461912640777332406e+00
5.360000000000000000e+02 2.461824280462000747e+00
5.365000000000000000e+02 2.461748543048859261e+00
5.370000000000000000e+02 2.461672805635717776e+00
5.375000000000000000e+02 2.461597068222576290e+00
5.380000000000000000e+02 2.461521330809434804e+00
5.385000000000000000e+02 2.461445593396293319e+00
5.390000000000000000e+02 2.461369855983151833e+00
5.395000000000000000e+02 2.461294118570010347e+00
5.400000000000000000e+02 2.461218381156868862e+00
5.405000000000000000e+02 2.461155266645917550e+00
5.410000000000000000e+02 2.461079529232776064e+00
5.415000000000000000e+02 2.461016414721824752e+00
5.420000000000000000e+02 2.460940677308683266e+00
5.425000000000000000e+02 2.460877562797731954e+00
5.430000000000000000e+02 2.460814448286780642e+00
5.440000000000000000e+02 2.460675596362687845e+00
5.445000000000000000e+02 2.460612481851736533e+00
5.450000000000000000e+02 2.460549367340785665e+00
5.455000000000000000e+02 2.460498875732024526e+00
5.460000000000000000e+02 2.460435761221073214e+00
5.465000000000000000e+02 2.460372646710121902e+00
5.470000000000000000e+02 2.460322155101361208e+00
5.475000000000000000e+02 2.460259040590409896e+00
5.480000000000000000e+02 2.460208548981648757e+00
5.485000000000000000e+02 2.460145434470697445e+00
5.490000000000000000e+02 2.460094942861936307e+00
5.495000000000000000e+02 2.460044451253175612e+00
5.500000000000000000e+02 2.459981336742224300e+00
5.505000000000000000e+02 2.459930845133463162e+00
5.510000000000000000e+02 2.459880353524702468e+00
5.515000000000000000e+02 2.459829861915941329e+00
5.520000000000000000e+02 2.459791993209370364e+00
5.525000000000000000e+02 2.459741501600609670e+00
5.530000000000000000e+02 2.459691009991848532e+00
5.535000000000000000e+02 2.459640518383087393e+00
5.540000000000000000e+02 2.459602649676516872e+00
5.545000000000000000e+02 2.459552158067755734e+00
5.550000000000000000e+02 2.459514289361185213e+00
5.555000000000000000e+02 2.459476420654614248e+00
5.560000000000000000e+02 2.459425929045853554e+00
5.565000000000000000e+02 2.459388060339282589e+00
5.570000000000000000e+02 2.459350191632712068e+00
5.575000000000000000e+02 2.459312322926141103e+00
5.580000000000000000e+02 2.459274454219570138e+00
5.585000000000000000e+02 2.459236585512999618e+00
5.590000000000000000e+02 2.459198716806428653e+00
5.595000000000000000e+02 2.459173471002048306e+00
5.600000000000000000e+02 2.459135602295477785e+00
5.605000000000000000e+02 2.459097733588906820e+00
5.610000000000000000e+02 2.459072487784526473e+00
5.615000000000000000e+02 2.459034619077955508e+00
5.620000000000000000e+02 2.459009373273575161e+00
5.625000000000000000e+02 2.458984127469194814e+00
5.630000000000000000e+02 2.458946258762623849e+00
5.635000000000000000e+02 2.458921012958243502e+00
5.640000000000000000e+02 2.458895767153862710e+00
5.645000000000000000e+02 2.458870521349482363e+00
5.650000000000000000e+02 2.458845275545102016e+00
5.655000000000000000e+02 2.458820029740721225e+00
5.660000000000000000e+02 2.458794783936340878e+00
5.665000000000000000e+02 2.458782161034150704e+00
5.670000000000000000e+02 2.458756915229770357e+00
5.675000000000000000e+02 2.458731669425389565e+00
5.680000000000000000e+02 2.458719046523199392e+00
5.685000000000000000e+02 2.458693800718819045e+00
5.690000000000000000e+02 2.458681177816628871e+00
5.700000000000000000e+02 2.458643309110057906e+00
5.705000000000000000e+02 2.458630686207867733e+00
5.710000000000000000e+02 2.458618063305677559e+00
5.715000000000000000e+02 2.458605440403487385e+00
5.720000000000000000e+02 2.458592817501296768e+00
5.725000000000000000e+02 2.458580194599106594e+00
5.730000000000000000e+02 2.458567571696916421e+00
5.735000000000000000e+02 2.458554948794726247e+00
5.740000000000000000e+02 2.458542325892536073e+00
5.745000000000000000e+02 2.458542325892536073e+00
5.750000000000000000e+02 2.458529702990345456e+00
5.755000000000000000e+02 2.458517080088155282e+00
5.760000000000000000e+02 2.458517080088155282e+00
5.765000000000000000e+02 2.458517080088155282e+00
5.770000000000000000e+02 2.458504457185965109e+00
5.775000000000000000e+02 2.458504457185965109e+00
5.780000000000000000e+02 2.458504457185965109e+00
5.785000000000000000e+02 2.458491834283774935e+00
5.790000000000000000e+02 2.458491834283774935e+00
5.795000000000000000e+02 2.458491834283774935e+00
5.800000000000000000e+02 2.458491834283774935e+00
5.805000000000000000e+02 2.458491834283774935e+00
5.810000000000000000e+02 2.458491834283774935e+00
5.815000000000000000e+02 2.458504457185965109e+00
5.820000000000000000e+02 2.458504457185965109e+00
5.825000000000000000e+02 2.458504457185965109e+00
5.830000000000000000e+02 2.458517080088155282e+00
5.835000000000000000e+02 2.458517080088155282e+00
5.845000000000000000e+02 2.458529702990345456e+00
5.850000000000000000e+02 2.458542325892536073e+00
5.855000000000000000e+02 2.458542325892536073e+00
5.860000000000000000e+02 2.458554948794726247e+00
5.865000000000000000e+02 2.458567571696916421e+00
5.870000000000000000e+02 2.458580194599106594e+00
5.875000000000000000e+02 2.458592817501296768e+00
5.880000000000000000e+02 2.458605440403487385e+00
5.885000000000000000e+02 2.458618063305677559e+00
5.890000000000000000e+02 2.458630686207867733e+00
5.895000000000000000e+02 2.458643309110057906e+00
5.900000000000000000e+02 2.458655932012248080e+00
5.905000000000000000e+02 2.458668554914438253e+00
5.910000000000000000e+02 2.458681177816628871e+00
5.915000000000000000e+02 2.458706423621009218e+00
5.920000000000000000e+02 2.458719046523199392e+00
5.925000000000000000e+02 2.458744292327579739e+00
5.930000000000000000e+02 2.458756915229770357e+00
5.935000000000000000e+02 2.458782161034150704e+00
5.940000000000000000e+02 2.458794783936340878e+00
5.945000000000000000e+02 2.458820029740721225e+00
5.950000000000000000e+02 2.458845275545102016e+00
5.955000000000000000e+02 2.458857898447292190e+00
5.960000000000000000e+02 2.458883144251672537e+00
5.965000000000000000e+02 2.458908390056053328e+00
5.970000000000000000e+02 2.458933635860433675e+00
5.975000000000000000e+02 2.458958881664814022e+00
5.980000000000000000e+02 2.458984127469194814e+00
5.985000000000000000e+02 2.459009373273575161e+00
5.990000000000000000e+02 2.459034619077955508e+00
5.995000000000000000e+02 2.459059864882336299e+00
6.000000000000000000e+02 2.459097733588906820e+00
6.005000000000000000e+02 2.459122979393287167e+00
6.010000000000000000e+02 2.459148225197667958e+00
6.015000000000000000e+02 2.459186093904238479e+00
6.020000000000000000e+02 2.459211339708619271e+00
6.025000000000000000e+02 2.459236585512999618e+00
6.030000000000000000e+02 2.459274454219570138e+00
6.040000000000000000e+02 2.459337568730521451e+00
6.045000000000000000e+02 2.459375437437092415e+00
6.050000000000000000e+02 2.459400683241472763e+00
6.055000000000000000e+02 2.459438551948043727e+00
6.060000000000000000e+02 2.459476420654614248e+00
6.065000000000000000e+02 2.459514289361185213e+00
6.070000000000000000e+02 2.459552158067755734e+00
6.080000000000000000e+02 2.459615272578707046e+00
6.085000000000000000e+02 2.459653141285278011e+00
6.090000000000000000e+02 2.459691009991848532e+00
6.100000000000000000e+02 2.459779370307180191e+00
6.105000000000000000e+02 2.459817239013751156e+00
6.110000000000000000e+02 2.459855107720321676e+00
6.115000000000000000e+02 2.459892976426892641e+00
6.120000000000000000e+02 2.459930845133463162e+00
6.125000000000000000e+02 2.459981336742224300e+00
6.130000000000000000e+02 2.460019205448794821e+00
6.135000000000000000e+02 2.460057074155365786e+00
6.140000000000000000e+02 2.460107565764126925e+00
6.145000000000000000e+02 2.460145434470697445e+00
6.150000000000000000e+02 2.460195926079458584e+00
6.155000000000000000e+02 2.460233794786029105e+00
6.160000000000000000e+02 2.460284286394790243e+00
6.165000000000000000e+02 2.460322155101361208e+00
6.170000000000000000e+02 2.460372646710121902e+00
6.175000000000000000e+02 2.460423138318883041e+00
6.180000000000000000e+02 2.460461007025453561e+00
6.185000000000000000e+02 2.460511498634214700e+00
6.190000000000000000e+02 2.460561990242975838e+00
6.195000000000000000e+02 2.460612481851736533e+00
6.200000000000000000e+02 2.460650350558307498e+00
6.205000000000000000e+02 2.460700842167068636e+00
6.210000000000000000e+02 2.460751333775829330e+00
6.215000000000000000e+02 2.460801825384590469e+00
6.220000000000000000e+02 2.460852316993351607e+00
6.225000000000000000e+02 2.460902808602112302e+00
6.230000000000000000e+02 2.460953300210873440e+00
6.235000000000000000e+02 2.461003791819634579e+00
6.240000000000000000e+02 2.461054283428395273e+00
6.245000000000000000e+02 2.461104775037156411e+00
6.250000000000000000e+02 2.461155266645917550e+00
6.255000000000000000e+02 2.461205758254678244e+00
6.260000000000000000e+02 2.461256249863439383e+00
6.270000000000000000e+02 2.461369855983151833e+00
6.275000000000000000e+02 2.461420347591912527e+00
6.280000000000000000e+02 2.461470839200673666e+00
6.285000000000000000e+02 2.461521330809434804e+00
6.290000000000000000e+02 2.461584445320385672e+00
6.295000000000000000e+02 2.461634936929146811e+00
6.300000000000000000e+02 2.461685428537907949e+00
6.305000000000000000e+02 2.461735920146669088e+00
6.310000000000000000e+02 2.461799034657619956e+00
6.315000000000000000e+02 2.461849526266381094e+00
6.320000000000000000e+02 2.461900017875142233e+00
6.325000000000000000e+02 2.461963132386093545e+00
6.330000000000000000e+02 2.462013623994854239e+00
6.335000000000000000e+02 2.462076738505805551e+00
6.340000000000000000e+02 2.462127230114566689e+00
6.350000000000000000e+02 2.462240836234278696e+00
6.355000000000000000e+02 2.462291327843039834e+00
6.360000000000000000e+02 2.462354442353991146e+00
6.365000000000000000e+02 2.462404933962751841e+00
6.370000000000000000e+02 2.462468048473703153e+00
6.375000000000000000e+02 2.462518540082464291e+00
6.380000000000000000e+02 2.462581654593415603e+00
6.385000000000000000e+02 2.462632146202176742e+00
6.390000000000000000e+02 2.462695260713127610e+00
6.395000000000000000e+02 2.462745752321888748e+00
6.400000000000000000e+02 2.462808866832840060e+00
6.405000000000000000e+02 2.462859358441601199e+00
6.410000000000000000e+02 2.462922472952552067e+00
6.415000000000000000e+02 2.462972964561313205e+00
6.420000000000000000e+02 2.463036079072264517e+00
6.425000000000000000e+02 2.463086570681025655e+00
6.430000000000000000e+02 2.463149685191976523e+00
6.435000000000000000e+02 2.463200176800737662e+00
6.440000000000000000e+02 2.463263291311688974e+00
6.445000000000000000e+02 2.463313782920450112e+00
6.450000000000000000e+02 2.463376897431401424e+00
6.455000000000000000e+02 2.463427389040162119e+00
6.460000000000000000e+02 2.463490503551113431e+00
6.465000000000000000e+02 2.463540995159874569e+00
6.470000000000000000e+02 2.463604109670825881e+00
6.475000000000000000e+02 2.463654601279586576e+00
6.480000000000000000e+02 2.463717715790537888e+00
6.485000000000000000e+02 2.463768207399299026e+00
6.490000000000000000e+02 2.463831321910250338e+00
6.495000000000000000e+02 2.463881813519011033e+00
6.500000000000000000e+02 2.463932305127772171e+00
6.505000000000000000e+02 2.463995419638723483e+00
6.510000000000000000e+02 2.464045911247484621e+00
6.515000000000000000e+02 2.464096402856245316e+00
6.520000000000000000e+02 2.464159517367196628e+00
6.525000000000000000e+02 2.464210008975957766e+00
6.530000000000000000e+02 2.464260500584718461e+00
6.535000000000000000e+02 2.464323615095669773e+00
6.540000000000000000e+02 2.464374106704430911e+00
6.545000000000000000e+02 2.464424598313192050e+00
6.550000000000000000e+02 2.464475089921952744e+00
6.555000000000000000e+02 2.464525581530713882e+00
6.560000000000000000e+02 2.464588696041665195e+00
6.565000000000000000e+02 2.464639187650425889e+00
6.570000000000000000e+02 2.464689679259187027e+00
6.575000000000000000e+02 2.464740170867948166e+00
6.580000000000000000e+02 2.464790662476709304e+00
6.585000000000000000e+02 2.464841154085469999e+00
6.590000000000000000e+02 2.464891645694231137e+00
6.595000000000000000e+02 2.464942137302992275e+00
6.600000000000000000e+02 2.464992628911752970e+00
6.605000000000000000e+02 2.465030497618323935e+00
6.610000000000000000e+02 2.465080989227084629e+00
6.615000000000000000e+02 2.465131480835845768e+00
6.620000000000000000e+02 2.465181972444606906e+00
6.625000000000000000e+02 2.465219841151177427e+00
6.630000000000000000e+02 2.465270332759938565e+00
6.635000000000000000e+02 2.465320824368699704e+00
6.640000000000000000e+02 2.465358693075270224e+00
6.645000000000000000e+02 2.465409184684031363e+00
6.650000000000000000e+02 2.465447053390601884e+00
6.655000000000000000e+02 2.465497544999363022e+00
6.660000000000000000e+02 2.465535413705933987e+00
6.665000000000000000e+02 2.465573282412504508e+00
6.670000000000000000e+02 2.465623774021265646e+00
6.675000000000000000e+02 2.465661642727836167e+00
6.680000000000000000e+02 2.465699511434407132e+00
6.685000000000000000e+02 2.465737380140977653e+00
6.690000000000000000e+02 2.465775248847548617e+00
6.695000000000000000e+02 2.465813117554119138e+00
6.700000000000000000e+02 2.465850986260690103e+00
6.705000000000000000e+02 2.465888854967260624e+00
6.710000000000000000e+02 2.465926723673831589e+00
6.715000000000000000e+02 2.465964592380402109e+00
6.720000000000000000e+02 2.465989838184782901e+00
6.725000000000000000e+02 2.466027706891353422e+00
6.730000000000000000e+02 2.466052952695733769e+00
6.735000000000000000e+02 2.466090821402304734e+00
6.740000000000000000e+02 2.466116067206685081e+00
6.745000000000000000e+02 2.466153935913256046e+00
6.750000000000000000e+02 2.466179181717636393e+00
6.755000000000000000e+02 2.466204427522017184e+00
6.760000000000000000e+02 2.466229673326397531e+00
6.775000000000000000e+02 2.466305410739539017e+00
6.780000000000000000e+02 2.466330656543919364e+00
6.785000000000000000e+02 2.466355902348300155e+00
6.790000000000000000e+02 2.466381148152680503e+00
6.795000000000000000e+02 2.466393771054870676e+00
6.800000000000000000e+02 2.466419016859251023e+00
6.805000000000000000e+02 2.466431639761441641e+00
6.810000000000000000e+02 2.466456885565821988e+00
6.815000000000000000e+02 2.466469508468012162e+00
6.820000000000000000e+02 2.466482131370202335e+00
6.825000000000000000e+02 2.466494754272392509e+00
6.830000000000000000e+02 2.466520000076773300e+00
6.840000000000000000e+02 2.466532622978963474e+00
6.845000000000000000e+02 2.466545245881153647e+00
6.850000000000000000e+02 2.466557868783343821e+00
6.855000000000000000e+02 2.466570491685533995e+00
6.860000000000000000e+02 2.466570491685533995e+00
6.865000000000000000e+02 2.466583114587724612e+00
6.870000000000000000e+02 2.466583114587724612e+00
6.875000000000000000e+02 2.466583114587724612e+00
6.880000000000000000e+02 2.466583114587724612e+00
6.885000000000000000e+02 2.466583114587724612e+00
6.890000000000000000e+02 2.466583114587724612e+00
6.895000000000000000e+02 2.466583114587724612e+00
6.900000000000000000e+02 2.466583114587724612e+00
6.905000000000000000e+02 2.466583114587724612e+00
6.910000000000000000e+02 2.466583114587724612e+00
6.915000000000000000e+02 2.466570491685533995e+00
6.920000000000000000e+02 2.466570491685533995e+00
6.925000000000000000e+02 2.466557868783343821e+00
6.930000000000000000e+02 2.466545245881153647e+00
6.935000000000000000e+02 2.466532622978963474e+00
6.940000000000000000e+02 2.466520000076773300e+00
6.945000000000000000e+02 2.466507377174583127e+00
6.950000000000000000e+02 2.466494754272392509e+00
6.955000000000000000e+02 2.466482131370202335e+00
6.960000000000000000e+02 2.466469508468012162e+00
6.965000000000000000e+02 2.466444262663631815e+00
6.970000000000000000e+02 2.466431639761441641e+00
6.975000000000000000e+02 2.466406393957060850e+00
6.980000000000000000e+02 2.466393771054870676e+00
6.985000000000000000e+02 2.466368525250490329e+00
6.990000000000000000e+02 2.466343279446109538e+00
6.995000000000000000e+02 2.466318033641729190e+00
7.000000000000000000e+02 2.466292787837348843e+00
7.005000000000000000e+02 2.466267542032968052e+00
7.010000000000000000e+02 2.466242296228587705e+00
7.015000000000000000e+02 2.466204427522017184e+00
7.020000000000000000e+02 2.466179181717636393e+00
7.025000000000000000e+02 2.466153935913256046e+00
7.030000000000000000e+02 2.466116067206685081e+00
7.035000000000000000e+02 2.466078198500114560e+00
7.040000000000000000e+02 2.466052952695733769e+00
7.045000000000000000e+02 2.466015083989163248e+00
7.050000000000000000e+02 2.465977215282592283e+00
7.055000000000000000e+02 2.465939346576021762e+00
7.060000000000000000e+02 2.465901477869450797e+00
7.065000000000000000e+02 2.465863609162880277e+00
7.070000000000000000e+02 2.465813117554119138e+00
7.075000000000000000e+02 2.465775248847548617e+00
7.080000000000000000e+02 2.465737380140977653e+00
7.085000000000000000e+02 2.465686888532216958e+00
7.090000000000000000e+02 2.465636396923455820e+00
7.095000000000000000e+02 2.465598528216884855e+00
7.100000000000000000e+02 2.465548036608124161e+00
7.105000000000000000e+02 2.465497544999363022e+00
7.110000000000000000e+02 2.465447053390601884e+00
7.115000000000000000e+02 2.465396561781841189e+00
7.120000000000000000e+02 2.465346070173080051e+00
7.125000000000000000e+02 2.465295578564318912e+00
7.130000000000000000e+02 2.465245086955558218e+00
7.135000000000000000e+02 2.465194595346797080e+00
7.140000000000000000e+02 2.465131480835845768e+00
7.145000000000000000e+02 2.465080989227084629e+00
7.150000000000000000e+02 2.465030497618323935e+00
7.155000000000000000e+02 2.464967383107372623e+00
7.160000000000000000e+02 2.464904268596421311e+00
7.165000000000000000e+02 2.464853776987660172e+00
7.170000000000000000e+02 2.464790662476709304e+00
7.175000000000000000e+02 2.464727547965757992e+00
7.180000000000000000e+02 2.464664433454806680e+00
7.185000000000000000e+02 2.464601318943855368e+00
7.190000000000000000e+02 2.464538204432904056e+00
7.195000000000000000e+02 2.464475089921952744e+00
7.200000000000000000e+02 2.464411975411001432e+00
7.205000000000000000e+02 2.464348860900050564e+00
7.210000000000000000e+02 2.464285746389099252e+00
7.215000000000000000e+02 2.464222631878147940e+00
7.220000000000000000e+02 2.464146894465006454e+00
7.225000000000000000e+02 2.464083779954055142e+00
7.230000000000000000e+02 2.464008042540913657e+00
7.235000000000000000e+02 2.463944928029962345e+00
7.240000000000000000e+02 2.463869190616820859e+00
7.245000000000000000e+02 2.463806076105869547e+00
7.250000000000000000e+02 2.463730338692728061e+00
7.255000000000000000e+02 2.463667224181776749e+00
7.260000000000000000e+02 2.463591486768635264e+00
7.265000000000000000e+02 2.463515749355493778e+00
7.270000000000000000e+02 2.463440011942352292e+00
7.275000000000000000e+02 2.463376897431401424e+00
7.280000000000000000e+02 2.463301160018259939e+00
7.285000000000000000e+02 2.463225422605118453e+00
7.290000000000000000e+02 2.463149685191976523e+00
7.295000000000000000e+02 2.463073947778835038e+00
7.300000000000000000e+02 2.462998210365693552e+00
7.305000000000000000e+02 2.462922472952552067e+00
7.310000000000000000e+02 2.462846735539410581e+00
7.315000000000000000e+02 2.462770998126269095e+00
7.320000000000000000e+02 2.462682637810937436e+00
7.325000000000000000e+02 2.462606900397795950e+00
7.330000000000000000e+02 2.462531162984654465e+00
7.335000000000000000e+02 2.462455425571512979e+00
7.340000000000000000e+02 2.462379688158371494e+00
7.345000000000000000e+02 2.462291327843039834e+00
7.350000000000000000e+02 2.462215590429898349e+00
7.355000000000000000e+02 2.462139853016756863e+00
7.360000000000000000e+02 2.462051492701425204e+00
7.365000000000000000e+02 2.461975755288283718e+00
7.370000000000000000e+02 2.461900017875142233e+00
7.375000000000000000e+02 2.461811657559810573e+00
7.380000000000000000e+02 2.461735920146669088e+00
7.385000000000000000e+02 2.461647559831336984e+00
7.390000000000000000e+02 2.461571822418195499e+00
7.395000000000000000e+02 2.461483462102863840e+00
7.400000000000000000e+02 2.461407724689722354e+00
7.405000000000000000e+02 2.461319364374390695e+00
7.410000000000000000e+02 2.461243626961249209e+00
7.415000000000000000e+02 2.461155266645917550e+00
7.420000000000000000e+02 2.461079529232776064e+00
7.425000000000000000e+02 2.460991168917444405e+00
7.430000000000000000e+02 2.460915431504302919e+00
7.435000000000000000e+02 2.460827071188970816e+00
7.440000000000000000e+02 2.460738710873639157e+00
7.445000000000000000e+02 2.460662973460497671e+00
7.450000000000000000e+02 2.460574613145166012e+00
7.455000000000000000e+02 2.460498875732024526e+00
7.460000000000000000e+02 2.460410515416692867e+00
7.465000000000000000e+02 2.460322155101361208e+00
7.470000000000000000e+02 2.460246417688219722e+00
7.475000000000000000e+02 2.460158057372887619e+00
7.485000000000000000e+02 2.459993959644414474e+00
7.490000000000000000e+02 2.459905599329082815e+00
7.495000000000000000e+02 2.459829861915941329e+00
7.500000000000000000e+02 2.459741501600609670e+00
7.505000000000000000e+02 2.459653141285278011e+00
7.510000000000000000e+02 2.459577403872136525e+00
7.515000000000000000e+02 2.459489043556804422e+00
7.520000000000000000e+02 2.459413306143662936e+00
7.525000000000000000e+02 2.459324945828331277e+00
7.530000000000000000e+02 2.459236585512999618e+00
7.535000000000000000e+02 2.459160848099858132e+00
7.540000000000000000e+02 2.459072487784526473e+00
7.545000000000000000e+02 2.458996750371384987e+00
7.550000000000000000e+02 2.458908390056053328e+00
7.555000000000000000e+02 2.458832652642911842e+00
7.560000000000000000e+02 2.458744292327579739e+00
7.565000000000000000e+02 2.458655932012248080e+00
7.570000000000000000e+02 2.458580194599106594e+00
7.575000000000000000e+02 2.458491834283774935e+00
7.580000000000000000e+02 2.458416096870633449e+00
7.585000000000000000e+02 2.458327736555301790e+00
7.590000000000000000e+02 2.458251999142160305e+00
7.595000000000000000e+02 2.458163638826828645e+00
7.600000000000000000e+02 2.458087901413687160e+00
7.610000000000000000e+02 2.457923803685213571e+00
7.615000000000000000e+02 2.457848066272072085e+00
7.620000000000000000e+02 2.457759705956740426e+00
7.625000000000000000e+02 2.457683968543598940e+00
7.630000000000000000e+02 2.457595608228267281e+00
7.635000000000000000e+02 2.457519870815125795e+00
7.640000000000000000e+02 2.457444133401984310e+00
7.645000000000000000e+02 2.457355773086652651e+00
7.650000000000000000e+02 2.457280035673511165e+00
7.655000000000000000e+02 2.457204298260369679e+00
7.660000000000000000e+02 2.457128560847228194e+00
7.665000000000000000e+02 2.457040200531896090e+00
7.670000000000000000e+02 2.456964463118754605e+00
7.675000000000000000e+02 2.456888725705613119e+00
7.680000000000000000e+02 2.456812988292471633e+00
7.685000000000000000e+02 2.456737250879330148e+00
7.690000000000000000e+02 2.456648890563998489e+00
7.695000000000000000e+02 2.456573153150857003e+00
7.700000000000000000e+02 2.456497415737715517e+00
7.705000000000000000e+02 2.456421678324574032e+00
7.710000000000000000e+02 2.456345940911432546e+00
7.715000000000000000e+02 2.456270203498291060e+00
7.720000000000000000e+02 2.456194466085149575e+00
7.725000000000000000e+02 2.456118728672008089e+00
7.730000000000000000e+02 2.456042991258866603e+00
7.735000000000000000e+02 2.455967253845725118e+00
7.740000000000000000e+02 2.455891516432583632e+00
7.745000000000000000e+02 2.455815779019442147e+00
7.750000000000000000e+02 2.455740041606300661e+00
7.755000000000000000e+02 2.455676927095349349e+00
7.760000000000000000e+02 2.455601189682207863e+00
7.765000000000000000e+02 2.455525452269066378e+00
7.770000000000000000e+02 2.455449714855924892e+00
7.775000000000000000e+02 2.455373977442783406e+00
7.780000000000000000e+02 2.455310862931832094e+00
7.785000000000000000e+02 2.455235125518690609e+00
7.790000000000000000e+02 2.455159388105549123e+00
7.795000000000000000e+02 2.455096273594597811e+00
7.800000000000000000e+02 2.455020536181456325e+00
7.810000000000000000e+02 2.454881684257363972e+00
7.815000000000000000e+02 2.454805946844222042e+00
7.820000000000000000e+02 2.454742832333271174e+00
7.825000000000000000e+02 2.454667094920129689e+00
7.830000000000000000e+02 2.454603980409178376e+00
7.835000000000000000e+02 2.454540865898227064e+00
7.840000000000000000e+02 2.454465128485085579e+00
7.845000000000000000e+02 2.454402013974134267e+00
7.850000000000000000e+02 2.454338899463182955e+00
7.855000000000000000e+02 2.454263162050041469e+00
7.860000000000000000e+02 2.454200047539090157e+00
7.865000000000000000e+02 2.454136933028139289e+00
7.870000000000000000e+02 2.454073818517187977e+00
7.875000000000000000e+02 2.453998081104046491e+00
7.880000000000000000e+02 2.453934966593095179e+00
7.885000000000000000e+02 2.453871852082143867e+00
7.890000000000000000e+02 2.453808737571192555e+00
7.895000000000000000e+02 2.453745623060241243e+00
7.900000000000000000e+02 2.453682508549289931e+00
7.905000000000000000e+02 2.453619394038339063e+00
7.910000000000000000e+02 2.453556279527387751e+00
7.915000000000000000e+02 2.453493165016436439e+00
7.920000000000000000e+02 2.453430050505485127e+00
7.925000000000000000e+02 2.453366935994533815e+00
7.930000000000000000e+02 2.453303821483582503e+00
7.935000000000000000e+02 2.453253329874821809e+00
7.940000000000000000e+02 2.453190215363870497e+00
7.945000000000000000e+02 2.453127100852919185e+00
7.950000000000000000e+02 2.453063986341967873e+00
7.955000000000000000e+02 2.453013494733206734e+00
7.960000000000000000e+02 2.452950380222255866e+00
7.965000000000000000e+02 2.452887265711304554e+00
7.970000000000000000e+02 2.452836774102543416e+00
7.975000000000000000e+02 2.452773659591592104e+00
7.980000000000000000e+02 2.452723167982831409e+00
7.985000000000000000e+02 2.452660053471880097e+00
7.990000000000000000e+02 2.452609561863118959e+00
8.000000000000000000e+02 2.452495955743406952e+00
8.005000000000000000e+02 2.452445464134645814e+00
8.010000000000000000e+02 2.452382349623694502e+00
8.015000000000000000e+02 2.452331858014933363e+00
8.020000000000000000e+02 2.452281366406172669e+00
8.025000000000000000e+02 2.452230874797411531e+00
8.030000000000000000e+02 2.452180383188650392e+00
8.035000000000000000e+02 2.452117268677699080e+00
8.040000000000000000e+02 2.452066777068938386e+00
8.045000000000000000e+02 2.452016285460177247e+00
8.050000000000000000e+02 2.451965793851416109e+00
8.055000000000000000e+02 2.451915302242655414e+00
8.060000000000000000e+02 2.451864810633894276e+00
8.065000000000000000e+02 2.451814319025133138e+00
8.070000000000000000e+02 2.451763827416372443e+00
8.075000000000000000e+02 2.451713335807611305e+00
8.080000000000000000e+02 2.451675467101040340e+00
8.085000000000000000e+02 2.451624975492279646e+00
8.090000000000000000e+02 2.451574483883518507e+00
8.095000000000000000e+02 2.451523992274757369e+00
8.100000000000000000e+02 2.451486123568186848e+00
8.105000000000000000e+02 2.451435631959425709e+00
8.110000000000000000e+02 2.451385140350665015e+00
8.115000000000000000e+02 2.451347271644094050e+00
8.120000000000000000e+02 2.451296780035332912e+00
8.125000000000000000e+02 2.451258911328762391e+00
8.130000000000000000e+02 2.451208419720001253e+00
8.135000000000000000e+02 2.451170551013430732e+00
8.140000000000000000e+02 2.451120059404669593e+00
8.145000000000000000e+02 2.451082190698099073e+00
8.150000000000000000e+02 2.451031699089337934e+00
8.155000000000000000e+02 2.450993830382766969e+00
8.160000000000000000e+02 2.450955961676196448e+00
8.165000000000000000e+02 2.450918092969625484e+00
8.170000000000000000e+02 2.450867601360864789e+00
8.175000000000000000e+02 2.450829732654293824e+00
8.180000000000000000e+02 2.450791863947723304e+00
8.185000000000000000e+02 2.450753995241152339e+00
8.190000000000000000e+02 2.450716126534581818e+00
8.195000000000000000e+02 2.450678257828010853e+00
8.200000000000000000e+02 2.450640389121440332e+00
8.205000000000000000e+02 2.450602520414869367e+00
8.210000000000000000e+02 2.450564651708298847e+00
8.215000000000000000e+02 2.450526783001727882e+00
8.220000000000000000e+02 2.450488914295157361e+00
8.225000000000000000e+02 2.450451045588586396e+00
8.230000000000000000e+02 2.450413176882015875e+00
8.235000000000000000e+02 2.450387931077635084e+00
8.240000000000000000e+02 2.450350062371064563e+00
8.245000000000000000e+02 2.450312193664493599e+00
8.250000000000000000e+02 2.450274324957923078e+00
8.255000000000000000e+02 2.450249079153542286e+00
8.260000000000000000e+02 2.450211210446971766e+00
8.265000000000000000e+02 2.450185964642590974e+00
8.270000000000000000e+02 2.450148095936020454e+00
8.275000000000000000e+02 2.450122850131640106e+00
8.280000000000000000e+02 2.450084981425069142e+00
8.285000000000000000e+02 2.450059735620688794e+00
8.290000000000000000e+02 2.450021866914117830e+00
8.295000000000000000e+02 2.449996621109737482e+00
8.300000000000000000e+02 2.449971375305357135e+00
8.305000000000000000e+02 2.449933506598786170e+00
8.310000000000000000e+02 2.449908260794405823e+00
8.315000000000000000e+02 2.449883014990025032e+00
8.320000000000000000e+02 2.449857769185644685e+00
8.325000000000000000e+02 2.449819900479074164e+00
8.330000000000000000e+02 2.449794654674693373e+00
8.335000000000000000e+02 2.449769408870313026e+00
8.340000000000000000e+02 2.449744163065932678e+00
8.345000000000000000e+02 2.449718917261551887e+00
8.350000000000000000e+02 2.449693671457171540e+00
8.355000000000000000e+02 2.449668425652791193e+00
8.360000000000000000e+02 2.449643179848410401e+00
8.365000000000000000e+02 2.449617934044030054e+00
8.370000000000000000e+02 2.449605311141839881e+00
8.375000000000000000e+02 2.449580065337459089e+00
8.380000000000000000e+02 2.449554819533078742e+00
8.385000000000000000e+02 2.449529573728698395e+00
8.390000000000000000e+02 2.449504327924317604e+00
8.395000000000000000e+02 2.449491705022127430e+00
8.400000000000000000e+02 2.449466459217747083e+00
8.405000000000000000e+02 2.449453836315556909e+00
8.410000000000000000e+02 2.449428590511176118e+00
8.415000000000000000e+02 2.449403344706795771e+00
8.420000000000000000e+02 2.449390721804605597e+00
8.425000000000000000e+02 2.449365476000224806e+00
8.430000000000000000e+02 2.449352853098034632e+00
8.440000000000000000e+02 2.449314984391464112e+00
8.445000000000000000e+02 2.449302361489273938e+00
8.450000000000000000e+02 2.449277115684893147e+00
8.455000000000000000e+02 2.449264492782702973e+00
8.460000000000000000e+02 2.449251869880512800e+00
8.465000000000000000e+02 2.449239246978322626e+00
8.470000000000000000e+02 2.449214001173941835e+00
8.475000000000000000e+02 2.449201378271751661e+00
8.480000000000000000e+02 2.449188755369561488e+00
8.485000000000000000e+02 2.449176132467371314e+00
8.490000000000000000e+02 2.449163509565181140e+00
8.495000000000000000e+02 2.449150886662990967e+00
8.500000000000000000e+02 2.449138263760800349e+00
8.505000000000000000e+02 2.449125640858610176e+00
8.510000000000000000e+02 2.449113017956420002e+00
8.515000000000000000e+02 2.449100395054229828e+00
8.520000000000000000e+02 2.449087772152039655e+00
8.525000000000000000e+02 2.449075149249849481e+00
8.530000000000000000e+02 2.449075149249849481e+00
8.535000000000000000e+02 2.449062526347658864e+00
8.540000000000000000e+02 2.449049903445468690e+00
8.545000000000000000e+02 2.449037280543278516e+00
8.550000000000000000e+02 2.449037280543278516e+00
8.555000000000000000e+02 2.449024657641088343e+00
8.560000000000000000e+02 2.449012034738898169e+00
8.565000000000000000e+02 2.449012034738898169e+00
8.570000000000000000e+02 2.448999411836707996e+00
8.575000000000000000e+02 2.448999411836707996e+00
8.580000000000000000e+02 2.448986788934517378e+00
8.585000000000000000e+02 2.448986788934517378e+00
8.590000000000000000e+02 2.448974166032327204e+00
8.595000000000000000e+02 2.448974166032327204e+00
8.600000000000000000e+02 2.448961543130137031e+00
8.605000000000000000e+02 2.448961543130137031e+00
8.610000000000000000e+02 2.448961543130137031e+00
8.620000000000000000e+02 2.448948920227946857e+00
8.625000000000000000e+02 2.448948920227946857e+00
8.630000000000000000e+02 2.448948920227946857e+00
8.635000000000000000e+02 2.448948920227946857e+00
8.645000000000000000e+02 2.448936297325756684e+00
8.650000000000000000e+02 2.448936297325756684e+00
8.655000000000000000e+02 2.448936297325756684e+00
8.660000000000000000e+02 2.448936297325756684e+00
8.665000000000000000e+02 2.448936297325756684e+00
8.670000000000000000e+02 2.448936297325756684e+00
8.675000000000000000e+02 2.448936297325756684e+00
8.680000000000000000e+02 2.448936297325756684e+00
8.690000000000000000e+02 2.448948920227946857e+00
8.695000000000000000e+02 2.448948920227946857e+00
8.700000000000000000e+02 2.448948920227946857e+00
8.705000000000000000e+02 2.448948920227946857e+00
8.710000000000000000e+02 2.448948920227946857e+00
8.715000000000000000e+02 2.448961543130137031e+00
8.720000000000000000e+02 2.448961543130137031e+00
8.725000000000000000e+02 2.448961543130137031e+00
8.730000000000000000e+02 2.448974166032327204e+00
8.735000000000000000e+02 2.448974166032327204e+00
8.740000000000000000e+02 2.448986788934517378e+00
8.745000000000000000e+02 2.448986788934517378e+00
8.750000000000000000e+02 2.448986788934517378e+00
8.755000000000000000e+02 2.448999411836707996e+00
8.760000000000000000e+02 2.448999411836707996e+00
8.765000000000000000e+02 2.449012034738898169e+00
8.770000000000000000e+02 2.449024657641088343e+00
8.775000000000000000e+02 2.449024657641088343e+00
8.780000000000000000e+02 2.449037280543278516e+00
8.785000000000000000e+02 2.449037280543278516e+00
8.790000000000000000e+02 2.449049903445468690e+00
8.795000000000000000e+02 2.449062526347658864e+00
8.800000000000000000e+02 2.449075149249849481e+00
8.805000000000000000e+02 2.449075149249849481e+00
8.810000000000000000e+02 2.449087772152039655e+00
8.815000000000000000e+02 2.449100395054229828e+00
8.820000000000000000e+02 2.449113017956420002e+00
8.825000000000000000e+02 2.449125640858610176e+00
8.830000000000000000e+02 2.449125640858610176e+00
8.835000000000000000e+02 2.449138263760800349e+00
8.840000000000000000e+02 2.449150886662990967e+00
8.845000000000000000e+02 2.449163509565181140e+00
8.850000000000000000e+02 2.449176132467371314e+00
8.855000000000000000e+02 2.449188755369561488e+00
8.860000000000000000e+02 2.449201378271751661e+00
8.865000000000000000e+02 2.449214001173941835e+00
8.870000000000000000e+02 2.449226624076132453e+00
8.875000000000000000e+02 2.449239246978322626e+00
8.880000000000000000e+02 2.449251869880512800e+00
8.885000000000000000e+02 2.449277115684893147e+00
8.890000000000000000e+02 2.449289738587083320e+00
8.895000000000000000e+02 2.449302361489273938e+00
8.900000000000000000e+02 2.449314984391464112e+00
8.905000000000000000e+02 2.449327607293654285e+00
8.910000000000000000e+02 2.449352853098034632e+00
8.915000000000000000e+02 2.449365476000224806e+00
8.920000000000000000e+02 2.449378098902415424e+00
8.925000000000000000e+02 2.449390721804605597e+00
8.930000000000000000e+02 2.449415967608985945e+00
8.935000000000000000e+02 2.449428590511176118e+00
8.940000000000000000e+02 2.449441213413366292e+00
8.945000000000000000e+02 2.449466459217747083e+00
8.950000000000000000e+02 2.449479082119937257e+00
8.955000000000000000e+02 2.449504327924317604e+00
8.960000000000000000e+02 2.449516950826508221e+00
8.965000000000000000e+02 2.449529573728698395e+00
8.970000000000000000e+02 2.449554819533078742e+00
8.975000000000000000e+02 2.449567442435268916e+00
8.980000000000000000e+02 2.449592688239649707e+00
8.985000000000000000e+02 2.449605311141839881e+00
8.990000000000000000e+02 2.449630556946220228e+00
8.995000000000000000e+02 2.449655802750600575e+00
9.000000000000000000e+02 2.449668425652791193e+00
9.005000000000000000e+02 2.449693671457171540e+00
9.010000000000000000e+02 2.449706294359361713e+00
9.015000000000000000e+02 2.449731540163742061e+00
9.020000000000000000e+02 2.449756785968122852e+00
9.025000000000000000e+02 2.449769408870313026e+00
9.030000000000000000e+02 2.449794654674693373e+00
9.035000000000000000e+02 2.449819900479074164e+00
9.040000000000000000e+02 2.449832523381264338e+00
9.045000000000000000e+02 2.449857769185644685e+00
9.050000000000000000e+02 2.449883014990025032e+00
9.055000000000000000e+02 2.449908260794405823e+00
9.060000000000000000e+02 2.449920883696595997e+00
9.065000000000000000e+02 2.449946129500976344e+00
9.070000000000000000e+02 2.449971375305357135e+00
9.075000000000000000e+02 2.449996621109737482e+00
9.080000000000000000e+02 2.450021866914117830e+00
9.085000000000000000e+02 2.450034489816308003e+00
9.090000000000000000e+02 2.450059735620688794e+00
9.095000000000000000e+02 2.450084981425069142e+00
9.100000000000000000e+02 2.450110227229449489e+00
9.105000000000000000e+02 2.450135473033830280e+00
9.110000000000000000e+02 2.450160718838210627e+00
9.115000000000000000e+02 2.450185964642590974e+00
9.120000000000000000e+02 2.450211210446971766e+00
9.125000000000000000e+02 2.450236456251352113e+00
9.130000000000000000e+02 2.450261702055732904e+00
9.135000000000000000e+02 2.450286947860113251e+00
9.140000000000000000e+02 2.450312193664493599e+00
9.145000000000000000e+02 2.450337439468874390e+00
9.150000000000000000e+02 2.450362685273254737e+00
9.155000000000000000e+02 2.450387931077635084e+00
9.160000000000000000e+02 2.450413176882015875e+00
9.165000000000000000e+02 2.450438422686396223e+00
9.170000000000000000e+02 2.450463668490776570e+00
9.175000000000000000e+02 2.450488914295157361e+00
9.180000000000000000e+02 2.450514160099537708e+00
9.185000000000000000e+02 2.450539405903918055e+00
9.190000000000000000e+02 2.450564651708298847e+00
9.195000000000000000e+02 2.450589897512679194e+00
9.200000000000000000e+02 2.450615143317059541e+00
9.205000000000000000e+02 2.450640389121440332e+00
9.210000000000000000e+02 2.450665634925820680e+00
9.215000000000000000e+02 2.450690880730201027e+00
9.220000000000000000e+02 2.450716126534581818e+00
9.225000000000000000e+02 2.450741372338962165e+00
9.230000000000000000e+02 2.450766618143342512e+00
9.235000000000000000e+02 2.450804486849913477e+00
9.240000000000000000e+02 2.450829732654293824e+00
9.245000000000000000e+02 2.450854978458674172e+00
9.250000000000000000e+02 2.450880224263054963e+00
9.255000000000000000e+02 2.450905470067435310e+00
9.260000000000000000e+02 2.450930715871815657e+00
9.265000000000000000e+02 2.450955961676196448e+00
9.270000000000000000e+02 2.450981207480576796e+00
9.275000000000000000e+02 2.451006453284957587e+00
9.280000000000000000e+02 2.451044321991528108e+00
9.285000000000000000e+02 2.451069567795908455e+00
9.290000000000000000e+02 2.451094813600289246e+00
9.295000000000000000e+02 2.451120059404669593e+00
9.300000000000000000e+02 2.451145305209049940e+00
9.305000000000000000e+02 2.451170551013430732e+00
9.310000000000000000e+02 2.451195796817811079e+00
9.315000000000000000e+02 2.451221042622191426e+00
9.320000000000000000e+02 2.451258911328762391e+00
9.325000000000000000e+02 2.451284157133142738e+00
9.330000000000000000e+02 2.451309402937523529e+00
9.335000000000000000e+02 2.451334648741903877e+00
9.340000000000000000e+02 2.451359894546284224e+00
9.345000000000000000e+02 2.451385140350665015e+00
9.350000000000000000e+02 2.451410386155045362e+00
9.355000000000000000e+02 2.451435631959425709e+00
9.360000000000000000e+02 2.451460877763806501e+00
9.365000000000000000e+02 2.451486123568186848e+00
9.370000000000000000e+02 2.451511369372567195e+00
9.380000000000000000e+02 2.451574483883518507e+00
9.385000000000000000e+02 2.451599729687898854e+00
9.390000000000000000e+02 2.451624975492279646e+00
9.395000000000000000e+02 2.451650221296659993e+00
9.400000000000000000e+02 2.451675467101040340e+00
9.405000000000000000e+02 2.451700712905421131e+00
9.410000000000000000e+02 2.451725958709801478e+00
9.415000000000000000e+02 2.451751204514182270e+00
9.420000000000000000e+02 2.451776450318562617e+00
9.425000000000000000e+02 2.451801696122942964e+00
9.430000000000000000e+02 2.451826941927323755e+00
9.435000000000000000e+02 2.451839564829513929e+00
9.440000000000000000e+02 2.451864810633894276e+00
9.445000000000000000e+02 2.451890056438274623e+00
9.450000000000000000e+02 2.451915302242655414e+00
9.455000000000000000e+02 2.451940548047035762e+00
9.460000000000000000e+02 2.451965793851416109e+00
9.465000000000000000e+02 2.451991039655796900e+00
9.470000000000000000e+02 2.452016285460177247e+00
9.475000000000000000e+02 2.452028908362367421e+00
9.480000000000000000e+02 2.452054154166748212e+00
9.485000000000000000e+02 2.452079399971128559e+00
9.490000000000000000e+02 2.452104645775508907e+00
9.495000000000000000e+02 2.452129891579889698e+00
9.500000000000000000e+02 2.452142514482079871e+00
9.505000000000000000e+02 2.452167760286460219e+00
9.510000000000000000e+02 2.452193006090840566e+00
9.515000000000000000e+02 2.452205628993031183e+00
9.520000000000000000e+02 2.452230874797411531e+00
9.525000000000000000e+02 2.452256120601791878e+00
9.530000000000000000e+02 2.452268743503982051e+00
9.535000000000000000e+02 2.452293989308362843e+00
9.540000000000000000e+02 2.452306612210553016e+00
9.545000000000000000e+02 2.452331858014933363e+00
9.550000000000000000e+02 2.452344480917123537e+00
9.555000000000000000e+02 2.452369726721504328e+00
9.560000000000000000e+02 2.452382349623694502e+00
9.565000000000000000e+02 2.452407595428074849e+00
9.570000000000000000e+02 2.452420218330265023e+00
9.575000000000000000e+02 2.452445464134645814e+00
9.580000000000000000e+02 2.452458087036835988e+00
9.585000000000000000e+02 2.452470709939026161e+00
9.590000000000000000e+02 2.452495955743406952e+00
9.595000000000000000e+02 2.452508578645597126e+00
9.600000000000000000e+02 2.452521201547787300e+00
9.605000000000000000e+02 2.452533824449977473e+00
9.610000000000000000e+02 2.452546447352167647e+00
9.615000000000000000e+02 2.452571693156548438e+00
9.620000000000000000e+02 2.452584316058738612e+00
9.625000000000000000e+02 2.452596938960928785e+00
9.630000000000000000e+02 2.452609561863118959e+00
9.635000000000000000e+02 2.452622184765309132e+00
9.640000000000000000e+02 2.452634807667499306e+00
9.645000000000000000e+02 2.452647430569689924e+00
9.650000000000000000e+02 2.452660053471880097e+00
9.655000000000000000e+02 2.452672676374070271e+00
9.660000000000000000e+02 2.452685299276260444e+00
9.670000000000000000e+02 2.452697922178450618e+00
9.675000000000000000e+02 2.452710545080640792e+00
9.680000000000000000e+02 2.452723167982831409e+00
9.690000000000000000e+02 2.452735790885021583e+00
9.695000000000000000e+02 2.452748413787211756e+00
9.700000000000000000e+02 2.452748413787211756e+00
9.705000000000000000e+02 2.452761036689401930e+00
9.710000000000000000e+02 2.452761036689401930e+00
9.715000000000000000e+02 2.452773659591592104e+00
9.720000000000000000e+02 2.452773659591592104e+00
9.725000000000000000e+02 2.452786282493782277e+00
9.730000000000000000e+02 2.452786282493782277e+00
9.740000000000000000e+02 2.452798905395972895e+00
9.745000000000000000e+02 2.452798905395972895e+00
9.750000000000000000e+02 2.452798905395972895e+00
9.755000000000000000e+02 2.452798905395972895e+00
9.760000000000000000e+02 2.452811528298163068e+00
9.765000000000000000e+02 2.452811528298163068e+00
9.770000000000000000e+02 2.452811528298163068e+00
9.775000000000000000e+02 2.452811528298163068e+00
9.780000000000000000e+02 2.452811528298163068e+00
9.785000000000000000e+02 2.452811528298163068e+00
9.790000000000000000e+02 2.452811528298163068e+00
9.795000000000000000e+02 2.452798905395972895e+00
9.800000000000000000e+02 2.452798905395972895e+00
9.805000000000000000e+02 2.452798905395972895e+00
9.810000000000000000e+02 2.452798905395972895e+00
9.815000000000000000e+02 2.452786282493782277e+00
9.820000000000000000e+02 2.452786282493782277e+00
9.825000000000000000e+02 2.452786282493782277e+00
9.830000000000000000e+02 2.452773659591592104e+00
9.835000000000000000e+02 2.452773659591592104e+00
9.840000000000000000e+02 2.452761036689401930e+00
9.845000000000000000e+02 2.452761036689401930e+00
9.850000000000000000e+02 2.452748413787211756e+00
9.855000000000000000e+02 2.452735790885021583e+00
9.860000000000000000e+02 2.452735790885021583e+00
9.865000000000000000e+02 2.452723167982831409e+00
9.870000000000000000e+02 2.452710545080640792e+00
9.875000000000000000e+02 2.452697922178450618e+00
9.880000000000000000e+02 2.452697922178450618e+00
9.885000000000000000e+02 2.452685299276260444e+00
9.890000000000000000e+02 2.452672676374070271e+00
9.895000000000000000e+02 2.452660053471880097e+00
9.900000000000000000e+02 2.452647430569689924e+00
9.905000000000000000e+02 2.452634807667499306e+00
9.910000000000000000e+02 2.452622184765309132e+00
9.915000000000000000e+02 2.452609561863118959e+00
9.920000000000000000e+02 2.452584316058738612e+00
9.925000000000000000e+02 2.452571693156548438e+00
9.930000000000000000e+02 2.452559070254357820e+00
9.935000000000000000e+02 2.452546447352167647e+00
9.940000000000000000e+02 2.452521201547787300e+00
9.945000000000000000e+02 2.452508578645597126e+00
9.950000000000000000e+02 2.452495955743406952e+00
9.955000000000000000e+02 2.452470709939026161e+00
9.960000000000000000e+02 2.452458087036835988e+00
9.965000000000000000e+02 2.452432841232455640e+00
9.970000000000000000e+02 2.452420218330265023e+00
9.975000000000000000e+02 2.452394972525884675e+00
9.980000000000000000e+02 2.452369726721504328e+00
9.985000000000000000e+02 2.452357103819314155e+00
9.990000000000000000e+02 2.452331858014933363e+00
9.995000000000000000e+02 2.452306612210553016e+00
1.000000000000000000e+03 2.452293989308362843e+00
1.000500000000000000e+03 2.452268743503982051e+00
1.001000000000000000e+03 2.452243497699601704e+00
1.001500000000000000e+03 2.452218251895221357e+00
1.002000000000000000e+03 2.452193006090840566e+00
1.002500000000000000e+03 2.452167760286460219e+00
1.003000000000000000e+03 2.452142514482079871e+00
1.003500000000000000e+03 2.452117268677699080e+00
1.004000000000000000e+03 2.452092022873318733e+00
1.004500000000000000e+03 2.452066777068938386e+00
1.005000000000000000e+03 2.452041531264557594e+00
1.005500000000000000e+03 2.452016285460177247e+00
1.006000000000000000e+03 2.451991039655796900e+00
1.006500000000000000e+03 2.451965793851416109e+00
1.007000000000000000e+03 2.451927925144845588e+00
1.007500000000000000e+03 2.451902679340465241e+00
1.008000000000000000e+03 2.451877433536084450e+00
1.008500000000000000e+03 2.451852187731704102e+00
1.009000000000000000e+03 2.451814319025133138e+00
1.009500000000000000e+03 2.451789073220752790e+00
1.010000000000000000e+03 2.451763827416372443e+00
1.010500000000000000e+03 2.451725958709801478e+00
1.011000000000000000e+03 2.451700712905421131e+00
1.011500000000000000e+03 2.451662844198850166e+00
1.012000000000000000e+03 2.451637598394469819e+00
1.012500000000000000e+03 2.451599729687898854e+00
1.013000000000000000e+03 2.451574483883518507e+00
1.013500000000000000e+03 2.451536615176947986e+00
1.014000000000000000e+03 2.451511369372567195e+00
1.014500000000000000e+03 2.451473500665996674e+00
1.015000000000000000e+03 2.451435631959425709e+00
1.015500000000000000e+03 2.451410386155045362e+00
1.016000000000000000e+03 2.451372517448474397e+00
1.016500000000000000e+03 2.451334648741903877e+00
1.017000000000000000e+03 2.451309402937523529e+00
1.017500000000000000e+03 2.451271534230952565e+00
1.018000000000000000e+03 2.451233665524382044e+00
1.018500000000000000e+03 2.451195796817811079e+00
1.019000000000000000e+03 2.451157928111240558e+00
1.019500000000000000e+03 2.451132682306859767e+00
1.020000000000000000e+03 2.451094813600289246e+00
1.020500000000000000e+03 2.451056944893718281e+00
1.021000000000000000e+03 2.451019076187147760e+00
1.021500000000000000e+03 2.450981207480576796e+00
1.022000000000000000e+03 2.450943338774006275e+00
1.022500000000000000e+03 2.450905470067435310e+00
1.023000000000000000e+03 2.450867601360864789e+00
1.023500000000000000e+03 2.450842355556483998e+00
1.024000000000000000e+03 2.450804486849913477e+00
