3.320000000000000000e+02 2.641725882477426790e+00
3.325000000000000000e+02 2.641650145064285304e+00
3.330000000000000000e+02 2.641549161846763472e+00
3.335000000000000000e+02 2.641422932824860847e+00
3.340000000000000000e+02 2.641271457998577876e+00
3.345000000000000000e+02 2.641094737367914558e+00
3.350000000000000000e+02 2.640905393835060622e+00
3.355000000000000000e+02 2.640690804497826338e+00
3.360000000000000000e+02 2.640463592258401881e+00
3.365000000000000000e+02 2.640211134214597077e+00
3.370000000000000000e+02 2.639946053268601656e+00
3.375000000000000000e+02 2.639668349420416504e+00
3.380000000000000000e+02 2.639378022670040735e+00
3.385000000000000000e+02 2.639062450115284619e+00
3.390000000000000000e+02 2.638746877560528059e+00
3.395000000000000000e+02 2.638418682103581769e+00
3.400000000000000000e+02 2.638077863744444862e+00
3.405000000000000000e+02 2.637724422483118225e+00
3.410000000000000000e+02 2.637358358319600971e+00
3.415000000000000000e+02 2.636992294156083716e+00
3.420000000000000000e+02 2.636600984188186114e+00
3.425000000000000000e+02 2.636222297122478242e+00
3.430000000000000000e+02 2.635818364252390467e+00
3.435000000000000000e+02 2.635414431382302691e+00
3.440000000000000000e+02 2.635010498512214472e+00
3.445000000000000000e+02 2.634593942739936523e+00
3.450000000000000000e+02 2.634164764065467956e+00
3.455000000000000000e+02 2.633735585390999390e+00
3.460000000000000000e+02 2.633306406716530823e+00
3.465000000000000000e+02 2.632864605139872083e+00
3.470000000000000000e+02 2.632422803563213343e+00
3.475000000000000000e+02 2.631968379084364429e+00
3.480000000000000000e+02 2.631513954605515515e+00
3.485000000000000000e+02 2.631059530126666601e+00
3.490000000000000000e+02 2.630605105647817687e+00
3.495000000000000000e+02 2.630138058266778600e+00
3.500000000000000000e+02 2.629671010885739513e+00
3.505000000000000000e+02 2.629203963504699981e+00
3.510000000000000000e+02 2.628736916123660894e+00
3.515000000000000000e+02 2.628257245840431633e+00
3.520000000000000000e+02 2.627777575557201928e+00
3.525000000000000000e+02 2.627297905273972667e+00
3.530000000000000000e+02 2.626818234990742962e+00
3.535000000000000000e+02 2.626338564707513701e+00
3.540000000000000000e+02 2.625858894424283996e+00
3.545000000000000000e+02 2.625379224141054735e+00
3.550000000000000000e+02 2.624886930955634856e+00
3.555000000000000000e+02 2.624407260672405595e+00
3.560000000000000000e+02 2.623914967486985717e+00
3.565000000000000000e+02 2.623435297203756456e+00
3.570000000000000000e+02 2.622943004018336577e+00
3.575000000000000000e+02 2.622450710832917142e+00
3.580000000000000000e+02 2.621971040549687437e+00
3.585000000000000000e+02 2.621478747364268003e+00
3.590000000000000000e+02 2.620986454178848124e+00
3.595000000000000000e+02 2.620506783895618419e+00
3.600000000000000000e+02 2.620014490710198984e+00
3.605000000000000000e+02 2.619534820426969723e+00
3.610000000000000000e+02 2.619042527241549845e+00
3.615000000000000000e+02 2.618562856958320140e+00
3.620000000000000000e+02 2.618070563772900705e+00
3.625000000000000000e+02 2.617590893489671000e+00
3.630000000000000000e+02 2.617111223206441739e+00
3.635000000000000000e+02 2.616631552923212034e+00
3.640000000000000000e+02 2.616151882639982773e+00
3.645000000000000000e+02 2.615672212356753512e+00
3.650000000000000000e+02 2.615205164975713981e+00
3.655000000000000000e+02 2.614725494692484720e+00
3.660000000000000000e+02 2.614258447311445632e+00
3.665000000000000000e+02 2.613778777028215927e+00
3.670000000000000000e+02 2.613311729647176840e+00
3.675000000000000000e+02 2.612844682266137752e+00
3.680000000000000000e+02 2.612377634885098221e+00
3.685000000000000000e+02 2.611923210406249307e+00
3.690000000000000000e+02 2.611456163025210220e+00
3.695000000000000000e+02 2.611001738546361306e+00
3.700000000000000000e+02 2.610547314067512392e+00
3.705000000000000000e+02 2.610092889588663478e+00
3.710000000000000000e+02 2.609651088012004738e+00
3.715000000000000000e+02 2.609196663533155824e+00
3.720000000000000000e+02 2.608754861956497084e+00
3.725000000000000000e+02 2.608313060379838344e+00
3.730000000000000000e+02 2.607883881705369777e+00
3.735000000000000000e+02 2.607442080128711037e+00
3.740000000000000000e+02 2.607012901454242471e+00
3.745000000000000000e+02 2.606583722779774348e+00
3.750000000000000000e+02 2.606154544105305781e+00
3.755000000000000000e+02 2.605737988333027388e+00
3.760000000000000000e+02 2.605321432560749439e+00
3.765000000000000000e+02 2.604904876788471046e+00
3.770000000000000000e+02 2.604488321016193098e+00
3.775000000000000000e+02 2.604084388146104878e+00
3.780000000000000000e+02 2.603680455276017103e+00
3.785000000000000000e+02 2.603289145308119057e+00
3.790000000000000000e+02 2.602885212438031282e+00
3.795000000000000000e+02 2.602493902470133680e+00
3.800000000000000000e+02 2.602102592502236078e+00
3.805000000000000000e+02 2.601723905436528206e+00
3.810000000000000000e+02 2.601345218370820778e+00
3.815000000000000000e+02 2.600966531305113350e+00
3.820000000000000000e+02 2.600600467141596095e+00
3.825000000000000000e+02 2.600234402978078840e+00
3.830000000000000000e+02 2.599868338814562030e+00
3.835000000000000000e+02 2.599514897553234949e+00
3.840000000000000000e+02 2.599161456291907868e+00
3.845000000000000000e+02 2.598808015030580787e+00
3.850000000000000000e+02 2.598467196671444324e+00
3.855000000000000000e+02 2.598126378312307416e+00
3.860000000000000000e+02 2.597785559953170953e+00
3.865000000000000000e+02 2.597457364496224219e+00
3.870000000000000000e+02 2.597129169039277929e+00
3.875000000000000000e+02 2.596813596484521369e+00
3.880000000000000000e+02 2.596498023929765253e+00
3.885000000000000000e+02 2.596195074277199311e+00
3.890000000000000000e+02 2.595879501722443194e+00
3.895000000000000000e+02 2.595589174972067426e+00
3.900000000000000000e+02 2.595286225319501483e+00
3.905000000000000000e+02 2.594995898569125714e+00
3.910000000000000000e+02 2.594718194720940119e+00
3.915000000000000000e+02 2.594440490872754967e+00
3.920000000000000000e+02 2.594162787024569372e+00
3.925000000000000000e+02 2.593897706078573950e+00
3.930000000000000000e+02 2.593632625132578973e+00
3.935000000000000000e+02 2.593367544186583551e+00
3.940000000000000000e+02 2.593115086142778747e+00
3.945000000000000000e+02 2.592875251001164116e+00
3.950000000000000000e+02 2.592635415859549042e+00
3.955000000000000000e+02 2.592395580717934411e+00
3.960000000000000000e+02 2.592168368478509954e+00
3.965000000000000000e+02 2.591941156239085498e+00
3.970000000000000000e+02 2.591726566901851214e+00
3.975000000000000000e+02 2.591511977564616931e+00
3.980000000000000000e+02 2.591297388227382648e+00
3.985000000000000000e+02 2.591095421792338982e+00
3.990000000000000000e+02 2.590906078259485046e+00
3.995000000000000000e+02 2.590704111824440936e+00
4.000000000000000000e+02 2.590527391193777618e+00
4.005000000000000000e+02 2.590350670563114299e+00
4.010000000000000000e+02 2.590173949932450537e+00
4.015000000000000000e+02 2.590009852203977392e+00
4.020000000000000000e+02 2.589845754475504247e+00
4.025000000000000000e+02 2.589681656747031102e+00
4.030000000000000000e+02 2.589530181920748131e+00
4.035000000000000000e+02 2.589391329996655333e+00
4.040000000000000000e+02 2.589252478072562536e+00
4.045000000000000000e+02 2.589113626148469738e+00
4.050000000000000000e+02 2.588987397126567558e+00
4.055000000000000000e+02 2.588861168104664934e+00
4.060000000000000000e+02 2.588747561984952483e+00
4.065000000000000000e+02 2.588633955865240477e+00
4.070000000000000000e+02 2.588532972647718200e+00
4.075000000000000000e+02 2.588431989430196367e+00
4.080000000000000000e+02 2.588343629114864708e+00
4.085000000000000000e+02 2.588255268799533049e+00
4.090000000000000000e+02 2.588166908484200945e+00
4.095000000000000000e+02 2.588091171071059460e+00
4.100000000000000000e+02 2.588015433657917974e+00
4.105000000000000000e+02 2.587952319146967106e+00
4.110000000000000000e+02 2.587889204636015794e+00
4.115000000000000000e+02 2.587838713027254656e+00
4.120000000000000000e+02 2.587788221418493517e+00
4.125000000000000000e+02 2.587737729809732823e+00
4.130000000000000000e+02 2.587699861103161858e+00
4.135000000000000000e+02 2.587661992396591337e+00
4.140000000000000000e+02 2.587636746592210546e+00
4.145000000000000000e+02 2.587611500787830199e+00
4.150000000000000000e+02 2.587598877885640025e+00
4.155000000000000000e+02 2.587586254983449852e+00
4.160000000000000000e+02 2.587573632081259234e+00
4.165000000000000000e+02 2.587573632081259234e+00
4.170000000000000000e+02 2.587573632081259234e+00
4.175000000000000000e+02 2.587573632081259234e+00
4.180000000000000000e+02 2.587586254983449852e+00
4.185000000000000000e+02 2.587598877885640025e+00
4.190000000000000000e+02 2.587624123690020372e+00
4.195000000000000000e+02 2.587649369494401164e+00
4.200000000000000000e+02 2.587674615298781511e+00
4.205000000000000000e+02 2.587712484005352032e+00
4.210000000000000000e+02 2.587750352711922996e+00
4.215000000000000000e+02 2.587788221418493517e+00
4.220000000000000000e+02 2.587838713027254656e+00
4.225000000000000000e+02 2.587889204636015794e+00
4.230000000000000000e+02 2.587952319146967106e+00
4.235000000000000000e+02 2.588015433657917974e+00
4.240000000000000000e+02 2.588078548168869286e+00
4.245000000000000000e+02 2.588141662679820598e+00
4.250000000000000000e+02 2.588217400092962084e+00
4.255000000000000000e+02 2.588293137506103569e+00
4.260000000000000000e+02 2.588368874919245055e+00
4.265000000000000000e+02 2.588457235234576714e+00
4.270000000000000000e+02 2.588545595549908818e+00
4.275000000000000000e+02 2.588633955865240477e+00
4.280000000000000000e+02 2.588734939082762310e+00
4.285000000000000000e+02 2.588835922300284142e+00
4.290000000000000000e+02 2.588936905517806419e+00
4.295000000000000000e+02 2.589037888735328252e+00
4.300000000000000000e+02 2.589151494855040703e+00
4.305000000000000000e+02 2.589265100974752709e+00
4.310000000000000000e+02 2.589378707094465160e+00
4.315000000000000000e+02 2.589492313214177166e+00
4.320000000000000000e+02 2.589618542236079790e+00
4.325000000000000000e+02 2.589744771257982414e+00
4.330000000000000000e+02 2.589871000279884594e+00
4.335000000000000000e+02 2.590009852203977392e+00
4.340000000000000000e+02 2.590136081225880016e+00
4.345000000000000000e+02 2.590274933149972814e+00
4.350000000000000000e+02 2.590413785074065611e+00
4.355000000000000000e+02 2.590565259900348583e+00
4.360000000000000000e+02 2.590704111824440936e+00
4.365000000000000000e+02 2.590855586650723907e+00
4.370000000000000000e+02 2.591007061477007323e+00
4.375000000000000000e+02 2.591158536303290294e+00
4.380000000000000000e+02 2.591322634031763439e+00
4.385000000000000000e+02 2.591474108858046410e+00
4.390000000000000000e+02 2.591638206586519555e+00
4.395000000000000000e+02 2.591802304314992700e+00
4.400000000000000000e+02 2.591966402043465845e+00
4.405000000000000000e+02 2.592130499771939434e+00
4.410000000000000000e+02 2.592294597500412578e+00
4.415000000000000000e+02 2.592471318131075897e+00
4.420000000000000000e+02 2.592648038761739659e+00
4.425000000000000000e+02 2.592824759392402978e+00
4.430000000000000000e+02 2.593001480023066296e+00
4.435000000000000000e+02 2.593178200653730059e+00
4.440000000000000000e+02 2.593354921284393377e+00
4.445000000000000000e+02 2.593544264817247313e+00
4.450000000000000000e+02 2.593720985447910632e+00
4.455000000000000000e+02 2.593910328980764568e+00
4.460000000000000000e+02 2.594099672513618060e+00
4.465000000000000000e+02 2.594289016046471996e+00
4.470000000000000000e+02 2.594478359579325488e+00
4.475000000000000000e+02 2.594667703112179424e+00
4.480000000000000000e+02 2.594857046645032916e+00
4.485000000000000000e+02 2.595059013080077026e+00
4.490000000000000000e+02 2.595248356612930962e+00
4.495000000000000000e+02 2.595450323047974628e+00
4.505000000000000000e+02 2.595841633015872230e+00
4.510000000000000000e+02 2.596043599450916339e+00
4.515000000000000000e+02 2.596245565885960449e+00
4.520000000000000000e+02 2.596447532321004559e+00
4.525000000000000000e+02 2.596649498756048224e+00
4.530000000000000000e+02 2.596851465191092334e+00
4.535000000000000000e+02 2.597066054528326617e+00
4.540000000000000000e+02 2.597268020963370727e+00
4.545000000000000000e+02 2.597469987398414393e+00
4.550000000000000000e+02 2.597684576735648676e+00
4.555000000000000000e+02 2.597886543170692786e+00
4.560000000000000000e+02 2.598101132507927069e+00
4.565000000000000000e+02 2.598303098942970735e+00
4.570000000000000000e+02 2.598517688280205018e+00
4.580000000000000000e+02 2.598934244052483411e+00
4.585000000000000000e+02 2.599148833389717694e+00
4.590000000000000000e+02 2.599363422726951978e+00
4.595000000000000000e+02 2.599565389161995643e+00
4.600000000000000000e+02 2.599779978499229927e+00
4.605000000000000000e+02 2.599994567836464210e+00
4.610000000000000000e+02 2.600209157173698493e+00
4.620000000000000000e+02 2.600625712945976886e+00
4.625000000000000000e+02 2.600840302283211170e+00
4.630000000000000000e+02 2.601054891620445453e+00
4.635000000000000000e+02 2.601269480957679292e+00
4.640000000000000000e+02 2.601484070294913575e+00
4.645000000000000000e+02 2.601686036729957685e+00
4.650000000000000000e+02 2.601900626067191968e+00
4.655000000000000000e+02 2.602115215404426252e+00
4.660000000000000000e+02 2.602329804741660535e+00
4.665000000000000000e+02 2.602531771176704201e+00
4.670000000000000000e+02 2.602746360513938484e+00
4.675000000000000000e+02 2.602960949851172767e+00
4.680000000000000000e+02 2.603162916286216877e+00
4.685000000000000000e+02 2.603377505623451160e+00
4.695000000000000000e+02 2.603794061395729109e+00
4.700000000000000000e+02 2.603996027830773219e+00
4.705000000000000000e+02 2.604210617168007502e+00
4.710000000000000000e+02 2.604412583603051168e+00
4.720000000000000000e+02 2.604829139375329561e+00
4.725000000000000000e+02 2.605031105810373671e+00
4.730000000000000000e+02 2.605233072245417780e+00
4.735000000000000000e+02 2.605435038680461446e+00
4.740000000000000000e+02 2.605637005115505556e+00
4.745000000000000000e+02 2.605838971550549665e+00
4.750000000000000000e+02 2.606040937985593331e+00
4.755000000000000000e+02 2.606230281518447267e+00
4.760000000000000000e+02 2.606432247953491377e+00
4.765000000000000000e+02 2.606621591486344869e+00
4.770000000000000000e+02 2.606823557921388979e+00
4.775000000000000000e+02 2.607012901454242471e+00
4.780000000000000000e+02 2.607202244987096407e+00
4.785000000000000000e+02 2.607391588519949899e+00
4.790000000000000000e+02 2.607580932052803835e+00
4.795000000000000000e+02 2.607770275585657771e+00
4.800000000000000000e+02 2.607959619118511263e+00
4.805000000000000000e+02 2.608148962651365199e+00
4.810000000000000000e+02 2.608325683282028518e+00
4.815000000000000000e+02 2.608515026814882454e+00
4.820000000000000000e+02 2.608691747445545772e+00
4.825000000000000000e+02 2.608868468076209091e+00
4.830000000000000000e+02 2.609045188706872853e+00
4.835000000000000000e+02 2.609221909337536172e+00
4.840000000000000000e+02 2.609386007066009316e+00
4.845000000000000000e+02 2.609562727696673079e+00
4.850000000000000000e+02 2.609726825425146224e+00
4.855000000000000000e+02 2.609890923153619369e+00
4.860000000000000000e+02 2.610055020882092514e+00
4.865000000000000000e+02 2.610219118610565658e+00
4.870000000000000000e+02 2.610383216339039247e+00
4.875000000000000000e+02 2.610547314067512392e+00
4.880000000000000000e+02 2.610698788893795363e+00
4.885000000000000000e+02 2.610850263720078335e+00
4.890000000000000000e+02 2.611001738546361306e+00
4.895000000000000000e+02 2.611153213372644277e+00
4.900000000000000000e+02 2.611292065296737075e+00
4.905000000000000000e+02 2.611443540123020046e+00
4.910000000000000000e+02 2.611582392047112844e+00
4.915000000000000000e+02 2.611721243971205642e+00
4.920000000000000000e+02 2.611847472993107822e+00
4.925000000000000000e+02 2.611986324917200619e+00
4.930000000000000000e+02 2.612112553939103243e+00
4.935000000000000000e+02 2.612238782961005867e+00
4.940000000000000000e+02 2.612365011982908047e+00
4.945000000000000000e+02 2.612491241004810671e+00
4.950000000000000000e+02 2.612604847124522678e+00
4.955000000000000000e+02 2.612718453244235128e+00
4.960000000000000000e+02 2.612832059363947579e+00
4.965000000000000000e+02 2.612933042581469412e+00
4.970000000000000000e+02 2.613046648701181418e+00
4.975000000000000000e+02 2.613147631918703695e+00
4.980000000000000000e+02 2.613235992234035354e+00
4.985000000000000000e+02 2.613336975451557187e+00
4.990000000000000000e+02 2.613425335766889290e+00
4.995000000000000000e+02 2.613513696082220950e+00
5.000000000000000000e+02 2.613602056397552609e+00
5.005000000000000000e+02 2.613677793810694094e+00
5.010000000000000000e+02 2.613753531223835580e+00
5.015000000000000000e+02 2.613829268636977066e+00
5.020000000000000000e+02 2.613892383147928378e+00
5.025000000000000000e+02 2.613955497658879690e+00
5.030000000000000000e+02 2.614018612169830558e+00
5.035000000000000000e+02 2.614081726680781870e+00
5.040000000000000000e+02 2.614132218289543008e+00
5.045000000000000000e+02 2.614182709898304147e+00
5.050000000000000000e+02 2.614220578604874667e+00
5.055000000000000000e+02 2.614258447311445632e+00
5.060000000000000000e+02 2.614296316018016153e+00
5.065000000000000000e+02 2.614321561822396944e+00
5.070000000000000000e+02 2.614359430528967465e+00
5.075000000000000000e+02 2.614372053431157639e+00
5.080000000000000000e+02 2.614397299235537986e+00
5.085000000000000000e+02 2.614409922137728604e+00
5.090000000000000000e+02 2.614409922137728604e+00
5.095000000000000000e+02 2.614422545039918777e+00
5.100000000000000000e+02 2.614409922137728604e+00
5.105000000000000000e+02 2.614409922137728604e+00
5.110000000000000000e+02 2.614397299235537986e+00
5.115000000000000000e+02 2.614384676333347812e+00
5.120000000000000000e+02 2.614359430528967465e+00
5.125000000000000000e+02 2.614334184724587118e+00
5.130000000000000000e+02 2.614308938920206327e+00
5.135000000000000000e+02 2.614271070213635806e+00
5.140000000000000000e+02 2.614233201507064841e+00
5.145000000000000000e+02 2.614182709898304147e+00
5.150000000000000000e+02 2.614132218289543008e+00
5.155000000000000000e+02 2.614081726680781870e+00
5.160000000000000000e+02 2.614018612169830558e+00
5.165000000000000000e+02 2.613942874756689072e+00
5.170000000000000000e+02 2.613879760245738204e+00
5.175000000000000000e+02 2.613804022832596718e+00
5.180000000000000000e+02 2.613715662517264615e+00
5.185000000000000000e+02 2.613627302201932956e+00
5.190000000000000000e+02 2.613538941886601297e+00
5.195000000000000000e+02 2.613437958669079464e+00
5.200000000000000000e+02 2.613336975451557187e+00
5.205000000000000000e+02 2.613223369331845181e+00
5.210000000000000000e+02 2.613109763212132730e+00
5.215000000000000000e+02 2.612996157092420724e+00
5.220000000000000000e+02 2.612869928070518100e+00
5.225000000000000000e+02 2.612743699048615476e+00
5.230000000000000000e+02 2.612604847124522678e+00
5.235000000000000000e+02 2.612465995200430324e+00
5.240000000000000000e+02 2.612327143276337527e+00
5.245000000000000000e+02 2.612175668450054555e+00
5.250000000000000000e+02 2.612011570721580966e+00
5.255000000000000000e+02 2.611860095895297995e+00
5.260000000000000000e+02 2.611695998166824850e+00
5.265000000000000000e+02 2.611519277536161532e+00
5.270000000000000000e+02 2.611342556905498213e+00
5.275000000000000000e+02 2.611165836274834451e+00
5.280000000000000000e+02 2.610976492741980959e+00
5.285000000000000000e+02 2.610787149209127023e+00
5.290000000000000000e+02 2.610597805676273531e+00
5.295000000000000000e+02 2.610395839241229421e+00
5.300000000000000000e+02 2.610181249903995138e+00
5.305000000000000000e+02 2.609979283468951028e+00
5.310000000000000000e+02 2.609764694131716745e+00
5.315000000000000000e+02 2.609537481892292288e+00
5.320000000000000000e+02 2.609322892555058004e+00
5.325000000000000000e+02 2.609095680315633548e+00
5.330000000000000000e+02 2.608855845174018917e+00
5.335000000000000000e+02 2.608616010032404287e+00
5.340000000000000000e+02 2.608376174890789656e+00
5.345000000000000000e+02 2.608136339749174581e+00
5.350000000000000000e+02 2.607883881705369777e+00
5.355000000000000000e+02 2.607631423661564973e+00
5.360000000000000000e+02 2.607366342715569552e+00
5.365000000000000000e+02 2.607113884671764747e+00
5.370000000000000000e+02 2.606836180823579152e+00
5.375000000000000000e+02 2.606571099877584174e+00
5.380000000000000000e+02 2.606293396029398579e+00
5.385000000000000000e+02 2.606015692181212984e+00
5.390000000000000000e+02 2.605737988333027388e+00
5.395000000000000000e+02 2.605447661582651619e+00
5.400000000000000000e+02 2.605157334832275851e+00
5.405000000000000000e+02 2.604867008081900526e+00
5.410000000000000000e+02 2.604576681331524757e+00
5.415000000000000000e+02 2.604273731678958814e+00
5.420000000000000000e+02 2.603970782026392872e+00
5.425000000000000000e+02 2.603667832373826485e+00
5.430000000000000000e+02 2.603352259819070369e+00
5.435000000000000000e+02 2.603049310166504426e+00
5.440000000000000000e+02 2.602733737611748310e+00
5.445000000000000000e+02 2.602418165056992194e+00
5.450000000000000000e+02 2.602089969600045460e+00
5.460000000000000000e+02 2.601446201588343055e+00
5.465000000000000000e+02 2.601118006131396321e+00
5.470000000000000000e+02 2.600777187772259857e+00
5.475000000000000000e+02 2.600448992315313124e+00
5.480000000000000000e+02 2.600108173956176660e+00
5.485000000000000000e+02 2.599767355597039753e+00
5.490000000000000000e+02 2.599426537237903290e+00
5.495000000000000000e+02 2.599085718878766382e+00
5.500000000000000000e+02 2.598732277617439301e+00
5.505000000000000000e+02 2.598391459258302838e+00
5.510000000000000000e+02 2.598038017996975757e+00
5.515000000000000000e+02 2.597684576735648676e+00
5.520000000000000000e+02 2.597331135474322039e+00
5.525000000000000000e+02 2.596977694212994958e+00
5.530000000000000000e+02 2.596611630049477704e+00
5.535000000000000000e+02 2.596258188788150623e+00
5.540000000000000000e+02 2.595892124624633368e+00
5.545000000000000000e+02 2.595526060461116113e+00
5.550000000000000000e+02 2.595159996297598859e+00
5.555000000000000000e+02 2.594793932134081604e+00
5.560000000000000000e+02 2.594427867970564350e+00
5.565000000000000000e+02 2.594049180904856922e+00
5.570000000000000000e+02 2.593683116741339667e+00
5.575000000000000000e+02 2.593304429675632239e+00
5.580000000000000000e+02 2.592938365512114984e+00
5.585000000000000000e+02 2.592559678446407556e+00
5.590000000000000000e+02 2.592180991380700128e+00
5.595000000000000000e+02 2.591802304314992700e+00
5.600000000000000000e+02 2.591423617249285272e+00
5.605000000000000000e+02 2.591044930183577844e+00
5.610000000000000000e+02 2.590653620215680242e+00
5.615000000000000000e+02 2.590274933149972814e+00
5.620000000000000000e+02 2.589896246084265385e+00
5.625000000000000000e+02 2.589504936116367340e+00
5.635000000000000000e+02 2.588734939082762310e+00
5.640000000000000000e+02 2.588343629114864708e+00
5.645000000000000000e+02 2.587952319146967106e+00
5.655000000000000000e+02 2.587182322113361632e+00
5.660000000000000000e+02 2.586791012145464030e+00
5.665000000000000000e+02 2.586399702177566429e+00
5.670000000000000000e+02 2.586008392209668383e+00
5.675000000000000000e+02 2.585604459339580607e+00
5.680000000000000000e+02 2.585213149371683006e+00
5.685000000000000000e+02 2.584821839403785404e+00
5.690000000000000000e+02 2.584430529435887358e+00
5.695000000000000000e+02 2.584039219467989756e+00
5.700000000000000000e+02 2.583635286597901981e+00
5.705000000000000000e+02 2.583243976630003935e+00
5.710000000000000000e+02 2.582852666662106333e+00
5.715000000000000000e+02 2.582448733792018558e+00
5.720000000000000000e+02 2.582057423824120512e+00
5.725000000000000000e+02 2.581666113856222911e+00
5.730000000000000000e+02 2.581262180986135135e+00
5.735000000000000000e+02 2.580870871018237089e+00
5.740000000000000000e+02 2.580466938148149314e+00
5.745000000000000000e+02 2.580075628180251712e+00
5.750000000000000000e+02 2.579671695310163493e+00
5.755000000000000000e+02 2.579280385342265891e+00
5.760000000000000000e+02 2.578876452472178116e+00
5.765000000000000000e+02 2.578485142504280070e+00
5.770000000000000000e+02 2.578081209634192295e+00
5.775000000000000000e+02 2.577689899666294693e+00
5.780000000000000000e+02 2.577285966796206473e+00
5.785000000000000000e+02 2.576894656828308872e+00
5.790000000000000000e+02 2.576490723958221096e+00
5.795000000000000000e+02 2.576099413990323050e+00
5.800000000000000000e+02 2.575695481120235275e+00
5.805000000000000000e+02 2.575304171152337673e+00
5.810000000000000000e+02 2.574912861184440072e+00
5.815000000000000000e+02 2.574508928314351852e+00
5.820000000000000000e+02 2.574117618346454250e+00
5.825000000000000000e+02 2.573713685476366031e+00
5.830000000000000000e+02 2.573322375508468429e+00
5.835000000000000000e+02 2.572931065540570827e+00
5.840000000000000000e+02 2.572527132670482608e+00
5.845000000000000000e+02 2.572135822702585006e+00
5.850000000000000000e+02 2.571744512734687405e+00
5.855000000000000000e+02 2.571353202766789803e+00
5.860000000000000000e+02 2.570949269896701583e+00
5.865000000000000000e+02 2.570557959928803982e+00
5.870000000000000000e+02 2.570166649960906380e+00
5.875000000000000000e+02 2.569775339993008778e+00
5.880000000000000000e+02 2.569384030025110732e+00
5.885000000000000000e+02 2.568992720057213131e+00
5.890000000000000000e+02 2.568601410089315529e+00
5.895000000000000000e+02 2.568210100121417927e+00
5.900000000000000000e+02 2.567818790153519881e+00
5.905000000000000000e+02 2.567427480185622279e+00
5.910000000000000000e+02 2.567036170217724678e+00
5.915000000000000000e+02 2.566657483152017249e+00
5.920000000000000000e+02 2.566266173184119204e+00
5.925000000000000000e+02 2.565874863216221602e+00
5.930000000000000000e+02 2.565496176150514174e+00
5.935000000000000000e+02 2.565104866182616572e+00
5.940000000000000000e+02 2.564726179116909144e+00
5.945000000000000000e+02 2.564334869149011542e+00
5.950000000000000000e+02 2.563956182083304114e+00
5.955000000000000000e+02 2.563564872115406068e+00
5.960000000000000000e+02 2.563186185049698640e+00
5.965000000000000000e+02 2.562807497983991212e+00
5.970000000000000000e+02 2.562416188016093610e+00
5.975000000000000000e+02 2.562037500950386182e+00
5.980000000000000000e+02 2.561658813884678754e+00
5.985000000000000000e+02 2.561280126818971326e+00
5.990000000000000000e+02 2.560901439753263453e+00
5.995000000000000000e+02 2.560522752687556025e+00
6.000000000000000000e+02 2.560144065621848597e+00
6.005000000000000000e+02 2.559778001458331342e+00
6.010000000000000000e+02 2.559399314392623914e+00
6.015000000000000000e+02 2.559020627326916486e+00
6.020000000000000000e+02 2.558654563163399231e+00
6.025000000000000000e+02 2.558275876097691803e+00
6.030000000000000000e+02 2.557909811934174549e+00
6.035000000000000000e+02 2.557531124868467121e+00
6.040000000000000000e+02 2.557165060704949866e+00
6.045000000000000000e+02 2.556798996541432611e+00
6.050000000000000000e+02 2.556432932377915801e+00
6.055000000000000000e+02 2.556054245312207929e+00
6.060000000000000000e+02 2.555688181148691118e+00
6.065000000000000000e+02 2.555322116985173864e+00
6.070000000000000000e+02 2.554968675723846783e+00
6.075000000000000000e+02 2.554602611560329528e+00
6.080000000000000000e+02 2.554236547396812274e+00
6.085000000000000000e+02 2.553870483233295019e+00
6.090000000000000000e+02 2.553517041971967938e+00
6.095000000000000000e+02 2.553150977808450683e+00
6.100000000000000000e+02 2.552797536547124047e+00
6.105000000000000000e+02 2.552444095285796966e+00
6.110000000000000000e+02 2.552078031122279711e+00
6.115000000000000000e+02 2.551724589860952630e+00
6.120000000000000000e+02 2.551371148599625993e+00
6.125000000000000000e+02 2.551017707338298912e+00
6.130000000000000000e+02 2.550664266076971831e+00
6.135000000000000000e+02 2.550310824815644750e+00
6.140000000000000000e+02 2.549957383554318113e+00
6.145000000000000000e+02 2.549616565195181206e+00
6.150000000000000000e+02 2.549263123933854125e+00
6.155000000000000000e+02 2.548922305574717662e+00
6.160000000000000000e+02 2.548568864313390581e+00
6.165000000000000000e+02 2.548228045954253673e+00
6.170000000000000000e+02 2.547887227595117210e+00
6.175000000000000000e+02 2.547546409235980303e+00
6.180000000000000000e+02 2.547205590876843839e+00
6.185000000000000000e+02 2.546864772517706932e+00
6.190000000000000000e+02 2.546523954158570469e+00
6.195000000000000000e+02 2.546183135799433561e+00
6.200000000000000000e+02 2.545842317440296654e+00
6.205000000000000000e+02 2.545514121983350364e+00
6.210000000000000000e+02 2.545173303624213457e+00
6.215000000000000000e+02 2.544845108167267167e+00
6.220000000000000000e+02 2.544516912710320877e+00
6.225000000000000000e+02 2.544176094351183970e+00
6.230000000000000000e+02 2.543847898894237680e+00
6.235000000000000000e+02 2.543519703437290946e+00
6.240000000000000000e+02 2.543191507980344657e+00
6.245000000000000000e+02 2.542875935425588541e+00
6.250000000000000000e+02 2.542547739968641807e+00
6.255000000000000000e+02 2.542219544511695517e+00
6.260000000000000000e+02 2.541903971956939401e+00
6.265000000000000000e+02 2.541575776499992667e+00
6.270000000000000000e+02 2.541260203945236551e+00
6.275000000000000000e+02 2.540944631390480435e+00
6.280000000000000000e+02 2.540629058835723875e+00
6.285000000000000000e+02 2.540313486280967759e+00
6.290000000000000000e+02 2.539997913726211642e+00
6.295000000000000000e+02 2.539682341171455526e+00
6.300000000000000000e+02 2.539366768616698966e+00
6.305000000000000000e+02 2.539063818964133024e+00
6.310000000000000000e+02 2.538748246409376907e+00
6.315000000000000000e+02 2.538445296756810965e+00
6.320000000000000000e+02 2.538142347104245022e+00
6.325000000000000000e+02 2.537839397451679080e+00
6.330000000000000000e+02 2.537536447799113137e+00
6.335000000000000000e+02 2.537233498146547195e+00
6.340000000000000000e+02 2.536930548493981252e+00
6.345000000000000000e+02 2.536627598841415310e+00
6.350000000000000000e+02 2.536337272091039541e+00
6.355000000000000000e+02 2.536034322438473598e+00
6.360000000000000000e+02 2.535743995688097829e+00
6.365000000000000000e+02 2.535453668937722060e+00
6.370000000000000000e+02 2.535163342187346291e+00
6.375000000000000000e+02 2.534873015436970523e+00
6.380000000000000000e+02 2.534582688686594754e+00
6.385000000000000000e+02 2.534292361936218985e+00
6.395000000000000000e+02 2.533724331337658064e+00
6.400000000000000000e+02 2.533446627489472469e+00
6.405000000000000000e+02 2.533156300739096700e+00
6.410000000000000000e+02 2.532878596890911105e+00
6.415000000000000000e+02 2.532600893042725954e+00
6.420000000000000000e+02 2.532323189194540358e+00
6.425000000000000000e+02 2.532058108248544936e+00
6.430000000000000000e+02 2.531780404400359785e+00
6.435000000000000000e+02 2.531502700552174190e+00
6.440000000000000000e+02 2.531237619606178768e+00
6.445000000000000000e+02 2.530972538660183790e+00
6.450000000000000000e+02 2.530707457714188369e+00
6.455000000000000000e+02 2.530442376768193391e+00
6.460000000000000000e+02 2.530177295822197969e+00
6.465000000000000000e+02 2.529912214876202992e+00
6.470000000000000000e+02 2.529647133930207570e+00
6.475000000000000000e+02 2.529394675886402766e+00
6.480000000000000000e+02 2.529142217842597518e+00
6.485000000000000000e+02 2.528877136896602540e+00
6.490000000000000000e+02 2.528624678852797292e+00
6.495000000000000000e+02 2.528372220808992488e+00
6.500000000000000000e+02 2.528132385667377857e+00
6.505000000000000000e+02 2.527879927623572609e+00
6.510000000000000000e+02 2.527627469579767805e+00
6.515000000000000000e+02 2.527387634438153174e+00
6.520000000000000000e+02 2.527147799296538100e+00
6.525000000000000000e+02 2.526907964154923469e+00
6.530000000000000000e+02 2.526668129013308839e+00
6.535000000000000000e+02 2.526428293871694208e+00
6.540000000000000000e+02 2.526188458730079578e+00
6.545000000000000000e+02 2.525961246490655121e+00
6.550000000000000000e+02 2.525721411349040046e+00
6.555000000000000000e+02 2.525494199109615590e+00
6.560000000000000000e+02 2.525266986870191133e+00
6.565000000000000000e+02 2.525039774630766676e+00
6.570000000000000000e+02 2.524812562391342219e+00
6.575000000000000000e+02 2.524597973054107936e+00
6.580000000000000000e+02 2.524370760814683479e+00
6.585000000000000000e+02 2.524156171477449195e+00
6.590000000000000000e+02 2.523941582140214912e+00
6.595000000000000000e+02 2.523714369900790455e+00
6.600000000000000000e+02 2.523512403465746790e+00
6.605000000000000000e+02 2.523297814128512506e+00
6.610000000000000000e+02 2.523083224791278223e+00
6.615000000000000000e+02 2.522881258356234113e+00
6.620000000000000000e+02 2.522679291921190448e+00
6.625000000000000000e+02 2.522477325486146338e+00
6.630000000000000000e+02 2.522275359051102228e+00
6.635000000000000000e+02 2.522073392616058118e+00
6.640000000000000000e+02 2.521871426181014453e+00
6.645000000000000000e+02 2.521682082648160517e+00
6.650000000000000000e+02 2.521480116213116407e+00
6.655000000000000000e+02 2.521290772680262915e+00
6.660000000000000000e+02 2.521101429147408979e+00
6.665000000000000000e+02 2.520924708516745660e+00
6.670000000000000000e+02 2.520735364983891724e+00
6.675000000000000000e+02 2.520558644353228406e+00
6.680000000000000000e+02 2.520369300820374470e+00
6.685000000000000000e+02 2.520192580189711151e+00
6.690000000000000000e+02 2.520015859559047833e+00
6.695000000000000000e+02 2.519839138928384070e+00
6.700000000000000000e+02 2.519675041199910925e+00
6.705000000000000000e+02 2.519498320569247607e+00
6.710000000000000000e+02 2.519334222840774462e+00
6.715000000000000000e+02 2.519170125112300873e+00
6.720000000000000000e+02 2.519006027383827728e+00
6.725000000000000000e+02 2.518841929655354583e+00
6.730000000000000000e+02 2.518690454829071612e+00
6.735000000000000000e+02 2.518538980002788641e+00
6.740000000000000000e+02 2.518374882274315496e+00
6.745000000000000000e+02 2.518223407448032525e+00
6.755000000000000000e+02 2.517933080697656756e+00
6.760000000000000000e+02 2.517781605871373785e+00
6.765000000000000000e+02 2.517642753947280987e+00
6.770000000000000000e+02 2.517503902023188189e+00
6.775000000000000000e+02 2.517365050099095392e+00
6.780000000000000000e+02 2.517226198175002594e+00
6.785000000000000000e+02 2.517099969153100414e+00
6.790000000000000000e+02 2.516973740131197790e+00
6.795000000000000000e+02 2.516834888207104992e+00
6.800000000000000000e+02 2.516708659185202368e+00
6.805000000000000000e+02 2.516595053065490362e+00
6.810000000000000000e+02 2.516468824043587738e+00
6.815000000000000000e+02 2.516355217923875731e+00
6.820000000000000000e+02 2.516228988901973107e+00
6.825000000000000000e+02 2.516115382782260657e+00
6.830000000000000000e+02 2.516014399564738824e+00
6.835000000000000000e+02 2.515900793445026817e+00
6.840000000000000000e+02 2.515787187325314367e+00
6.845000000000000000e+02 2.515686204107792534e+00
6.850000000000000000e+02 2.515585220890270257e+00
6.855000000000000000e+02 2.515484237672748424e+00
6.860000000000000000e+02 2.515395877357416765e+00
6.865000000000000000e+02 2.515294894139894488e+00
6.870000000000000000e+02 2.515206533824562829e+00
6.875000000000000000e+02 2.515118173509231170e+00
6.880000000000000000e+02 2.515029813193899511e+00
6.885000000000000000e+02 2.514941452878567851e+00
6.890000000000000000e+02 2.514865715465426366e+00
6.895000000000000000e+02 2.514777355150094262e+00
6.900000000000000000e+02 2.514701617736952777e+00
6.905000000000000000e+02 2.514625880323811291e+00
6.910000000000000000e+02 2.514562765812860423e+00
6.915000000000000000e+02 2.514487028399718938e+00
6.920000000000000000e+02 2.514423913888767625e+00
6.930000000000000000e+02 2.514297684866865001e+00
6.935000000000000000e+02 2.514234570355913689e+00
6.940000000000000000e+02 2.514171455844962377e+00
6.945000000000000000e+02 2.514120964236201683e+00
6.950000000000000000e+02 2.514070472627440544e+00
6.955000000000000000e+02 2.514019981018679406e+00
6.960000000000000000e+02 2.513969489409918712e+00
6.965000000000000000e+02 2.513918997801157573e+00
6.970000000000000000e+02 2.513881129094586608e+00
6.975000000000000000e+02 2.513843260388016088e+00
6.980000000000000000e+02 2.513805391681445123e+00
6.985000000000000000e+02 2.513767522974874602e+00
6.990000000000000000e+02 2.513729654268303637e+00
6.995000000000000000e+02 2.513704408463923290e+00
7.000000000000000000e+02 2.513666539757352769e+00
7.005000000000000000e+02 2.513641293952971978e+00
7.015000000000000000e+02 2.513603425246401457e+00
7.020000000000000000e+02 2.513578179442020666e+00
7.025000000000000000e+02 2.513565556539830492e+00
7.030000000000000000e+02 2.513552933637640319e+00
7.035000000000000000e+02 2.513540310735450145e+00
7.040000000000000000e+02 2.513527687833259971e+00
7.045000000000000000e+02 2.513515064931069354e+00
7.050000000000000000e+02 2.513515064931069354e+00
7.055000000000000000e+02 2.513515064931069354e+00
7.060000000000000000e+02 2.513515064931069354e+00
7.065000000000000000e+02 2.513515064931069354e+00
7.070000000000000000e+02 2.513515064931069354e+00
7.075000000000000000e+02 2.513515064931069354e+00
7.080000000000000000e+02 2.513527687833259971e+00
7.085000000000000000e+02 2.513540310735450145e+00
7.090000000000000000e+02 2.513552933637640319e+00
7.095000000000000000e+02 2.513565556539830492e+00
7.100000000000000000e+02 2.513578179442020666e+00
7.105000000000000000e+02 2.513603425246401457e+00
7.110000000000000000e+02 2.513616048148591631e+00
7.115000000000000000e+02 2.513641293952971978e+00
7.120000000000000000e+02 2.513666539757352769e+00
7.125000000000000000e+02 2.513691785561733116e+00
7.130000000000000000e+02 2.513717031366113464e+00
7.135000000000000000e+02 2.513754900072684428e+00
7.140000000000000000e+02 2.513780145877064776e+00
7.145000000000000000e+02 2.513818014583635740e+00
7.150000000000000000e+02 2.513855883290206261e+00
7.155000000000000000e+02 2.513893751996777226e+00
7.160000000000000000e+02 2.513931620703347747e+00
7.165000000000000000e+02 2.513982112312108885e+00
7.170000000000000000e+02 2.514019981018679406e+00
7.175000000000000000e+02 2.514070472627440544e+00
7.180000000000000000e+02 2.514120964236201683e+00
7.190000000000000000e+02 2.514221947453723516e+00
7.195000000000000000e+02 2.514272439062484654e+00
7.200000000000000000e+02 2.514322930671245349e+00
7.205000000000000000e+02 2.514386045182196661e+00
7.210000000000000000e+02 2.514436536790957799e+00
7.215000000000000000e+02 2.514499651301909111e+00
7.220000000000000000e+02 2.514562765812860423e+00
7.225000000000000000e+02 2.514625880323811291e+00
7.230000000000000000e+02 2.514688994834762603e+00
7.235000000000000000e+02 2.514752109345713915e+00
7.240000000000000000e+02 2.514827846758855401e+00
7.245000000000000000e+02 2.514890961269806713e+00
7.250000000000000000e+02 2.514966698682948198e+00
7.255000000000000000e+02 2.515029813193899511e+00
7.260000000000000000e+02 2.515105550607040996e+00
7.265000000000000000e+02 2.515181288020182482e+00
7.270000000000000000e+02 2.515257025433323967e+00
7.275000000000000000e+02 2.515345385748655627e+00
7.280000000000000000e+02 2.515421123161797112e+00
7.285000000000000000e+02 2.515496860574938598e+00
7.290000000000000000e+02 2.515585220890270257e+00
7.295000000000000000e+02 2.515660958303411743e+00
7.300000000000000000e+02 2.515749318618743402e+00
7.305000000000000000e+02 2.515837678934075505e+00
7.310000000000000000e+02 2.515926039249407165e+00
7.315000000000000000e+02 2.516014399564738824e+00
7.320000000000000000e+02 2.516102759880070483e+00
7.325000000000000000e+02 2.516191120195402142e+00
7.330000000000000000e+02 2.516292103412924419e+00
7.335000000000000000e+02 2.516380463728256078e+00
7.345000000000000000e+02 2.516569807261110014e+00
7.350000000000000000e+02 2.516670790478631847e+00
7.360000000000000000e+02 2.516860134011485339e+00
7.365000000000000000e+02 2.516961117229007616e+00
7.370000000000000000e+02 2.517062100446529449e+00
7.375000000000000000e+02 2.517163083664051282e+00
7.385000000000000000e+02 2.517377673001285565e+00
7.390000000000000000e+02 2.517478656218807842e+00
7.395000000000000000e+02 2.517579639436329675e+00
7.400000000000000000e+02 2.517693245556042125e+00
7.405000000000000000e+02 2.517794228773563958e+00
7.410000000000000000e+02 2.517907834893275965e+00
7.415000000000000000e+02 2.518021441012988415e+00
7.420000000000000000e+02 2.518122424230510248e+00
7.425000000000000000e+02 2.518236030350222698e+00
7.430000000000000000e+02 2.518349636469934705e+00
7.435000000000000000e+02 2.518463242589647155e+00
7.440000000000000000e+02 2.518576848709359162e+00
7.445000000000000000e+02 2.518690454829071612e+00
7.450000000000000000e+02 2.518804060948783619e+00
7.455000000000000000e+02 2.518917667068496069e+00
7.460000000000000000e+02 2.519031273188208520e+00
7.465000000000000000e+02 2.519144879307920526e+00
7.470000000000000000e+02 2.519258485427632976e+00
7.475000000000000000e+02 2.519384714449535156e+00
7.480000000000000000e+02 2.519498320569247607e+00
7.485000000000000000e+02 2.519611926688959613e+00
7.490000000000000000e+02 2.519738155710862237e+00
7.495000000000000000e+02 2.519851761830574688e+00
7.500000000000000000e+02 2.519977990852476868e+00
7.505000000000000000e+02 2.520091596972189318e+00
7.510000000000000000e+02 2.520217825994091498e+00
7.515000000000000000e+02 2.520331432113803949e+00
7.520000000000000000e+02 2.520457661135706573e+00
7.525000000000000000e+02 2.520583890157608753e+00
7.530000000000000000e+02 2.520697496277321203e+00
7.535000000000000000e+02 2.520823725299223828e+00
7.540000000000000000e+02 2.520949954321126008e+00
7.545000000000000000e+02 2.521063560440838458e+00
7.550000000000000000e+02 2.521189789462741082e+00
7.555000000000000000e+02 2.521316018484643262e+00
7.560000000000000000e+02 2.521442247506545886e+00
7.565000000000000000e+02 2.521555853626257893e+00
7.570000000000000000e+02 2.521682082648160517e+00
7.575000000000000000e+02 2.521808311670063141e+00
7.580000000000000000e+02 2.521934540691965321e+00
7.585000000000000000e+02 2.522060769713867945e+00
7.595000000000000000e+02 2.522300604855482575e+00
7.600000000000000000e+02 2.522426833877385199e+00
7.605000000000000000e+02 2.522553062899287823e+00
7.610000000000000000e+02 2.522679291921190448e+00
7.615000000000000000e+02 2.522805520943092628e+00
7.620000000000000000e+02 2.522919127062805078e+00
7.625000000000000000e+02 2.523045356084707258e+00
7.630000000000000000e+02 2.523171585106609882e+00
7.635000000000000000e+02 2.523297814128512506e+00
7.640000000000000000e+02 2.523424043150415130e+00
7.645000000000000000e+02 2.523537649270127137e+00
7.650000000000000000e+02 2.523663878292029761e+00
7.655000000000000000e+02 2.523790107313931941e+00
7.660000000000000000e+02 2.523903713433644391e+00
7.665000000000000000e+02 2.524029942455547015e+00
7.670000000000000000e+02 2.524156171477449195e+00
7.675000000000000000e+02 2.524269777597161646e+00
7.680000000000000000e+02 2.524396006619064270e+00
7.685000000000000000e+02 2.524509612738776276e+00
7.690000000000000000e+02 2.524635841760678900e+00
7.695000000000000000e+02 2.524749447880390907e+00
7.700000000000000000e+02 2.524875676902293531e+00
7.705000000000000000e+02 2.524989283022005537e+00
7.710000000000000000e+02 2.525115512043908161e+00
7.715000000000000000e+02 2.525229118163620612e+00
7.720000000000000000e+02 2.525342724283332618e+00
7.725000000000000000e+02 2.525456330403045069e+00
7.730000000000000000e+02 2.525582559424947249e+00
7.735000000000000000e+02 2.525696165544659699e+00
7.740000000000000000e+02 2.525809771664372150e+00
7.745000000000000000e+02 2.525923377784084156e+00
7.750000000000000000e+02 2.526036983903796607e+00
7.755000000000000000e+02 2.526137967121318439e+00
7.760000000000000000e+02 2.526251573241030446e+00
7.765000000000000000e+02 2.526365179360742896e+00
7.770000000000000000e+02 2.526478785480454903e+00
7.775000000000000000e+02 2.526579768697977180e+00
7.780000000000000000e+02 2.526693374817689186e+00
7.785000000000000000e+02 2.526794358035211463e+00
7.790000000000000000e+02 2.526895341252733296e+00
7.795000000000000000e+02 2.527008947372445746e+00
7.800000000000000000e+02 2.527109930589967579e+00
7.805000000000000000e+02 2.527210913807489412e+00
7.810000000000000000e+02 2.527311897025011689e+00
7.815000000000000000e+02 2.527412880242533522e+00
7.820000000000000000e+02 2.527513863460055354e+00
7.825000000000000000e+02 2.527602223775387458e+00
7.830000000000000000e+02 2.527703206992909291e+00
7.840000000000000000e+02 2.527892550525762783e+00
7.845000000000000000e+02 2.527980910841094886e+00
7.850000000000000000e+02 2.528069271156426545e+00
7.855000000000000000e+02 2.528157631471758204e+00
7.860000000000000000e+02 2.528245991787089864e+00
7.865000000000000000e+02 2.528334352102421523e+00
7.870000000000000000e+02 2.528422712417753626e+00
7.875000000000000000e+02 2.528511072733085285e+00
7.880000000000000000e+02 2.528586810146226771e+00
7.885000000000000000e+02 2.528662547559368257e+00
7.895000000000000000e+02 2.528826645287841401e+00
7.905000000000000000e+02 2.528965497211934199e+00
7.910000000000000000e+02 2.529041234625075685e+00
7.915000000000000000e+02 2.529104349136026997e+00
7.920000000000000000e+02 2.529180086549168482e+00
7.925000000000000000e+02 2.529243201060119794e+00
7.930000000000000000e+02 2.529306315571070662e+00
7.935000000000000000e+02 2.529369430082021974e+00
7.940000000000000000e+02 2.529432544592973287e+00
7.945000000000000000e+02 2.529483036201734425e+00
7.950000000000000000e+02 2.529546150712685737e+00
7.955000000000000000e+02 2.529596642321446431e+00
7.960000000000000000e+02 2.529647133930207570e+00
7.965000000000000000e+02 2.529697625538968708e+00
7.975000000000000000e+02 2.529785985854300367e+00
7.980000000000000000e+02 2.529823854560870888e+00
7.985000000000000000e+02 2.529874346169632027e+00
7.990000000000000000e+02 2.529912214876202992e+00
7.995000000000000000e+02 2.529937460680583339e+00
8.000000000000000000e+02 2.529975329387153860e+00
8.005000000000000000e+02 2.530013198093724824e+00
8.010000000000000000e+02 2.530038443898105172e+00
8.015000000000000000e+02 2.530063689702485963e+00
8.020000000000000000e+02 2.530088935506866310e+00
8.025000000000000000e+02 2.530101558409056484e+00
8.030000000000000000e+02 2.530126804213436831e+00
8.035000000000000000e+02 2.530139427115627448e+00
8.040000000000000000e+02 2.530152050017817622e+00
8.045000000000000000e+02 2.530164672920007796e+00
8.050000000000000000e+02 2.530177295822197969e+00
8.055000000000000000e+02 2.530177295822197969e+00
8.060000000000000000e+02 2.530177295822197969e+00
8.065000000000000000e+02 2.530177295822197969e+00
8.070000000000000000e+02 2.530177295822197969e+00
8.075000000000000000e+02 2.530177295822197969e+00
8.080000000000000000e+02 2.530164672920007796e+00
8.085000000000000000e+02 2.530152050017817622e+00
8.090000000000000000e+02 2.530139427115627448e+00
8.095000000000000000e+02 2.530126804213436831e+00
8.100000000000000000e+02 2.530114181311246657e+00
8.105000000000000000e+02 2.530088935506866310e+00
8.110000000000000000e+02 2.530063689702485963e+00
8.115000000000000000e+02 2.530038443898105172e+00
8.120000000000000000e+02 2.530013198093724824e+00
8.125000000000000000e+02 2.529975329387153860e+00
8.130000000000000000e+02 2.529937460680583339e+00
8.135000000000000000e+02 2.529899591974012374e+00
8.140000000000000000e+02 2.529861723267441853e+00
8.145000000000000000e+02 2.529823854560870888e+00
8.150000000000000000e+02 2.529773362952110194e+00
8.155000000000000000e+02 2.529722871343349055e+00
8.160000000000000000e+02 2.529672379734587917e+00
8.165000000000000000e+02 2.529621888125827223e+00
8.170000000000000000e+02 2.529571396517066084e+00
8.175000000000000000e+02 2.529508282006114772e+00
8.180000000000000000e+02 2.529445167495163460e+00
8.185000000000000000e+02 2.529382052984212148e+00
8.190000000000000000e+02 2.529306315571070662e+00
8.195000000000000000e+02 2.529243201060119794e+00
8.200000000000000000e+02 2.529167463646978309e+00
8.205000000000000000e+02 2.529091726233836823e+00
8.210000000000000000e+02 2.529015988820695338e+00
8.215000000000000000e+02 2.528940251407553852e+00
8.220000000000000000e+02 2.528851891092221749e+00
8.225000000000000000e+02 2.528763530776890089e+00
8.230000000000000000e+02 2.528675170461558430e+00
8.235000000000000000e+02 2.528586810146226771e+00
8.240000000000000000e+02 2.528498449830895112e+00
8.245000000000000000e+02 2.528397466613372835e+00
8.250000000000000000e+02 2.528309106298041176e+00
8.255000000000000000e+02 2.528208123080519343e+00
8.260000000000000000e+02 2.528107139862997066e+00
8.265000000000000000e+02 2.527993533743285060e+00
8.270000000000000000e+02 2.527892550525762783e+00
8.275000000000000000e+02 2.527778944406050776e+00
8.280000000000000000e+02 2.527665338286338326e+00
8.285000000000000000e+02 2.527551732166626319e+00
8.290000000000000000e+02 2.527438126046913869e+00
8.295000000000000000e+02 2.527324519927201862e+00
8.300000000000000000e+02 2.527198290905299238e+00
8.305000000000000000e+02 2.527084684785587232e+00
8.310000000000000000e+02 2.526958455763684608e+00
8.315000000000000000e+02 2.526832226741781984e+00
8.320000000000000000e+02 2.526705997719879804e+00
8.325000000000000000e+02 2.526567145795787006e+00
8.330000000000000000e+02 2.526440916773884382e+00
8.335000000000000000e+02 2.526302064849791584e+00
8.340000000000000000e+02 2.526175835827888960e+00
8.345000000000000000e+02 2.526036983903796607e+00
8.350000000000000000e+02 2.525898131979703809e+00
8.360000000000000000e+02 2.525607805229328040e+00
8.365000000000000000e+02 2.525468953305235242e+00
8.370000000000000000e+02 2.525317478478952271e+00
8.380000000000000000e+02 2.525027151728576502e+00
8.385000000000000000e+02 2.524875676902293531e+00
8.390000000000000000e+02 2.524724202076010560e+00
8.395000000000000000e+02 2.524560104347537415e+00
8.400000000000000000e+02 2.524408629521254444e+00
8.405000000000000000e+02 2.524257154694971472e+00
8.410000000000000000e+02 2.524093056966497883e+00
8.415000000000000000e+02 2.523941582140214912e+00
8.420000000000000000e+02 2.523777484411741767e+00
8.425000000000000000e+02 2.523613386683268622e+00
8.430000000000000000e+02 2.523449288954795477e+00
8.435000000000000000e+02 2.523285191226322333e+00
8.440000000000000000e+02 2.523121093497848744e+00
8.445000000000000000e+02 2.522956995769375599e+00
8.450000000000000000e+02 2.522780275138712280e+00
8.455000000000000000e+02 2.522616177410239136e+00
8.460000000000000000e+02 2.522452079681765547e+00
8.465000000000000000e+02 2.522275359051102228e+00
8.470000000000000000e+02 2.522098638420438910e+00
8.475000000000000000e+02 2.521934540691965321e+00
8.480000000000000000e+02 2.521757820061302002e+00
8.485000000000000000e+02 2.521581099430638684e+00
8.490000000000000000e+02 2.521404378799974921e+00
8.495000000000000000e+02 2.521227658169311603e+00
8.500000000000000000e+02 2.521050937538648284e+00
8.505000000000000000e+02 2.520874216907984522e+00
8.510000000000000000e+02 2.520697496277321203e+00
8.515000000000000000e+02 2.520508152744467267e+00
8.520000000000000000e+02 2.520331432113803949e+00
8.525000000000000000e+02 2.520154711483140630e+00
8.530000000000000000e+02 2.519965367950286694e+00
8.535000000000000000e+02 2.519788647319623376e+00
8.540000000000000000e+02 2.519599303786769440e+00
8.545000000000000000e+02 2.519409960253915948e+00
8.550000000000000000e+02 2.519233239623252185e+00
8.555000000000000000e+02 2.519043896090398693e+00
8.560000000000000000e+02 2.518854552557544757e+00
8.565000000000000000e+02 2.518677831926881439e+00
8.570000000000000000e+02 2.518488488394027502e+00
8.575000000000000000e+02 2.518299144861174010e+00
8.580000000000000000e+02 2.518109801328320074e+00
8.585000000000000000e+02 2.517920457795466582e+00
8.590000000000000000e+02 2.517731114262612646e+00
8.595000000000000000e+02 2.517541770729759154e+00
8.600000000000000000e+02 2.517352427196905218e+00
8.605000000000000000e+02 2.517163083664051282e+00
8.610000000000000000e+02 2.516973740131197790e+00
8.615000000000000000e+02 2.516784396598343854e+00
8.620000000000000000e+02 2.516595053065490362e+00
8.625000000000000000e+02 2.516405709532636426e+00
8.630000000000000000e+02 2.516203743097592760e+00
8.635000000000000000e+02 2.516014399564738824e+00
8.640000000000000000e+02 2.515825056031885332e+00
8.645000000000000000e+02 2.515635712499031396e+00
8.650000000000000000e+02 2.515433746063987286e+00
8.655000000000000000e+02 2.515244402531133794e+00
8.660000000000000000e+02 2.515055058998279858e+00
8.665000000000000000e+02 2.514865715465426366e+00
8.670000000000000000e+02 2.514663749030382256e+00
8.675000000000000000e+02 2.514474405497528320e+00
8.680000000000000000e+02 2.514285061964674828e+00
8.685000000000000000e+02 2.514083095529630718e+00
8.690000000000000000e+02 2.513893751996777226e+00
8.695000000000000000e+02 2.513704408463923290e+00
8.700000000000000000e+02 2.513502442028879180e+00
8.705000000000000000e+02 2.513313098496025688e+00
8.710000000000000000e+02 2.513111132060981578e+00
8.715000000000000000e+02 2.512921788528128086e+00
8.720000000000000000e+02 2.512732444995274150e+00
8.725000000000000000e+02 2.512530478560230041e+00
8.730000000000000000e+02 2.512341135027376549e+00
8.735000000000000000e+02 2.512151791494522612e+00
8.740000000000000000e+02 2.511949825059478503e+00
8.745000000000000000e+02 2.511760481526625011e+00
8.750000000000000000e+02 2.511571137993771075e+00
8.755000000000000000e+02 2.511369171558727409e+00
8.760000000000000000e+02 2.511179828025873473e+00
8.765000000000000000e+02 2.510990484493019981e+00
8.770000000000000000e+02 2.510788518057975871e+00
8.775000000000000000e+02 2.510599174525121935e+00
8.780000000000000000e+02 2.510409830992268443e+00
8.785000000000000000e+02 2.510207864557224333e+00
8.790000000000000000e+02 2.510018521024370841e+00
8.795000000000000000e+02 2.509829177491516905e+00
8.800000000000000000e+02 2.509639833958662969e+00
8.805000000000000000e+02 2.509437867523619303e+00
8.810000000000000000e+02 2.509248523990765367e+00
8.815000000000000000e+02 2.509059180457911875e+00
8.820000000000000000e+02 2.508869836925057939e+00
8.825000000000000000e+02 2.508680493392204447e+00
8.830000000000000000e+02 2.508478526957160337e+00
8.835000000000000000e+02 2.508289183424306401e+00
8.840000000000000000e+02 2.508099839891452909e+00
8.845000000000000000e+02 2.507910496358598973e+00
8.850000000000000000e+02 2.507721152825745481e+00
8.855000000000000000e+02 2.507531809292891545e+00
8.860000000000000000e+02 2.507342465760038053e+00
8.865000000000000000e+02 2.507153122227184117e+00
8.870000000000000000e+02 2.506963778694330625e+00
8.875000000000000000e+02 2.506774435161476688e+00
8.880000000000000000e+02 2.506585091628622752e+00
8.885000000000000000e+02 2.506395748095769260e+00
8.890000000000000000e+02 2.506206404562915324e+00
8.900000000000000000e+02 2.505840340399398070e+00
8.905000000000000000e+02 2.505650996866544578e+00
8.910000000000000000e+02 2.505461653333690641e+00
8.915000000000000000e+02 2.505272309800837149e+00
8.920000000000000000e+02 2.505095589170173387e+00
8.925000000000000000e+02 2.504906245637319895e+00
8.930000000000000000e+02 2.504716902104465959e+00
8.935000000000000000e+02 2.504540181473802640e+00
8.940000000000000000e+02 2.504350837940949148e+00
8.945000000000000000e+02 2.504174117310285386e+00
8.950000000000000000e+02 2.503984773777431894e+00
8.955000000000000000e+02 2.503808053146768131e+00
8.960000000000000000e+02 2.503618709613914639e+00
8.965000000000000000e+02 2.503441988983250877e+00
8.970000000000000000e+02 2.503252645450397385e+00
8.975000000000000000e+02 2.503075924819733622e+00
8.980000000000000000e+02 2.502899204189070304e+00
8.985000000000000000e+02 2.502722483558406985e+00
8.990000000000000000e+02 2.502533140025553049e+00
8.995000000000000000e+02 2.502356419394889731e+00
9.000000000000000000e+02 2.502179698764225968e+00
9.005000000000000000e+02 2.502002978133562650e+00
9.010000000000000000e+02 2.501826257502899331e+00
9.015000000000000000e+02 2.501649536872235569e+00
9.020000000000000000e+02 2.501472816241572250e+00
9.025000000000000000e+02 2.501296095610908488e+00
9.030000000000000000e+02 2.501119374980245169e+00
9.035000000000000000e+02 2.500942654349581851e+00
9.040000000000000000e+02 2.500765933718918088e+00
9.050000000000000000e+02 2.500425115359781625e+00
9.055000000000000000e+02 2.500248394729117862e+00
9.060000000000000000e+02 2.500071674098454544e+00
9.065000000000000000e+02 2.499907576369981399e+00
9.070000000000000000e+02 2.499730855739317636e+00
9.075000000000000000e+02 2.499566758010844492e+00
9.080000000000000000e+02 2.499390037380181173e+00
9.085000000000000000e+02 2.499225939651708028e+00
9.090000000000000000e+02 2.499049219021044266e+00
9.095000000000000000e+02 2.498885121292571121e+00
9.100000000000000000e+02 2.498721023564097976e+00
9.105000000000000000e+02 2.498556925835624831e+00
9.110000000000000000e+02 2.498380205204961069e+00
9.115000000000000000e+02 2.498216107476487924e+00
9.120000000000000000e+02 2.498052009748014779e+00
9.125000000000000000e+02 2.497887912019541634e+00
9.130000000000000000e+02 2.497723814291068489e+00
9.135000000000000000e+02 2.497559716562594900e+00
9.140000000000000000e+02 2.497395618834121755e+00
9.145000000000000000e+02 2.497231521105648611e+00
9.150000000000000000e+02 2.497080046279365639e+00
9.155000000000000000e+02 2.496915948550892494e+00
9.160000000000000000e+02 2.496751850822419350e+00
9.165000000000000000e+02 2.496600375996135934e+00
9.170000000000000000e+02 2.496436278267662789e+00
9.175000000000000000e+02 2.496272180539189645e+00
9.180000000000000000e+02 2.496120705712906673e+00
9.185000000000000000e+02 2.495969230886623702e+00
9.190000000000000000e+02 2.495805133158150557e+00
9.195000000000000000e+02 2.495653658331867586e+00
9.200000000000000000e+02 2.495502183505584615e+00
9.205000000000000000e+02 2.495338085777111470e+00
9.210000000000000000e+02 2.495186610950828054e+00
9.215000000000000000e+02 2.495035136124545083e+00
9.220000000000000000e+02 2.494883661298262112e+00
9.225000000000000000e+02 2.494732186471979141e+00
9.230000000000000000e+02 2.494580711645696169e+00
9.235000000000000000e+02 2.494429236819413198e+00
9.240000000000000000e+02 2.494290384895320400e+00
9.245000000000000000e+02 2.494138910069037429e+00
9.250000000000000000e+02 2.493987435242754458e+00
9.255000000000000000e+02 2.493848583318662104e+00
9.260000000000000000e+02 2.493697108492378689e+00
9.265000000000000000e+02 2.493545633666095718e+00
9.270000000000000000e+02 2.493406781742003364e+00
9.275000000000000000e+02 2.493267929817910566e+00
9.280000000000000000e+02 2.493116454991627595e+00
9.285000000000000000e+02 2.492977603067534798e+00
9.290000000000000000e+02 2.492838751143442000e+00
9.295000000000000000e+02 2.492699899219349202e+00
9.300000000000000000e+02 2.492561047295256405e+00
9.305000000000000000e+02 2.492422195371163607e+00
9.310000000000000000e+02 2.492283343447071253e+00
9.315000000000000000e+02 2.492144491522978456e+00
9.320000000000000000e+02 2.492005639598885658e+00
9.325000000000000000e+02 2.491866787674792860e+00
9.330000000000000000e+02 2.491740558652890236e+00
9.335000000000000000e+02 2.491601706728797438e+00
9.340000000000000000e+02 2.491462854804705085e+00
9.345000000000000000e+02 2.491336625782802461e+00
9.350000000000000000e+02 2.491210396760899837e+00
9.355000000000000000e+02 2.491071544836807039e+00
9.360000000000000000e+02 2.490945315814904859e+00
9.365000000000000000e+02 2.490819086793002235e+00
9.370000000000000000e+02 2.490692857771099611e+00
9.375000000000000000e+02 2.490566628749196987e+00
9.380000000000000000e+02 2.490440399727294807e+00
9.385000000000000000e+02 2.490314170705392183e+00
9.390000000000000000e+02 2.490187941683489559e+00
9.395000000000000000e+02 2.490061712661587379e+00
9.400000000000000000e+02 2.489935483639684755e+00
9.405000000000000000e+02 2.489821877519972304e+00
9.410000000000000000e+02 2.489695648498070124e+00
9.415000000000000000e+02 2.489582042378357674e+00
9.420000000000000000e+02 2.489455813356455494e+00
9.425000000000000000e+02 2.489342207236743043e+00
9.430000000000000000e+02 2.489215978214840419e+00
9.435000000000000000e+02 2.489102372095128413e+00
9.440000000000000000e+02 2.488988765975415962e+00
9.445000000000000000e+02 2.488875159855703956e+00
9.450000000000000000e+02 2.488761553735991505e+00
9.455000000000000000e+02 2.488647947616279499e+00
9.460000000000000000e+02 2.488534341496567048e+00
9.465000000000000000e+02 2.488433358279045216e+00
9.470000000000000000e+02 2.488319752159332765e+00
9.475000000000000000e+02 2.488206146039620759e+00
9.480000000000000000e+02 2.488105162822098482e+00
9.485000000000000000e+02 2.487991556702386475e+00
9.490000000000000000e+02 2.487890573484864642e+00
9.495000000000000000e+02 2.487789590267342366e+00
9.500000000000000000e+02 2.487688607049820533e+00
9.505000000000000000e+02 2.487587623832298256e+00
9.515000000000000000e+02 2.487385657397254590e+00
9.520000000000000000e+02 2.487284674179732313e+00
9.525000000000000000e+02 2.487183690962210481e+00
9.530000000000000000e+02 2.487082707744688648e+00
9.535000000000000000e+02 2.486994347429356988e+00
9.540000000000000000e+02 2.486893364211834712e+00
9.545000000000000000e+02 2.486805003896503052e+00
9.550000000000000000e+02 2.486704020678981220e+00
9.555000000000000000e+02 2.486615660363649116e+00
9.560000000000000000e+02 2.486527300048317457e+00
9.565000000000000000e+02 2.486438939732985798e+00
9.570000000000000000e+02 2.486350579417654139e+00
9.575000000000000000e+02 2.486262219102322479e+00
9.580000000000000000e+02 2.486173858786990820e+00
9.585000000000000000e+02 2.486085498471658717e+00
9.590000000000000000e+02 2.485997138156327058e+00
9.595000000000000000e+02 2.485921400743185572e+00
9.600000000000000000e+02 2.485833040427853913e+00
9.605000000000000000e+02 2.485757303014712427e+00
9.615000000000000000e+02 2.485593205286239282e+00
9.620000000000000000e+02 2.485517467873097797e+00
9.625000000000000000e+02 2.485441730459956311e+00
9.630000000000000000e+02 2.485365993046814825e+00
9.635000000000000000e+02 2.485290255633673340e+00
9.640000000000000000e+02 2.485214518220531854e+00
9.645000000000000000e+02 2.485151403709580542e+00
9.650000000000000000e+02 2.485075666296439056e+00
9.655000000000000000e+02 2.485012551785487744e+00
9.660000000000000000e+02 2.484936814372346259e+00
9.665000000000000000e+02 2.484873699861394947e+00
9.670000000000000000e+02 2.484810585350443635e+00
9.675000000000000000e+02 2.484734847937302149e+00
9.680000000000000000e+02 2.484671733426350837e+00
9.685000000000000000e+02 2.484608618915399969e+00
9.690000000000000000e+02 2.484558127306638831e+00
9.695000000000000000e+02 2.484495012795687519e+00
9.700000000000000000e+02 2.484431898284736207e+00
9.705000000000000000e+02 2.484381406675975068e+00
9.710000000000000000e+02 2.484318292165024200e+00
9.715000000000000000e+02 2.484267800556263062e+00
9.720000000000000000e+02 2.484204686045311750e+00
9.725000000000000000e+02 2.484154194436550611e+00
9.730000000000000000e+02 2.484103702827789917e+00
9.735000000000000000e+02 2.484053211219028778e+00
9.740000000000000000e+02 2.484002719610267640e+00
9.745000000000000000e+02 2.483952228001506946e+00
9.750000000000000000e+02 2.483914359294935981e+00
9.755000000000000000e+02 2.483863867686175286e+00
9.760000000000000000e+02 2.483813376077414148e+00
9.765000000000000000e+02 2.483775507370843183e+00
9.770000000000000000e+02 2.483737638664272662e+00
9.775000000000000000e+02 2.483687147055511524e+00
9.780000000000000000e+02 2.483649278348941003e+00
9.785000000000000000e+02 2.483611409642370038e+00
9.790000000000000000e+02 2.483573540935799517e+00
9.795000000000000000e+02 2.483535672229228553e+00
9.800000000000000000e+02 2.483510426424848205e+00
9.805000000000000000e+02 2.483472557718277240e+00
9.810000000000000000e+02 2.483434689011706720e+00
9.815000000000000000e+02 2.483409443207325928e+00
9.820000000000000000e+02 2.483371574500755408e+00
9.825000000000000000e+02 2.483346328696375060e+00
9.830000000000000000e+02 2.483321082891994269e+00
9.835000000000000000e+02 2.483295837087613922e+00
9.840000000000000000e+02 2.483270591283233575e+00
9.845000000000000000e+02 2.483245345478852784e+00
9.850000000000000000e+02 2.483220099674472436e+00
9.855000000000000000e+02 2.483194853870092089e+00
9.860000000000000000e+02 2.483182230967901472e+00
9.865000000000000000e+02 2.483156985163521124e+00
9.870000000000000000e+02 2.483144362261330951e+00
9.875000000000000000e+02 2.483119116456950604e+00
9.880000000000000000e+02 2.483106493554759986e+00
9.885000000000000000e+02 2.483093870652569812e+00
9.890000000000000000e+02 2.483081247750379639e+00
9.895000000000000000e+02 2.483068624848189465e+00
9.900000000000000000e+02 2.483056001945999292e+00
9.905000000000000000e+02 2.483043379043809118e+00
9.910000000000000000e+02 2.483030756141618500e+00
9.915000000000000000e+02 2.483030756141618500e+00
9.920000000000000000e+02 2.483018133239428327e+00
9.925000000000000000e+02 2.483018133239428327e+00
9.935000000000000000e+02 2.483005510337238153e+00
9.940000000000000000e+02 2.483005510337238153e+00
9.945000000000000000e+02 2.483005510337238153e+00
9.950000000000000000e+02 2.483005510337238153e+00
9.955000000000000000e+02 2.483005510337238153e+00
9.960000000000000000e+02 2.483005510337238153e+00
9.965000000000000000e+02 2.483018133239428327e+00
9.970000000000000000e+02 2.483018133239428327e+00
9.975000000000000000e+02 2.483018133239428327e+00
9.980000000000000000e+02 2.483030756141618500e+00
9.990000000000000000e+02 2.483043379043809118e+00
9.995000000000000000e+02 2.483056001945999292e+00
1.000000000000000000e+03 2.483068624848189465e+00
1.000500000000000000e+03 2.483081247750379639e+00
1.001000000000000000e+03 2.483093870652569812e+00
1.001500000000000000e+03 2.483106493554759986e+00
1.002000000000000000e+03 2.483119116456950604e+00
1.002500000000000000e+03 2.483131739359140777e+00
1.003000000000000000e+03 2.483156985163521124e+00
1.003500000000000000e+03 2.483169608065711298e+00
1.004000000000000000e+03 2.483194853870092089e+00
1.004500000000000000e+03 2.483207476772282263e+00
1.005000000000000000e+03 2.483232722576662610e+00
1.005500000000000000e+03 2.483257968381042957e+00
1.006500000000000000e+03 2.483295837087613922e+00
1.007000000000000000e+03 2.483321082891994269e+00
1.007500000000000000e+03 2.483346328696375060e+00
1.008000000000000000e+03 2.483384197402945581e+00
1.008500000000000000e+03 2.483409443207325928e+00
1.009000000000000000e+03 2.483434689011706720e+00
1.009500000000000000e+03 2.483459934816087067e+00
1.010000000000000000e+03 2.483497803522658032e+00
1.010500000000000000e+03 2.483523049327038379e+00
1.011000000000000000e+03 2.483560918033608900e+00
1.011500000000000000e+03 2.483586163837989691e+00
1.012000000000000000e+03 2.483624032544560212e+00
1.012500000000000000e+03 2.483661901251131177e+00
1.013500000000000000e+03 2.483725015762082489e+00
1.014000000000000000e+03 2.483762884468653009e+00
1.014500000000000000e+03 2.483800753175223974e+00
1.015000000000000000e+03 2.483838621881794495e+00
1.016000000000000000e+03 2.483926982197126154e+00
1.016500000000000000e+03 2.483964850903697119e+00
1.017000000000000000e+03 2.484002719610267640e+00
1.017500000000000000e+03 2.484053211219028778e+00
1.018000000000000000e+03 2.484091079925599743e+00
1.019000000000000000e+03 2.484179440240931402e+00
1.019500000000000000e+03 2.484229931849692097e+00
1.020000000000000000e+03 2.484267800556263062e+00
1.020500000000000000e+03 2.484318292165024200e+00
1.021000000000000000e+03 2.484368783773784894e+00
1.021500000000000000e+03 2.484419275382546033e+00
1.022000000000000000e+03 2.484457144089116554e+00
1.022500000000000000e+03 2.484507635697877692e+00
1.023000000000000000e+03 2.484558127306638831e+00
1.023500000000000000e+03 2.484608618915399969e+00
1.024000000000000000e+03 2.484659110524160663e+00
