7.413315969396059018e+02 1.001950971311108418e+02
7.414943838515382595e+02 4.296506807717437226e+01
7.416571707634705035e+02 2.576576069448734785e+01
7.418199576754028612e+02 1.842647361419218655e+01
7.419827445873352190e+02 1.437800348653372495e+01
7.421455314992673493e+02 1.177317116783097539e+01
7.423083184111997070e+02 9.984042081687972470e+00
7.424711053231319511e+02 8.663592749474881671e+00
7.426338922350643088e+02 7.665801051144076617e+00
7.427966791469964392e+02 6.880532814103084149e+00
7.429594660589287969e+02 6.243876784669268432e+00
7.431222529708610409e+02 5.718259346739825055e+00
7.432850398827933986e+02 5.275655536859697570e+00
7.434478267947256427e+02 4.900118930695300357e+00
7.436106137066578867e+02 4.576429203121911371e+00
7.437734006185902444e+02 4.294871978172302818e+00
7.439361875305224885e+02 4.047128770096025896e+00
7.440989744424547325e+02 3.828479549042425045e+00
7.442617613543869766e+02 3.632907613240484057e+00
7.444245482663193343e+02 3.457225832184201320e+00
7.445873351782516920e+02 3.298772902308099386e+00
7.447501220901838224e+02 3.155258147577781447e+00
7.449129090021161801e+02 3.024089182779865936e+00
7.450756959140484241e+02 2.904567573968061645e+00
7.452384828259807819e+02 2.794400524150498999e+00
7.454012697379129122e+02 2.692973834525180354e+00
7.455640566498452699e+02 2.599159639953839029e+00
7.457268435617776277e+02 2.512220473440446966e+00
7.458896304737098717e+02 2.431142990983082175e+00
7.460524173856422294e+02 2.355668669354968880e+00
7.462152042975743598e+02 2.285141325837786397e+00
7.463779912095067175e+02 2.219014924520942511e+00
7.465407781214389615e+02 2.156865213815036597e+00
7.467035650333713193e+02 2.098542834009056168e+00
7.468663519453034496e+02 2.043431312487801854e+00
7.470291388572358073e+02 1.991574335334986845e+00
7.471919257691681651e+02 1.942422430359333818e+00
7.473547126811004091e+02 1.895850535959682448e+00
7.475174995930326531e+02 1.851647446884349346e+00
7.476802865049648972e+02 1.809707562410679982e+00
7.478430734168972549e+02 1.769832251436255222e+00
7.480058603288293853e+02 1.731847626756289449e+00
7.481686472407617430e+02 1.695604038960252025e+00
7.483314341526941007e+02 1.660984323679433716e+00
7.484942210646263447e+02 1.627941456845044765e+00
7.486570079765587025e+02 1.596350809897951528e+00
7.488197948884908328e+02 1.566093614548658808e+00
7.489825818004231905e+02 1.537038770567757728e+00
7.491453687123554346e+02 1.509217625121555217e+00
7.493081556242877923e+02 1.482484505657595264e+00
7.494709425362199227e+02 1.456780874391927938e+00
7.496337294481522804e+02 1.432082539285202127e+00
7.497965163600846381e+02 1.408277243345376295e+00
7.499593032720168821e+02 1.385336048853367474e+00
7.501220901839492399e+02 1.363281343970264015e+00
7.502848770958813702e+02 1.341975054266173695e+00
7.504476640078137279e+02 1.321419658627584370e+00
7.506104509197459720e+02 1.301563040788503711e+00
7.507732378316782160e+02 1.282341080006668133e+00
7.509360247436105738e+02 1.263771520658721892e+00
7.510988116555428178e+02 1.245838864865030038e+00
7.512615985674751755e+02 1.228450303363354701e+00
7.514189171769255609e+02 1.211951258153720623e+00
7.514243854794073059e+02 1.211591306924215461e+00
7.515871723913396636e+02 1.195263070647233805e+00
7.517499593032719076e+02 1.179419731923696313e+00
7.519127462152042654e+02 1.164075977659223105e+00
7.520755331271366231e+02 1.149188807493879638e+00
7.522383200390687534e+02 1.134697534509302219e+00
7.524011069510011112e+02 1.120633904396481695e+00
7.525638938629333552e+02 1.106967392925541915e+00
7.527266807748657129e+02 1.093676753760420173e+00
7.528894676867978433e+02 1.080774573013519868e+00
7.530522545987302010e+02 1.068169921586885618e+00
7.532150415106624450e+02 1.055933507659582160e+00
7.533778284225948028e+02 1.044002781444527850e+00
7.535406153345270468e+02 1.032399985360950234e+00
7.537034022464592908e+02 1.021074943848282679e+00
7.538661891583916486e+02 1.010052913224299465e+00
7.540289760703238926e+02 9.992884315544358076e-01
7.541917629822561366e+02 9.887820656242457540e-01
7.543545498941883807e+02 9.785536873435172200e-01
7.545173368061207384e+02 9.685362957396338457e-01
7.546801237180530961e+02 9.587894430878933782e-01
7.548429106299852265e+02 9.492446689059996778e-01
7.550056975419175842e+02 9.399276909861207230e-01
7.551684844538498282e+02 9.308088912466988551e-01
7.553312713657821860e+02 9.219233947577888388e-01
7.554940582777143163e+02 9.132205726570735704e-01
7.556568451896466740e+02 9.046944321542326195e-01
7.558196321015789181e+02 8.963585109897174164e-01
7.559824190135112758e+02 8.882245390013606690e-01
7.561452059254436335e+02 8.802478795819700386e-01
7.563079928373757639e+02 8.724237018491650675e-01
7.564707797493081216e+02 8.647820045282387236e-01
7.566335666612403656e+02 8.572819602537509187e-01
7.567963535731727234e+02 8.499523060476180669e-01
7.569591404851048537e+02 8.427545214050081723e-01
7.571219273970372114e+02 8.357005055772944724e-01
7.572847143089695692e+02 8.287855179572931608e-01
7.574475012209018132e+02 8.220199293903223126e-01
7.576102881328340573e+02 8.153692810912083200e-01
7.577730750447663013e+02 8.088447094891035860e-01
7.579358619566986590e+02 8.024422724486151015e-01
7.580986488686307894e+02 7.961717464502180430e-01
7.582614357805631471e+02 7.900021218528190392e-01
7.584242226924955048e+02 7.839567497246313632e-01
7.585870096044277489e+02 7.780188038625122093e-01
7.587497965163601066e+02 7.721851403363361177e-01
7.589125834282922369e+02 7.664527437758978934e-01
7.590753703402245947e+02 7.608187206545464765e-01
7.592381572521568387e+02 7.552918793314539192e-01
7.594009441640891964e+02 7.498574738853537314e-01
7.595637310760213268e+02 7.445129625488454694e-01
7.597265179879536845e+02 7.392667740491719597e-01
7.598893048998860422e+02 7.340945878153122273e-01
7.600520918118182863e+02 7.290261089113119208e-01
7.602148787237506440e+02 7.240272294679039877e-01
7.603776656356827743e+02 7.191165360678127838e-01
7.605404525476151321e+02 7.142816087473895514e-01
7.607032394595473761e+02 7.095301585410552780e-01
7.608660263714796201e+02 7.048503352937072197e-01
7.610288132834119779e+02 7.002496299306537608e-01
7.611916001953442219e+02 6.957167228745515519e-01
7.613543871072765796e+02 6.912588912442946265e-01
7.615171740192087100e+02 6.868653104249994312e-01
7.616799609311410677e+02 6.825344671377981953e-01
7.618427478430733117e+02 6.782733229967226052e-01
7.620055347550056695e+02 6.740800016917470883e-01
7.621683216669377998e+02 6.699445746037682170e-01
7.623311085788701575e+02 6.658737158260116251e-01
7.624938954908025153e+02 6.618657386299470202e-01
7.626566824027347593e+02 6.579113192498611262e-01
7.628194693146671170e+02 6.540168574347913211e-01
7.629822562265992474e+02 6.501733981924564532e-01
7.631450431385316051e+02 6.463871621998893424e-01
7.633078300504638491e+02 6.426567235600600947e-01
7.634706169623962069e+02 6.389736447779006401e-01
7.636334038743284509e+02 6.353508371511779051e-01
7.637961907862606949e+02 6.317730067387953286e-01
7.639589776981930527e+02 6.282392498035103134e-01
7.641217646101252967e+02 6.247619009256286660e-01
7.642845515220575408e+02 6.213264651537985239e-01
7.644473384339897848e+02 6.179385222675910505e-01
7.646101253459221425e+02 6.145969730514112550e-01
7.647729122578545002e+02 6.112945593079726070e-01
7.649356991697866306e+02 6.080427374682589869e-01
7.650984860817189883e+02 6.048282140824594588e-01
7.652612729936512324e+02 6.016562115566209679e-01
7.654240599055835901e+02 5.985257881419525638e-01
7.655868468175157204e+02 5.954360312671183042e-01
7.657496337294480782e+02 5.923860563827827441e-01
7.659124206413803222e+02 5.893694451227036168e-01
7.660752075533126799e+02 5.863965696641039171e-01
7.662379944652450376e+02 5.834555805796235450e-01
7.664007813771771680e+02 5.805565688427869464e-01
7.665635682891095257e+02 5.776880550436398476e-01
7.667263552010417698e+02 5.748598598232916856e-01
7.668891421129741275e+02 5.720608562188623791e-01
7.670519290249062578e+02 5.692955851075980345e-01
7.672147159368386156e+02 5.665683148539075731e-01
7.673775028487709733e+02 5.638684168361040028e-01
7.675402897607032173e+02 5.612050799032518578e-01
7.677030766726354614e+02 5.585679887172593228e-01
7.678658635845677054e+02 5.559660958547750775e-01
7.680286504965000631e+02 5.533893852812834524e-01
7.681914374084321935e+02 5.508465820035631788e-01
7.683542243203645512e+02 5.483324496119691416e-01
7.685170112322967952e+02 5.458420134773723786e-01
7.686797981442291530e+02 5.433836727712022530e-01
7.688425850561615107e+02 5.409524212000866861e-01
7.690053719680936410e+02 5.385520203823264129e-01
7.691681588800259988e+02 5.361734062971588166e-01
7.693309457919582428e+02 5.338204223105689206e-01
7.694937327038906005e+02 5.314967049562618895e-01
7.696565196158227309e+02 5.291976011394553536e-01
7.698193065277550886e+02 5.269226747907741482e-01
7.699820934396874463e+02 5.246715006836113471e-01
7.701448803516196904e+02 5.224436640886525041e-01
7.703076672635520481e+02 5.202426083687610170e-01
7.704704541754841784e+02 5.180639961871377208e-01
7.706332410874165362e+02 5.159074449554792441e-01
7.707960279993487802e+02 5.137725812435811612e-01
7.709588149112810243e+02 5.116590404982614970e-01
7.711216018232133820e+02 5.095700866749336422e-01
7.712843887351456260e+02 5.075016659482850523e-01
7.714471756470779837e+02 5.054534410954781842e-01
7.716099625590101141e+02 5.034285755431198162e-01
7.717727494709424718e+02 5.014231728055422721e-01
7.719355363828747159e+02 4.994369204369353832e-01
7.720983232948070736e+02 4.974695130403645194e-01
7.722611102067392039e+02 4.955239858555772203e-01
7.724238971186715617e+02 4.935966370401121406e-01
7.725866840306039194e+02 4.916904414869318618e-01
7.727494709425361634e+02 4.897985682756580417e-01
7.729122578544685211e+02 4.879272274834741685e-01
7.730750447664006515e+02 4.860760471795478321e-01
7.732378316783330092e+02 4.842415495286616633e-01
7.734006185902652533e+02 4.824234837858106251e-01
7.735634055021976110e+02 4.806246517471023938e-01
7.737261924141298550e+02 4.788416995339549453e-01
7.738889793260620991e+02 4.770743934648383755e-01
7.740517662379944568e+02 4.753254541275974687e-01
7.742145531499267008e+02 4.735916448196746953e-01
7.743773400618589449e+02 4.718756343724294644e-01
7.745401269737911889e+02 4.701742611669638694e-01
7.747029138857235466e+02 4.684873172829446819e-01
7.748657007976557907e+02 4.668173957747664971e-01
7.750284877095880347e+02 4.651642096960075246e-01
7.751912746215203924e+02 4.635220003855000104e-01
7.753540615334526365e+02 4.618987961150091692e-01
7.755168484453849942e+02 4.602888769745816511e-01
7.756796353573171245e+02 4.586920621392251429e-01
7.758424222692494823e+02 4.571108035049035179e-01
7.760052091811817263e+02 4.555422449260645434e-01
7.761679960931140840e+02 4.539887937029284393e-01
7.763307830050464418e+02 4.524476553861753736e-01
7.764935699169785721e+02 4.509211938487495686e-01
7.766563568289109298e+02 4.494066742544531312e-01
7.768191437408431739e+02 4.479064181792580812e-01
7.769819306527755316e+02 4.464177484140667285e-01
7.771447175647076619e+02 4.449429453314028282e-01
7.773075044766400197e+02 4.434817929505520118e-01
7.774702913885722637e+02 4.420316974767781182e-01
7.776330783005046214e+02 4.405925202013797892e-01
7.777958652124368655e+02 4.391687996949433792e-01
7.779586521243691095e+02 4.377533236342613931e-01
7.781214390363014672e+02 4.363529085473418223e-01
7.782842259482335976e+02 4.349627530241650386e-01
7.784470128601659553e+02 4.335827326563602702e-01
7.786097997720981994e+02 4.322149555851355629e-01
7.787725866840305571e+02 4.308592400842988779e-01
7.789353735959629148e+02 4.295132184089331950e-01
7.790981605078950452e+02 4.281789458167172824e-01
7.792609474198274029e+02 4.268562506983464289e-01
7.794237343317596469e+02 4.255428340324391989e-01
7.795865212436920046e+02 4.242407001410167244e-01
7.797493081556241350e+02 4.229496868092527118e-01
7.799120950675564927e+02 4.216675605994132936e-01
7.800748819794888504e+02 4.203962767545534884e-01
7.802376688914210945e+02 4.191336436709725555e-01
7.804004558033534522e+02 4.178815846044188209e-01
7.805632427152855826e+02 4.166399513090635054e-01
7.807260296272179403e+02 4.154085984403185217e-01
7.808888165391501843e+02 4.141854151171147636e-01
7.810516034510824284e+02 4.129722636287811999e-01
7.812143903630146724e+02 4.117670713479396616e-01
7.813771772749470301e+02 4.105735892611110383e-01
7.815399641868793879e+02 4.093878310693664924e-01
7.817027510988115182e+02 4.082097146630959128e-01
7.818655380107438759e+02 4.070429001145920433e-01
7.820283249226761200e+02 4.058835044184954111e-01
7.821911118346084777e+02 4.047332897524912876e-01
7.823538987465406080e+02 4.035903099282848183e-01
7.825166856584729658e+02 4.024581091815061518e-01
7.826794725704053235e+02 4.013329359583441280e-01
7.828422594823375675e+02 4.002164989055478350e-01
7.830050463942699253e+02 3.991069187062887824e-01
7.831678333062020556e+02 3.980058778863495017e-01
7.833306202181344133e+02 3.969150037308714629e-01
7.834934071300666574e+02 3.958289758997440844e-01
7.836561940419990151e+02 3.947529004038890510e-01
7.838189809539311455e+02 3.936832392086644927e-01
7.839817678658635032e+02 3.926232958561119424e-01
7.841445547777958609e+02 3.915695900594032275e-01
7.843073416897281049e+02 3.905220620043572399e-01
7.844701286016603490e+02 3.894839404447093534e-01
7.846329155135925930e+02 3.884518284626103934e-01
7.847957024255249507e+02 3.874289067145784693e-01
7.849584893374571948e+02 3.864118324071426080e-01
7.851212762493894388e+02 3.854005512293017799e-01
7.852840631613217965e+02 3.843981733078643548e-01
7.854468500732540406e+02 3.834030039863924322e-01
7.856096369851863983e+02 3.824133982216560423e-01
7.857724238971185287e+02 3.814308520188794960e-01
7.859352108090508864e+02 3.804552809323996643e-01
7.860979977209831304e+02 3.794866019284728886e-01
7.862607846329154881e+02 3.785232211294528581e-01
7.864235715448478459e+02 3.775680938145311027e-01
7.865863584567799762e+02 3.766181274382722766e-01
7.867491453687123339e+02 3.756762353551159062e-01
7.869119322806445780e+02 3.747393716156492971e-01
7.870747191925769357e+02 3.738089507574491321e-01
7.872375061045090661e+02 3.728834511492240544e-01
7.874002930164414238e+02 3.719657046699091918e-01
7.875630799283736678e+02 3.710541815573870639e-01
7.877258668403060256e+02 3.701473945135125843e-01
7.878886537522382696e+02 3.692481168969034000e-01
7.880514406641705136e+02 3.683534569546650927e-01
7.882142275761028714e+02 3.674647633618505216e-01
7.883770144880350017e+02 3.665819693590756656e-01
7.885398013999673594e+02 3.657050092316402878e-01
7.887025883118996035e+02 3.648338182885779712e-01
7.888653752238319612e+02 3.639683328422229081e-01
7.890281621357643189e+02 3.631084901882716820e-01
7.891909490476964493e+02 3.622528985099724985e-01
7.893537359596288070e+02 3.614041662393274179e-01
7.895165228715610510e+02 3.605595822448027787e-01
7.896793097834934088e+02 3.597217204671586122e-01
7.898420966954255391e+02 3.588879075124374318e-01
7.900048836073578968e+02 3.580593979108554481e-01
7.901676705192901409e+02 3.572374120792974894e-01
7.903304574312224986e+02 3.564193316598948669e-01
7.904932443431548563e+02 3.556063873483756299e-01
7.906560312550869867e+02 3.547985250131168167e-01
7.908188181670193444e+02 3.539956913207610856e-01
7.909816050789515884e+02 3.531978337211316710e-01
7.911443919908838325e+02 3.524049004324864010e-01
7.913071789028160765e+02 3.516168404271152736e-01
7.914699658147484342e+02 3.508336034172672147e-01
7.916327527266807920e+02 3.500551398413934701e-01
7.917955396386129223e+02 3.492814008507026391e-01
7.919583265505452800e+02 3.485123382960236826e-01
7.921211134624775241e+02 3.477479047149567015e-01
7.922839003744098818e+02 3.469880533193190342e-01
7.924466872863420122e+02 3.462327379828600837e-01
7.926094741982743699e+02 3.454819132292602513e-01
7.927722611102067276e+02 3.447355342203904383e-01
7.929350480221389716e+02 3.439935567448256237e-01
7.930978349340713294e+02 3.432559372066159575e-01
7.932606218460034597e+02 3.425226326142992717e-01
7.934234087579358174e+02 3.417936005701567859e-01
7.935861956698680615e+02 3.410676834757983555e-01
7.937489825818004192e+02 3.403470785068540283e-01
7.939117694937325496e+02 3.396317244364880361e-01
7.940745564056649073e+02 3.389193701194017083e-01
7.942373433175972650e+02 3.382110849078353021e-01
7.944001302295295091e+02 3.375068297534550843e-01
7.945629171414617531e+02 3.368065661326414828e-01
7.947257040533939971e+02 3.361102560374359949e-01
7.948884909653263549e+02 3.354178619666969841e-01
7.950512778772585989e+02 3.347304034215177748e-01
7.952140647891908429e+02 3.340457246064451047e-01
7.953768517011232007e+02 3.333658963534368302e-01
7.955396386130554447e+02 3.326887888952633210e-01
7.957024255249878024e+02 3.320164491610027024e-01
7.958652124369199328e+02 3.313467729058003908e-01
7.960279993488522905e+02 3.306817835926030846e-01
7.961907862607845345e+02 3.300204158597391246e-01
7.963535731727168923e+02 3.293626365613306906e-01
7.965163600846490226e+02 3.287074107942198342e-01
7.966791469965813803e+02 3.280567163745048420e-01
7.968419339085137381e+02 3.274105041465455446e-01
7.970047208204459821e+02 3.267667555222352194e-01
7.971675077323783398e+02 3.261264358395912222e-01
7.973302946443104702e+02 3.254895144003753238e-01
7.974930815562428279e+02 3.248569293357953525e-01
7.976558684681750719e+02 3.242267083757883750e-01
7.978186553801074297e+02 3.236007535075934860e-01
7.979814422920396737e+02 3.229780672371880268e-01
7.981442292039719177e+02 3.223586208735231828e-01
7.983070161159042755e+02 3.217423860784590639e-01
7.984698030278364058e+02 3.211293348611931053e-01
7.986325899397687635e+02 3.205194395727986034e-01
7.987953768517010076e+02 3.199126729008668346e-01
7.989581637636333653e+02 3.193099290763821707e-01
7.991209506755657230e+02 3.187093340008610998e-01
7.992837375874978534e+02 3.181126988410476475e-01
7.994465244994302111e+02 3.175190764963252144e-01
7.996093114113624551e+02 3.169284413873509898e-01
7.997720983232948129e+02 3.163407682391902176e-01
7.999348852352269432e+02 3.157560320766671369e-01
8.000976721471593009e+02 3.151750952527397898e-01
8.002604590590915450e+02 3.145961545957299266e-01
8.004232459710239027e+02 3.140209554398876168e-01
8.005860328829562604e+02 3.134485870499710836e-01
8.007488197948883908e+02 3.128790259995976597e-01
8.009116067068207485e+02 3.123122491341852602e-01
8.010743936187529926e+02 3.117482335669021776e-01
8.012371805306852366e+02 3.111878115688282986e-01
8.013999674426174806e+02 3.106300970123991312e-01
8.015627543545498384e+02 3.100742218328337296e-01
8.017255412664821961e+02 3.095218607780918507e-01
8.018883281784143264e+02 3.089729792731921165e-01
8.020511150903466842e+02 3.084258770019345230e-01
8.022139020022789282e+02 3.078813746574022847e-01
8.023766889142112859e+02 3.073402760962177793e-01
8.025394758261434163e+02 3.068017277749198191e-01
8.027022627380757740e+02 3.062657094774650091e-01
8.028650496500080180e+02 3.057322012125665567e-01
8.030278365619403758e+02 3.052019913487712954e-01
8.031906234738727335e+02 3.046742441155169123e-01
8.033534103858048638e+02 3.041481401772071491e-01
8.035161972977372216e+02 3.036252646708257896e-01
8.036789842096694656e+02 3.031055868561980948e-01
8.038417711216018233e+02 3.025874998446443365e-01
8.040045580335339537e+02 3.020725657428887101e-01
8.041673449454663114e+02 3.015599742466796851e-01
8.043301318573986691e+02 3.010497074282837415e-01
8.044929187693309132e+02 3.005417475524446158e-01
8.046557056812631572e+02 3.000368462837577632e-01
8.048184925931954012e+02 2.995334441189205221e-01
8.049812795051277590e+02 2.990330586429854609e-01
8.051440664170600030e+02 2.985356618786829674e-01
8.053068533289922470e+02 2.980397171861706163e-01
8.054696402409244911e+02 2.975467207193192021e-01
8.056324271528568488e+02 2.970551507107955236e-01
8.057952140647892065e+02 2.965672330315118899e-01
8.059580009767213369e+02 2.960807097267031951e-01
8.061207878886536946e+02 2.955970491171489023e-01
8.062835748005859386e+02 2.951147585458277489e-01
8.064463617125182964e+02 2.946352926981373743e-01
8.066091486244504267e+02 2.941586260381030549e-01
8.067719355363827844e+02 2.936832871530278277e-01
8.069347224483151422e+02 2.932107107462484930e-01
8.070975093602473862e+02 2.927401556455107579e-01
8.072602962721797439e+02 2.922723204170281086e-01
8.074230831841118743e+02 2.918057611553067643e-01
8.075858700960442320e+02 2.913418866051895595e-01
8.077486570079764761e+02 2.908799696131703083e-01
8.079114439199088338e+02 2.904206964374798083e-01
8.080742308318410778e+02 2.899626498196224977e-01
8.082370177437733219e+02 2.895072133226391786e-01
8.083998046557056796e+02 2.890536733663974234e-01
8.085625915676378099e+02 2.886027042571380208e-01
8.087253784795701677e+02 2.881535990765582422e-01
8.088881653915024117e+02 2.877063448609853968e-01
8.090509523034347694e+02 2.872609287733419170e-01
8.092137392153668998e+02 2.868180135146891074e-01
8.093765261272992575e+02 2.863769051018439371e-01
8.095393130392316152e+02 2.859375911311462515e-01
8.097020999511638593e+02 2.855000593185001989e-01
8.098648868630962170e+02 2.850649610882043938e-01
8.100276737750283473e+02 2.846316149944146390e-01
8.101904606869607051e+02 2.842006669773501915e-01
8.103532475988929491e+02 2.837707867877407586e-01
8.105160345108253068e+02 2.833432755879638498e-01
8.106788214227576645e+02 2.829181133889785427e-01
8.108416083346897949e+02 2.824939874108042814e-01
8.110043952466221526e+02 2.820721822440868665e-01
8.111671821585543967e+02 2.816520374806126270e-01
8.113299690704866407e+02 2.812341803688972464e-01
8.114927559824188847e+02 2.808179563333385587e-01
8.116555428943512425e+02 2.804033546329401383e-01
8.118183298062834865e+02 2.799903646259445100e-01
8.119811167182157305e+02 2.795796032778884443e-01
8.121439036301480883e+02 2.791704273552418902e-01
8.123066905420803323e+02 2.787634488178348247e-01
8.124694774540126900e+02 2.783580300043354550e-01
8.126322643659448204e+02 2.779541608548852794e-01
8.127950512778771781e+02 2.775518314007855980e-01
8.129578381898094221e+02 2.771516437392871901e-01
8.131206251017417799e+02 2.767529710501969720e-01
8.132834120136741376e+02 2.763564106276083510e-01
8.134461989256062679e+02 2.759613409792239791e-01
8.136089858375386257e+02 2.755677526734191529e-01
8.137717727494708697e+02 2.751756363624188184e-01
8.139345596614032274e+02 2.747855798748214395e-01
8.140973465733353578e+02 2.743975667663073326e-01
8.142601334852677155e+02 2.740103962223972012e-01
8.144229203972000732e+02 2.736252462514384143e-01
8.145857073091323173e+02 2.732415133248909389e-01
8.147484942210645613e+02 2.728597738335338807e-01
8.149112811329968054e+02 2.724794292377568650e-01
8.150740680449291631e+02 2.721010514703804950e-01
8.152368549568614071e+02 2.717234686987847203e-01
8.153996418687936512e+02 2.713484071588554980e-01
8.155624287807258952e+02 2.709741239124099921e-01
8.157252156926582529e+02 2.706017603113898273e-01
8.158880026045906106e+02 2.702307323055863075e-01
8.160507895165227410e+02 2.698615987541226890e-01
8.162135764284550987e+02 2.694937803165321499e-01
8.163763633403873428e+02 2.691278316244678503e-01
8.165391502523197005e+02 2.687626176420392365e-01
8.167019371642518308e+02 2.683998116663561251e-01
8.168647240761841886e+02 2.680377250393405353e-01
8.170275109881165463e+02 2.676774643928823694e-01
8.171902979000487903e+02 2.673190158344608824e-01
8.173530848119811481e+02 2.669612663143473563e-01
8.175158717239132784e+02 2.666058574682507176e-01
8.176786586358456361e+02 2.662511330800625409e-01
8.178414455477778802e+02 2.658981790107298182e-01
8.180042324597102379e+02 2.655469819579071022e-01
8.181670193716423682e+02 2.651969894370592162e-01
8.183298062835747260e+02 2.648481944959665269e-01
8.184925931955070837e+02 2.645005902388397057e-01
8.186553801074392140e+02 2.641547031084960917e-01
8.188181670193715718e+02 2.638105203598912207e-01
8.189809539313038158e+02 2.634675000518079124e-01
8.191437408432361735e+02 2.631256355777020772e-01
8.193065277551683039e+02 2.627854458058531129e-01
8.194693146671006616e+02 2.624463949412214614e-01
8.196321015790330193e+02 2.621089981360940069e-01
8.197948884909652634e+02 2.617727236366856336e-01
8.199576754028976211e+02 2.614375651611904328e-01
8.201204623148297514e+02 2.611040323562462406e-01
8.202832492267621092e+02 2.607721134208291769e-01
8.204460361386943532e+02 2.604407723709721845e-01
8.206088230506267109e+02 2.601115396364251930e-01
8.207716099625590687e+02 2.597828727876085875e-01
8.209343968744911990e+02 2.594557846867986406e-01
8.210971837864235567e+02 2.591302640086499687e-01
8.212599706983558008e+02 2.588057965103375269e-01
8.214227576102880448e+02 2.584828777020727331e-01
8.215855445222202889e+02 2.581604976278150110e-01
8.217483314341526466e+02 2.578401490700073517e-01
8.219111183460848906e+02 2.575208240015955385e-01
8.220739052580171347e+02 2.572025169210360729e-01
8.222366921699494924e+02 2.568857148362257981e-01
8.223994790818817364e+02 2.565699164127253629e-01
8.225622659938140941e+02 2.562556053364710151e-01
8.227250529057462245e+02 2.559422838585230231e-01
8.228878398176785822e+02 2.556304323836018355e-01
8.230506267296108263e+02 2.553195567014207579e-01
8.232134136415431840e+02 2.550096516755031573e-01
8.233762005534755417e+02 2.547016734883534861e-01
8.235389874654076721e+02 2.543941702060168453e-01
8.237017743773400298e+02 2.540880964871037873e-01
8.238645612892722738e+02 2.537834424856872939e-01
8.240273482012046316e+02 2.534797243377565068e-01
8.241901351131367619e+02 2.531769372075473590e-01
8.243529220250691196e+02 2.528755472014224126e-01
8.245157089370013637e+02 2.525755447878268445e-01
8.246784958489337214e+02 2.522764527820275382e-01
8.248412827608659654e+02 2.519787327143919731e-01
8.250040696727982095e+02 2.516819106749553780e-01
8.251668565847305672e+02 2.513859821077412682e-01
8.253296434966628112e+02 2.510914040195001973e-01
8.254924304085950553e+02 2.507981673257485000e-01
8.256552173205272993e+02 2.505058045457787541e-01
8.258180042324596570e+02 2.502143112993841512e-01
8.259807911443920148e+02 2.499241387039389251e-01
8.261435780563241451e+02 2.496352779577205860e-01
8.263063649682565028e+02 2.493472678498151462e-01
8.264691518801887469e+02 2.490605551848045773e-01
8.266319387921211046e+02 2.487746818272424110e-01
8.267947257040532349e+02 2.484900917400965359e-01
8.269575126159855927e+02 2.482063298255897943e-01
8.271202995279179504e+02 2.479238372379621025e-01
8.272830864398501944e+02 2.476421618799533875e-01
8.274458733517825522e+02 2.473617421294417862e-01
8.276086602637146825e+02 2.470821288531643289e-01
8.277714471756470402e+02 2.468037576844939462e-01
8.279342340875792843e+02 2.465266205556605750e-01
8.280970209995116420e+02 2.462502727233296662e-01
8.282598079114437724e+02 2.459751457774191630e-01
8.284225948233761301e+02 2.457007978472321164e-01
8.285853817353084878e+02 2.454272252245545405e-01
8.287481686472406182e+02 2.451552867768302946e-01
8.289109555591729759e+02 2.448836809655005609e-01
8.290737424711052199e+02 2.446136939830442225e-01
8.292365293830375776e+02 2.443444597275863106e-01
8.293993162949697080e+02 2.440759746715368550e-01
8.295621032069020657e+02 2.438086599242006436e-01
8.297248901188344234e+02 2.435425080731141723e-01
8.298876770307666675e+02 2.432770897675379240e-01
8.300504639426990252e+02 2.430128223201254711e-01
8.302132508546311556e+02 2.427492790681549384e-01
8.303760377665635133e+02 2.424868748214674408e-01
8.305388246784957573e+02 2.422256024491380444e-01
8.307016115904281151e+02 2.419650392715662901e-01
8.308643985023602454e+02 2.417055964090084885e-01
8.310271854142926031e+02 2.414468537900546774e-01
8.311899723262249609e+02 2.411892201024526394e-01
8.313527592381572049e+02 2.409322778529782161e-01
8.315155461500894489e+02 2.406764333234215625e-01
8.316783330620216930e+02 2.404216797491296465e-01
8.318411199739540507e+02 2.401676034580199348e-01
8.320039068858862947e+02 2.399146071841908590e-01
8.321666937978185388e+02 2.396626843190531597e-01
8.323294807097508965e+02 2.394114249429581953e-01
8.324922676216831405e+02 2.391608261203899133e-01
8.326550545336154983e+02 2.389116869362822304e-01
8.328178414455476286e+02 2.386631977910618763e-01
8.329806283574799863e+02 2.384153558358581004e-01
8.331434152694122304e+02 2.381685557423829092e-01
8.333062021813445881e+02 2.379227912336548956e-01
8.334689890932769458e+02 2.376780560877111148e-01
8.336317760052090762e+02 2.374339500688803506e-01
8.337945629171414339e+02 2.371904704611336456e-01
8.339573498290736779e+02 2.369483981747825263e-01
8.341201367410060357e+02 2.367069424271072420e-01
8.342829236529381660e+02 2.364661005813133710e-01
8.344457105648705237e+02 2.362266469422212578e-01
8.346084974768027678e+02 2.359877975651374082e-01
8.347712843887351255e+02 2.357495498898545261e-01
8.349340713006673695e+02 2.355122865476968474e-01
8.350968582125996136e+02 2.352760017542066262e-01
8.352596451245319713e+02 2.350406897745593859e-01
8.354224320364642153e+02 2.348059629752185518e-01
8.355852189483964594e+02 2.345721997943930326e-01
8.357480058603287034e+02 2.343390148003140216e-01
8.359107927722610611e+02 2.341067843598702014e-01
8.360735796841934189e+02 2.338755029395842011e-01
8.362363665961255492e+02 2.336451650529141888e-01
8.363991535080579069e+02 2.334153896143760787e-01
8.365619404199901510e+02 2.331865489327999419e-01
8.367247273319225087e+02 2.329582640503344293e-01
8.368875142438546391e+02 2.327312778419996508e-01
8.370503011557869968e+02 2.325044672981100291e-01
8.372130880677192408e+02 2.322789448797339673e-01
8.373758749796515986e+02 2.320539632586227363e-01
8.375386618915839563e+02 2.318298888099387112e-01
8.377014488035160866e+02 2.316067163938876072e-01
8.378642357154484444e+02 2.313840743371915476e-01
8.380270226273806884e+02 2.311623261198771373e-01
8.381898095393130461e+02 2.309414667113430242e-01
8.383525964512451765e+02 2.307214911226172505e-01
8.385153833631775342e+02 2.305020317168358923e-01
8.386781702751098919e+02 2.302834481913661469e-01
8.388409571870420223e+02 2.300657356622778926e-01
8.390037440989743800e+02 2.298485294569476145e-01
8.391665310109066240e+02 2.296321864846816718e-01
8.393293179228389818e+02 2.294167019637289306e-01
8.394921048347711121e+02 2.292017141371927580e-01
8.396548917467034698e+02 2.289879332558583114e-01
8.398176786586357139e+02 2.287746415427266145e-01
8.399804655705680716e+02 2.285618371215668299e-01
8.401432524825004293e+02 2.283502247896279091e-01
8.403060393944325597e+02 2.281390923880383392e-01
8.404688263063649174e+02 2.279287896142551395e-01
8.406316132182971614e+02 2.277193119563276913e-01
8.407944001302295192e+02 2.275103052064751386e-01
8.409571870421616495e+02 2.273021164326264887e-01
8.411199739540940072e+02 2.270947412150088052e-01
8.412827608660263650e+02 2.268881751692337911e-01
8.414455477779586090e+02 2.266820677387773875e-01
8.416083346898908530e+02 2.264771078912182212e-01
8.417711216018230971e+02 2.262725997913866693e-01
8.419339085137554548e+02 2.260688853849628643e-01
8.420966954256876988e+02 2.258656176853783559e-01
8.422594823376199429e+02 2.256631369580980595e-01
8.424222692495523006e+02 2.254617800885815870e-01
8.425850561614845446e+02 2.252608599697884795e-01
8.427478430734169024e+02 2.250603750155593386e-01
8.429106299853490327e+02 2.248610007464443561e-01
8.430734168972813904e+02 2.246620551732064208e-01
8.432362038092136345e+02 2.244638736506129884e-01
8.433989907211459922e+02 2.242664521814790868e-01
8.435617776330781226e+02 2.240697867998186488e-01
8.437245645450104803e+02 2.238735391156391197e-01
8.438873514569428380e+02 2.236780412909497306e-01
8.440501383688750821e+02 2.234836222840002329e-01
8.442129252808074398e+02 2.232892796980455730e-01
8.443757121927395701e+02 2.230960082438847303e-01
8.445384991046719279e+02 2.229034712767414828e-01
8.447012860166041719e+02 2.227113353452158384e-01
8.448640729285365296e+02 2.225199279516719697e-01
8.450268598404687737e+02 2.223292453713203720e-01
8.451896467524010177e+02 2.221392839079374126e-01
8.453524336643333754e+02 2.219500398935923269e-01
8.455152205762656195e+02 2.217615096883757408e-01
8.456780074881978635e+02 2.215733646197004247e-01
8.458407944001301075e+02 2.213859276746676097e-01
8.460035813120624653e+02 2.211991952831021679e-01
8.461663682239945956e+02 2.210131639019256300e-01
8.463291551359269533e+02 2.208278300148976692e-01
8.464919420478593111e+02 2.206431901323649136e-01
8.466547289597915551e+02 2.204589202075230292e-01
8.468175158717239128e+02 2.202756587014754186e-01
8.469803027836560432e+02 2.200927617605805131e-01
8.471430896955884009e+02 2.199105465703859730e-01
8.473058766075206449e+02 2.197290097584300439e-01
8.474686635194530027e+02 2.195481479774916422e-01
8.476314504313853604e+02 2.193679579053576523e-01
8.477942373433174907e+02 2.191881207063805237e-01
8.479570242552498485e+02 2.190092648889385984e-01
8.481198111671820925e+02 2.188310709575027324e-01
8.482825980791144502e+02 2.186532222537971581e-01
8.484453849910465806e+02 2.184760303990392893e-01
8.486081719029789383e+02 2.182994922048522024e-01
8.487709588149112960e+02 2.181236045064035567e-01
8.489337457268434264e+02 2.179483641621871581e-01
8.490965326387757841e+02 2.177737680538114617e-01
8.492593195507080281e+02 2.175998130857900170e-01
8.494221064626403859e+02 2.174264961853332734e-01
8.495848933745725162e+02 2.172538143021416623e-01
8.497476802865048739e+02 2.170814570928404075e-01
8.499104671984371180e+02 2.169100368434657422e-01
8.500732541103694757e+02 2.167389365947176294e-01
8.502360410223018334e+02 2.165687660284751070e-01
8.503988279342339638e+02 2.163989108621551249e-01
8.505616148461663215e+02 2.162296741607188377e-01
8.507244017580985656e+02 2.160610530152670961e-01
8.508871886700309233e+02 2.158933472923118546e-01
8.510499755819630536e+02 2.157259479780817280e-01
8.512127624938954114e+02 2.155591556219442761e-01
8.513755494058277691e+02 2.153929673979381454e-01
8.515383363177600131e+02 2.152273805003845353e-01
8.517011232296922572e+02 2.150623921437083419e-01
8.518639101416245012e+02 2.148979995622621042e-01
8.520266970535568589e+02 2.147342000101483683e-01
8.521894839654891030e+02 2.145709907610491018e-01
8.523522708774213470e+02 2.144083691080530540e-01
8.525150577893535910e+02 2.142463323634872241e-01
8.526778447012859488e+02 2.140848778587478574e-01
8.528406316132183065e+02 2.139240029441361046e-01
8.530034185251504368e+02 2.137637049886933205e-01
8.531662054370827946e+02 2.136039813800381937e-01
8.533289923490150386e+02 2.134448295242077631e-01
8.534917792609473963e+02 2.132862468454972960e-01
8.536545661728795267e+02 2.131282307863033298e-01
8.538173530848118844e+02 2.129707788069686303e-01
8.539801399967442421e+02 2.128138883856289798e-01
8.541429269086764862e+02 2.126575570180598007e-01
8.543057138206088439e+02 2.125017822175271354e-01
8.544685007325409742e+02 2.123465615146371555e-01
8.546312876444733320e+02 2.121921813717654870e-01
8.547940745564055760e+02 2.120380609603467748e-01
8.549568614683379337e+02 2.118844873439333365e-01
8.551196483802701778e+02 2.117314581210191504e-01
8.552824352922024218e+02 2.115792575832256273e-01
8.554452222041347795e+02 2.114273094566068989e-01
8.556080091160670236e+02 2.112761841966402654e-01
8.557707960279992676e+02 2.111255927995631665e-01
8.559335829399315116e+02 2.109752484666517769e-01
8.560963698518638694e+02 2.108257184172746268e-01
8.562591567637959997e+02 2.106767153416722049e-01
8.564219436757283574e+02 2.105282369758069427e-01
8.565847305876607152e+02 2.103802810711156712e-01
8.567475174995929592e+02 2.102328453943815012e-01
8.569103044115253169e+02 2.100859277276067583e-01
8.570730913234574473e+02 2.099395258678882215e-01
8.572358782353898050e+02 2.097939178739466615e-01
8.573986651473220491e+02 2.096485405615854114e-01
8.575614520592544068e+02 2.095039517545305430e-01
8.577242389711867645e+02 2.093598690703500909e-01
8.578870258831188949e+02 2.092162903876893520e-01
8.580498127950512526e+02 2.090732135995007068e-01
8.582125997069834966e+02 2.089306366129271841e-01
8.583753866189158543e+02 2.087885573491881364e-01
8.585381735308479847e+02 2.086472499314042106e-01
8.587009604427803424e+02 2.085061594370773430e-01
8.588637473547125865e+02 2.083658357154940799e-01
8.590265342666448305e+02 2.082260005626979660e-01
8.591893211785771882e+02 2.080866519761319922e-01
8.593521080905094323e+02 2.079477879665934670e-01
8.595148950024417900e+02 2.078094065581260474e-01
8.596776819143739203e+02 2.076717785674960515e-01
8.598404688263062781e+02 2.075343560087791750e-01
8.600032557382385221e+02 2.073976820333558735e-01
8.601660426501708798e+02 2.072614819448974632e-01
8.603288295621032375e+02 2.071257538393298514e-01
8.604916164740353679e+02 2.069907662498545742e-01
8.606544033859677256e+02 2.068559759842602819e-01
8.608171902978999697e+02 2.067219215673912203e-01
8.609799772098323274e+02 2.065883307272298741e-01
8.611427641217644577e+02 2.064554702168326095e-01
8.613055510336968155e+02 2.063228005832813405e-01
8.614683379456291732e+02 2.061908567443215545e-01
8.616311248575614172e+02 2.060591010816880397e-01
8.617939117694936613e+02 2.059283335272392712e-01
8.619566986814259053e+02 2.057977505992029943e-01
8.621194855933582630e+02 2.056676177775100811e-01
8.622822725052905071e+02 2.055381987870008031e-01
8.624450594172227511e+02 2.054092255503125464e-01
8.626078463291549951e+02 2.052806963505250382e-01
8.627706332410873529e+02 2.051528736549474707e-01
8.629334201530197106e+02 2.050254907395883397e-01
8.630962070649518409e+02 2.048985459271739640e-01
8.632589939768841987e+02 2.047720375512702973e-01
8.634217808888164427e+02 2.046459639562008825e-01
8.635845678007488004e+02 2.045205855550404073e-01
8.637473547126809308e+02 2.043956378227345938e-01
8.639101416246132885e+02 2.042713803714985010e-01
8.640729285365456462e+02 2.041472887229765776e-01
8.642357154484778903e+02 2.040238833335872304e-01
8.643985023604102480e+02 2.039011613977010640e-01
8.645612892723423784e+02 2.037786009314414282e-01
8.647240761842747361e+02 2.036567199846547327e-01
8.648868630962069801e+02 2.035352570084618673e-01
8.650496500081393378e+02 2.034144688724712213e-01
8.652124369200714682e+02 2.032938368489294878e-01
8.653752238320038259e+02 2.031738758408664081e-01
8.655380107439361836e+02 2.030545831727293971e-01
8.657007976558684277e+02 2.029354425110119764e-01
8.658635845678006717e+02 2.028172229033887441e-01
8.660263714797329158e+02 2.026991523625472080e-01
8.661891583916652735e+02 2.025817419655994711e-01
8.663519453035974038e+02 2.024647338160488752e-01
8.665147322155297616e+02 2.023481264821205272e-01
8.666775191274621193e+02 2.022321731052673099e-01
8.668403060393943633e+02 2.021166169634218135e-01
8.670030929513267210e+02 2.020017104813882081e-01
8.671658798632588514e+02 2.018869442529118152e-01
8.673286667751912091e+02 2.017730772736475719e-01
8.674914536871234532e+02 2.016593478043922638e-01
8.676542405990558109e+02 2.015462603125746099e-01
8.678170275109879412e+02 2.014335603610005465e-01
8.679798144229202990e+02 2.013214982683062815e-01
8.681426013348526567e+02 2.012098203428049070e-01
8.683053882467849007e+02 2.010987762204575480e-01
8.684681751587172585e+02 2.009881129453714721e-01
8.686309620706493888e+02 2.008778292248528385e-01
8.687937489825817465e+02 2.007681736833634156e-01
8.689565358945139906e+02 2.006588944483894688e-01
8.691193228064462346e+02 2.005499902565057169e-01
8.692821097183785923e+02 2.004417087387056484e-01
8.694448966303108364e+02 2.003340476370740475e-01
8.696076835422431941e+02 2.002267564968949198e-01
8.697704704541753244e+02 2.001198340960857192e-01
8.699332573661076822e+02 2.000135267750123569e-01
8.700960442780399262e+02 1.999075851149555716e-01
8.702588311899722839e+02 1.998020079214777867e-01
8.704216181019046417e+02 1.996970405844690766e-01
8.705844050138367720e+02 1.995926809582443118e-01
8.707471919257691297e+02 1.994886809797130067e-01
8.709099788377013738e+02 1.993850394935588466e-01
8.710727657496337315e+02 1.992820006552457890e-01
8.712355526615658619e+02 1.991793173920324012e-01
8.713983395734982196e+02 1.990772332538514044e-01
8.715611264854304636e+02 1.989755018196634195e-01
8.717239133973628213e+02 1.988743660418929304e-01
8.718867003092950654e+02 1.987735801425025428e-01
8.720494872212273094e+02 1.986733864843551189e-01
8.722122741331596671e+02 1.985735399238058863e-01
8.723750610450919112e+02 1.984742822420295372e-01
8.725378479570241552e+02 1.983753689212481575e-01
8.727006348689563993e+02 1.982770411687527212e-01
8.728634217808887570e+02 1.981790550841949217e-01
8.730262086928211147e+02 1.980816513087126085e-01
8.731889956047532451e+02 1.979845865510343750e-01
8.733517825166856028e+02 1.978881008938074282e-01
8.735145694286178468e+02 1.977919516465644900e-01
8.736773563405502045e+02 1.976963783410581044e-01
8.738401432524823349e+02 1.976011388794351176e-01
8.740029301644146926e+02 1.975064722500816938e-01
8.741657170763469367e+02 1.974121369396474035e-01
8.743285039882792944e+02 1.973183714006148115e-01
8.744912909002116521e+02 1.972251738471288707e-01
8.746540778121437825e+02 1.971323036299265641e-01
8.748168647240761402e+02 1.970397598042656351e-01
8.749796516360083842e+02 1.969477797739098424e-01
8.751424385479407420e+02 1.968563618077509014e-01
8.753052254598728723e+02 1.967652663767893439e-01
8.754680123718052300e+02 1.966747301203957410e-01
8.756307992837375878e+02 1.965845140575326611e-01
8.757935861956698318e+02 1.964948543253884350e-01
8.759563731076020758e+02 1.964057492628848156e-01
8.761191600195343199e+02 1.963169606987910376e-01
8.762819469314666776e+02 1.962284877599923261e-01
8.764447338433988079e+02 1.961405656015516863e-01
8.766075207553311657e+02 1.960531926141532155e-01
8.767703076672635234e+02 1.959663672046356997e-01
8.769330945791957674e+02 1.958798525105642507e-01
8.770958814911281252e+02 1.957936476974925233e-01
8.772586684030602555e+02 1.957079867364549253e-01
8.774214553149926132e+02 1.956228680844864509e-01
8.775842422269248573e+02 1.955382902143328328e-01
8.777470291388572150e+02 1.954540175235322530e-01
8.779098160507893454e+02 1.953700492149267609e-01
8.780726029627217031e+02 1.952866181206084906e-01
8.782353898746540608e+02 1.952037227620375126e-01
8.783981767865863048e+02 1.951213616759651381e-01
8.785609636985186626e+02 1.950393004721388823e-01
8.787237506104507929e+02 1.949575383893888125e-01
8.788865375223831506e+02 1.948765396597462729e-01
8.790493244343153947e+02 1.947958376574321637e-01
8.792121113462476387e+02 1.947154316430105558e-01
8.793748982581799964e+02 1.946355527193856794e-01
8.795376851701122405e+02 1.945561995086292906e-01
8.797004720820445982e+02 1.944773706474719477e-01
8.798632589939767286e+02 1.943988335883247986e-01
8.800260459059090863e+02 1.943205876257881326e-01
8.801888328178413303e+02 1.942430936179791456e-01
8.803516197297736881e+02 1.941658884806138352e-01
8.805144066417058184e+02 1.940889715288820205e-01
8.806771935536381761e+02 1.940128024141779817e-01
8.808399804655705339e+02 1.939369193211699927e-01
8.810027673775027779e+02 1.938613215852268978e-01
8.811655542894351356e+02 1.937864676825196697e-01
8.813283412013672660e+02 1.937118970341325797e-01
8.814911281132996237e+02 1.936376089952176194e-01
8.816539150252318677e+02 1.935638319110760952e-01
8.818167019371642255e+02 1.934905645711565980e-01
8.819794888490964695e+02 1.934178057785821969e-01
8.821422757610287135e+02 1.933453259295019322e-01
8.823050626729610713e+02 1.932733526444542493e-01
8.824678495848933153e+02 1.932018847611131351e-01
8.826306364968255593e+02 1.931306932607748383e-01
8.827934234087578034e+02 1.930600052371276576e-01
8.829562103206901611e+02 1.929895920513755303e-01
8.831189972326225188e+02 1.929199077856893207e-01
8.832817841445546492e+02 1.928504964902859886e-01
8.834445710564870069e+02 1.927813575957886272e-01
8.836073579684192509e+02 1.927129441619982730e-01
8.837701448803516087e+02 1.926448013180409868e-01
8.839329317922837390e+02 1.925769285125581431e-01
8.840957187042160967e+02 1.925097778126908799e-01
8.842585056161483408e+02 1.924428953959345101e-01
8.844212925280806985e+02 1.923762807286341914e-01
8.845840794400130562e+02 1.923103849147164424e-01
8.847468663519451866e+02 1.922447551498018270e-01
8.849096532638775443e+02 1.921796164165550658e-01
8.850724401758097883e+02 1.921147423881278404e-01
8.852352270877421461e+02 1.920503577450585475e-01
8.853980139996742764e+02 1.919864615222870441e-01
8.855608009116066341e+02 1.919230527671641484e-01
8.857235878235389919e+02 1.918599058074560992e-01
8.858863747354712359e+02 1.917972447433489713e-01
8.860491616474034799e+02 1.917348442175803858e-01
8.862119485593357240e+02 1.916731523373683410e-01
8.863747354712680817e+02 1.916117194758784614e-01
8.865375223832002121e+02 1.915505451738327980e-01
8.867003092951325698e+02 1.914900767017527483e-01
8.868630962070648138e+02 1.914298653212627155e-01
8.870258831189971716e+02 1.913699105892990582e-01
8.871886700309295293e+02 1.913106589678775782e-01
8.873514569428616596e+02 1.912516625782496871e-01
8.875142438547940174e+02 1.911931441778672580e-01
8.876770307667262614e+02 1.911348798946002625e-01
8.878398176786586191e+02 1.910770922343533185e-01
8.880026045905907495e+02 1.910197803969101715e-01
8.881653915025231072e+02 1.909629435937515995e-01
8.883281784144554649e+02 1.909063585023819398e-01
8.884909653263877090e+02 1.908502471485910013e-01
8.886537522383200667e+02 1.907946087732054763e-01
8.888165391502521970e+02 1.907392204477825481e-01
8.889793260621845548e+02 1.906843038532079204e-01
8.891421129741167988e+02 1.906298582593536073e-01
8.893048998860490428e+02 1.905756611177528148e-01
8.894676867979814006e+02 1.905219337779393562e-01
8.896304737099136446e+02 1.904686755385431585e-01
8.897932606218460023e+02 1.904156642170989067e-01
8.899560475337781327e+02 1.903631208452603585e-01
8.901188344457104904e+02 1.903110447501437652e-01
8.902816213576427344e+02 1.902594352700976710e-01
8.904444082695750922e+02 1.902080706900170504e-01
8.906071951815072225e+02 1.901571716406215973e-01
8.907699820934395802e+02 1.901065166290510644e-01
8.909327690053719380e+02 1.900563260921868669e-01
8.910955559173041820e+02 1.900065994133487424e-01
8.912583428292365397e+02 1.899573359869064781e-01
8.914211297411686701e+02 1.899083147507533709e-01
8.915839166531010278e+02 1.898597557762476129e-01
8.917467035650332718e+02 1.898114382053630034e-01
8.919094904769656296e+02 1.897635819332650076e-01
8.920722773888978736e+02 1.897161863985442065e-01
8.922350643008301176e+02 1.896692510506788332e-01
8.923978512127624754e+02 1.896225554262425395e-01
8.925606381246947194e+02 1.895760992523730093e-01
8.927234250366269634e+02 1.895303217645404048e-01
8.928862119485592075e+02 1.894847828560022873e-01
8.930489988604915652e+02 1.894397018573784619e-01
8.932117857724238092e+02 1.893948587620645496e-01
8.933745726843560533e+02 1.893504727506707397e-01
8.935373595962884110e+02 1.893065433431693756e-01
8.937001465082206551e+02 1.892628507903406643e-01
8.938629334201530128e+02 1.892196140603737142e-01
8.940257203320851431e+02 1.891768327000113714e-01
8.941885072440175009e+02 1.891342872041756884e-01
8.943512941559497449e+02 1.890921963415818363e-01
8.945140810678821026e+02 1.890503407614232134e-01
8.946768679798144603e+02 1.890089391048795919e-01
8.948396548917465907e+02 1.889679909612424213e-01
8.950024418036789484e+02 1.889272772027626168e-01
8.951652287156111925e+02 1.888870162918008244e-01
8.953280156275435502e+02 1.888472078440291135e-01
8.954908025394756805e+02 1.888076329416672472e-01
8.956535894514080383e+02 1.887685098811083539e-01
8.958163763633402823e+02 1.887296198761503063e-01
8.959791632752726400e+02 1.886911811179515785e-01
8.961419501872048841e+02 1.886531932641629383e-01
8.963047370991371281e+02 1.886154377176951780e-01
8.964675240110694858e+02 1.885781325242533724e-01
8.966303109230016162e+02 1.885410592044714506e-01
8.967930978349339739e+02 1.885044357124783243e-01
8.969558847468662179e+02 1.884680436814485660e-01
8.971186716587985757e+02 1.884323189988972580e-01
8.972814585707309334e+02 1.883966073202150981e-01
8.974442454826630637e+02 1.883613444987335961e-01
8.976070323945954215e+02 1.883265302649328454e-01
8.977698193065276655e+02 1.882921643596102423e-01
8.979326062184600232e+02 1.882578109155752799e-01
8.980953931303921536e+02 1.882241232337936998e-01
8.982581800423245113e+02 1.881906654986441330e-01
8.984209669542568690e+02 1.881576552906370214e-01
8.985837538661891131e+02 1.881248747274550659e-01
8.987465407781214708e+02 1.880923236994828107e-01
8.989093276900536011e+02 1.880602196978939933e-01
8.990721146019859589e+02 1.880285625253651505e-01
8.992349015139182029e+02 1.879971344552154866e-01
8.993976884258504469e+02 1.879661529045652257e-01
8.995604753377826910e+02 1.879354002164534687e-01
8.997232622497150487e+02 1.879050937639949181e-01
8.998860491616474064e+02 1.878752333909304573e-01
9.000488360735795368e+02 1.878453841231854105e-01
9.002116229855118945e+02 1.878161981281587789e-01
9.003744098974441386e+02 1.877870230942129126e-01
9.005371968093764963e+02 1.877585110717675532e-01
9.006999837213086266e+02 1.877302272171914865e-01
9.008627706332409844e+02 1.877021714725443380e-01
9.010255575451733421e+02 1.876745610866354941e-01
9.011883444571055861e+02 1.876471786737071434e-01
9.013511313690379438e+02 1.876202414640041338e-01
9.015139182809700742e+02 1.875935321108913312e-01
9.016767051929024319e+02 1.875670505744845007e-01
9.018394921048346760e+02 1.875410140643976598e-01
9.020022790167670337e+02 1.875154225217692261e-01
9.021650659286991640e+02 1.874900586637856248e-01
9.023278528406315218e+02 1.874649224660387969e-01
9.024906397525638795e+02 1.874402311307394875e-01
9.026534266644961235e+02 1.874157674078841818e-01
9.028162135764283676e+02 1.873917485032129682e-01
9.029790004883606116e+02 1.873679571837915669e-01
9.031417874002929693e+02 1.873446106639984621e-01
9.033045743122252134e+02 1.873214917228794851e-01
9.034673612241574574e+02 1.872986003618913597e-01
9.036301481360898151e+02 1.872761538156225980e-01
9.037929350480220592e+02 1.872539348704741202e-01
9.039557219599544169e+02 1.872321607816226086e-01
9.041185088718865472e+02 1.872103970841225706e-01
9.042812957838189050e+02 1.871892955519399437e-01
9.044440826957511490e+02 1.871684217240830173e-01
9.046068696076835067e+02 1.871477756280034987e-01
9.047696565196158645e+02 1.871273572937776630e-01
9.049324434315479948e+02 1.871073840631857499e-01
9.050952303434803525e+02 1.870876386915375778e-01
9.052580172554125966e+02 1.870681212193798792e-01
9.054208041673449543e+02 1.870490490472519751e-01
9.055835910792770846e+02 1.870302048995375055e-01
9.057463779912094424e+02 1.870118062231166112e-01
9.059091649031416864e+02 1.869936357169300623e-01
9.060719518150740441e+02 1.869756934399291470e-01
9.062347387270062882e+02 1.869579794537235551e-01
9.063975256389385322e+02 1.869407113082614813e-01
9.065603125508708899e+02 1.869236716344850613e-01
9.067230994628030203e+02 1.869070780425271805e-01
9.068858863747353780e+02 1.868904955584332339e-01
9.070486732866676221e+02 1.868743593652036350e-01
9.072114601985999798e+02 1.868586696318651208e-01
9.073742471105323375e+02 1.868429912262699055e-01
9.075370340224644679e+02 1.868277595178978456e-01
9.076998209343968256e+02 1.868127569762401408e-01
9.078626078463290696e+02 1.867982014521625544e-01
9.080253947582614273e+02 1.867836575703150370e-01
9.081881816701935577e+02 1.867695609789920552e-01
9.083509685821259154e+02 1.867556940306889235e-01
9.085137554940581595e+02 1.867420568352136934e-01
9.086765424059905172e+02 1.867288674467960652e-01
9.088393293179228749e+02 1.867159081200171211e-01
9.090021162298550053e+02 1.867031789755629334e-01
9.091649031417873630e+02 1.866906801368782565e-01
9.093276900537196070e+02 1.866786298416742984e-01
9.094904769656518511e+02 1.866665920403766110e-01
9.096532638775840951e+02 1.866550031348330474e-01
9.098160507895164528e+02 1.866436451507414440e-01
9.099788377014488105e+02 1.866325182280957340e-01
9.101416246133809409e+02 1.866218408566501230e-01
9.103044115253132986e+02 1.866111765378439258e-01
9.104671984372455427e+02 1.866009621664248830e-01
9.106299853491779004e+02 1.865909795493437551e-01
9.107927722611100307e+02 1.865812288433439381e-01
9.109555591730423885e+02 1.865717102080042544e-01
9.111183460849747462e+02 1.865626424699242669e-01
9.112811329969069902e+02 1.865535885220394041e-01
9.114439199088393480e+02 1.865449859195221771e-01
9.116067068207714783e+02 1.865366161719043125e-01
9.117694937327038360e+02 1.865284794557714176e-01
9.119322806446360801e+02 1.865205759505942640e-01
9.120950675565684378e+02 1.865129058387350880e-01
9.122578544685005681e+02 1.865054693054555568e-01
9.124206413804329259e+02 1.864984856835692761e-01
9.125834282923652836e+02 1.864915169390348182e-01
9.127462152042975276e+02 1.864850016220087336e-01
9.129090021162297717e+02 1.864785014459307000e-01
9.130717890281620157e+02 1.864724552288865855e-01
9.132345759400943734e+02 1.864666439017211574e-01
9.133973628520266175e+02 1.864610676729937799e-01
9.135601497639588615e+02 1.864555071368031447e-01
9.137229366758912192e+02 1.864504016710374634e-01
9.138857235878234633e+02 1.864455319463219352e-01
9.140485104997558210e+02 1.864408981831538192e-01
9.142112974116879514e+02 1.864367205140047834e-01
9.143740843236203091e+02 1.864325594226786953e-01
9.145368712355525531e+02 1.864286349734089743e-01
9.146996581474849108e+02 1.864249473987792671e-01
9.148624450594170412e+02 1.864214969344186457e-01
9.150252319713493989e+02 1.864182838190102387e-01
9.151880188832817566e+02 1.864153082943020012e-01
9.153508057952140007e+02 1.864127910612244643e-01
9.155135927071463584e+02 1.864102915372845559e-01
9.156763796190784888e+02 1.864080303487238854e-01
9.158391665310108465e+02 1.864060077496507151e-01
9.160019534429430905e+02 1.864042239972865389e-01
9.161647403548754482e+02 1.864026793519794611e-01
9.163275272668076923e+02 1.864013740772136329e-01
9.164903141787399363e+02 1.864003084396204657e-01
9.166531010906722940e+02 1.863994827089886785e-01
9.168158880026044244e+02 1.863988971582763443e-01
9.169786749145367821e+02 1.863985520636208815e-01
9.171414618264690262e+02 1.863982262956337954e-01
9.173042487384013839e+02 1.863983628618962329e-01
9.174670356503337416e+02 1.863987407308478617e-01
9.176298225622658720e+02 1.863991385035407844e-01
9.177926094741982297e+02 1.863999997527029662e-01
9.179553963861304737e+02 1.864008813015652077e-01
9.181181832980628315e+02 1.864020051338161899e-01
9.182809702099949618e+02 1.864033715484915699e-01
9.184437571219273195e+02 1.864049808479033010e-01
9.186065440338595636e+02 1.864068333376528996e-01
9.187693309457919213e+02 1.864089293266416869e-01
9.189321178577242790e+02 1.864110466561845203e-01
9.190949047696564094e+02 1.864136304813001077e-01
9.192576916815887671e+02 1.864162360756327075e-01
9.194204785935210111e+02 1.864190862293192974e-01
9.195832655054532552e+02 1.864221812649506926e-01
9.197460524173854992e+02 1.864255215084868189e-01
9.199088393293178569e+02 1.864291072892688417e-01
9.200716262412502147e+02 1.864327157380520905e-01
9.202344131531823450e+02 1.864367934864805953e-01
9.203972000651147027e+02 1.864408943605613267e-01
9.205599869770469468e+02 1.864452419022334662e-01
9.207227738889793045e+02 1.864496128165437361e-01
9.208855608009114349e+02 1.864544546154108529e-01
9.210483477128437926e+02 1.864593202596671884e-01
9.212111346247760366e+02 1.864644337383927486e-01
9.213739215367083943e+02 1.864697954058016083e-01
9.215367084486407521e+02 1.864754056196089582e-01
9.216994953605728824e+02 1.864810404228865182e-01
9.218622822725052401e+02 1.864871486998044281e-01
9.220250691844374842e+02 1.864932820642719591e-01
9.221878560963698419e+02 1.864994405339102101e-01
9.223506430083019723e+02 1.865060737004758384e-01
9.225134299202343300e+02 1.865127324809871812e-01
9.226762168321666877e+02 1.865196419210733980e-01
9.228390037440989317e+02 1.865268024006779268e-01
9.230017906560311758e+02 1.865339890325383165e-01
9.231645775679634198e+02 1.865414272286550490e-01
9.233273644798957775e+02 1.865491173766937183e-01
9.234901513918280216e+02 1.865570598679692216e-01
9.236529383037602656e+02 1.865650293310132934e-01
9.238157252156926234e+02 1.865732516782766526e-01
9.239785121276248674e+02 1.865815012905700510e-01
9.241412990395572251e+02 1.865902304794574973e-01
9.243040859514893555e+02 1.865989874855839836e-01
9.244668728634217132e+02 1.866079987344031743e-01
9.246296597753539572e+02 1.866170381036004189e-01
9.247924466872863150e+02 1.866263322790701618e-01
9.249552335992184453e+02 1.866358816759442207e-01
9.251180205111508030e+02 1.866454597862323150e-01
9.252808074230831608e+02 1.866552936930214457e-01
9.254435943350154048e+02 1.866653838195684867e-01
9.256063812469477625e+02 1.866755032652983870e-01
9.257691681588798929e+02 1.866858795175516672e-01
9.259319550708122506e+02 1.866962854096829716e-01
9.260947419827444946e+02 1.867071764359339026e-01
9.262575288946768524e+02 1.867178698285909266e-01
9.264203158066090964e+02 1.867290492310746397e-01
9.265831027185413404e+02 1.867402592030566744e-01
9.267458896304736982e+02 1.867514997724259995e-01
9.269086765424058285e+02 1.867629993947534650e-01
9.270714634543381862e+02 1.867747585188567205e-01
9.272342503662704303e+02 1.867867775975009803e-01
9.273970372782027880e+02 1.867988282328443550e-01
9.275598241901349184e+02 1.868109104547297783e-01
9.277226111020672761e+02 1.868232534332086858e-01
9.278853980139996338e+02 1.868358576302591445e-01
9.280481849259318778e+02 1.868484940807240147e-01
9.282109718378642356e+02 1.868613923923209963e-01
9.283737587497963659e+02 1.868743233118575209e-01
9.285365456617287236e+02 1.868875167418174443e-01
9.286993325736609677e+02 1.869007431383434281e-01
9.288621194855933254e+02 1.869142327013705029e-01
9.290249063975256831e+02 1.869279859110542508e-01
9.291876933094578135e+02 1.869417727831164944e-01
9.293504802213901712e+02 1.869555933516682533e-01
9.295132671333224152e+02 1.869696784206122953e-01
9.296760540452546593e+02 1.869840284797305574e-01
9.298388409571869033e+02 1.869984129465145639e-01
9.300016278691192610e+02 1.870128318566176562e-01
9.301644147810515051e+02 1.870275166288545565e-01
9.303272016929837491e+02 1.870424677627826604e-01
9.304899886049161069e+02 1.870574540668544505e-01
9.306527755168483509e+02 1.870724755783180482e-01
9.308155624287807086e+02 1.870877643419789071e-01
9.309783493407128390e+02 1.871030887015317223e-01
9.311411362526451967e+02 1.871186810184965188e-01
9.313039231645774407e+02 1.871345418073814826e-01
9.314667100765097985e+02 1.871502062999704785e-01
9.316294969884421562e+02 1.871661396619007101e-01
9.317922839003742865e+02 1.871823424135072578e-01
9.319550708123066443e+02 1.871985819533139028e-01
9.321178577242388883e+02 1.872150916099720730e-01
9.322806446361712460e+02 1.872316384613535722e-01
9.324434315481033764e+02 1.872482225490208207e-01
9.326062184600357341e+02 1.872650776932958117e-01
9.327690053719680918e+02 1.872819704856529821e-01
9.329317922839003359e+02 1.872989009686382711e-01
9.330945791958325799e+02 1.873161034592903396e-01
9.332573661077648239e+02 1.873335784994495101e-01
9.334201530196971817e+02 1.873510920251176270e-01
9.335829399316294257e+02 1.873686440806661413e-01
9.337457268435616697e+02 1.873862347105656190e-01
9.339085137554939138e+02 1.874040990739073154e-01
9.340713006674262715e+02 1.874220024389454675e-01
9.342340875793586292e+02 1.874401803060241622e-01
9.343968744912907596e+02 1.874583976069836011e-01
9.345596614032231173e+02 1.874766543882897818e-01
9.347224483151553613e+02 1.874951866661508926e-01
9.348852352270877191e+02 1.875137588621482165e-01
9.350480221390198494e+02 1.875323710238258890e-01
9.352108090509522071e+02 1.875512596885220429e-01
9.353735959628845649e+02 1.875701887623675568e-01
9.355363828748168089e+02 1.875893951339892562e-01
9.356991697867491666e+02 1.876084053472177882e-01
9.358619566986812970e+02 1.876276933074462194e-01
9.360247436106136547e+02 1.876472595933384724e-01
9.361875305225458987e+02 1.876666296938319101e-01
9.363503174344782565e+02 1.876862785750436080e-01
9.365131043464103868e+02 1.877059689189954084e-01
9.366758912583427445e+02 1.877259388585010569e-01
9.368386781702751023e+02 1.877459507217092982e-01
9.370014650822072326e+02 1.877660045606915351e-01
9.371642519941395904e+02 1.877861004276397683e-01
9.373270389060718344e+02 1.878064771788985621e-01
9.374898258180041921e+02 1.878268964258637819e-01
9.376526127299363225e+02 1.878473582219182259e-01
9.378153996418686802e+02 1.878678626205680657e-01
9.379781865538010379e+02 1.878886492101569661e-01
9.381409734657332820e+02 1.879094788769699043e-01
9.383037603776656397e+02 1.879303516757294956e-01
9.384665472895977700e+02 1.879515077502474651e-01
9.386293342015301278e+02 1.879724671625576105e-01
9.387921211134623718e+02 1.879937103322544545e-01
9.389549080253947295e+02 1.880149972264700264e-01
9.391176949373270872e+02 1.880365687360977256e-01
9.392804818492592176e+02 1.880579434353040758e-01
9.394432687611915753e+02 1.880796032386647942e-01
9.396060556731238194e+02 1.881013073690070425e-01
9.397688425850560634e+02 1.881230558839610545e-01
9.399316294969883074e+02 1.881448488412932329e-01
9.400944164089206652e+02 1.881669282669898580e-01
9.402572033208529092e+02 1.881890526319024148e-01
9.404199902327851532e+02 1.882112219950987653e-01
9.405827771447175110e+02 1.882334364157863538e-01
9.407455640566497550e+02 1.882556959533130403e-01
9.409083509685821127e+02 1.882780006671667672e-01
9.410711378805142431e+02 1.883005937363791404e-01
9.412339247924466008e+02 1.883232324878950092e-01
9.413967117043788448e+02 1.883459169825390522e-01
9.415594986163112026e+02 1.883686472812805268e-01
9.417222855282435603e+02 1.883914234452338243e-01
9.418850724401756906e+02 1.884142455356591361e-01
9.420478593521080484e+02 1.884373579018622513e-01
9.422106462640402924e+02 1.884602722252502749e-01
9.423734331759726501e+02 1.884834773406451336e-01
9.425362200879047805e+02 1.885067290229296144e-01
9.426990069998371382e+02 1.885300273350355715e-01
9.428617939117693822e+02 1.885533723400458495e-01
9.430245808237017400e+02 1.885767641011947271e-01
9.431873677356339840e+02 1.886002026818678901e-01
9.433501546475662280e+02 1.886239340159210631e-01
9.435129415594985858e+02 1.886474666256319488e-01
9.436757284714308298e+02 1.886712925164031329e-01
9.438385153833630739e+02 1.886949194118000273e-01
9.440013022952953179e+02 1.887188401178349906e-01
9.441640892072276756e+02 1.887428084296319808e-01
9.443268761191600333e+02 1.887668244126187445e-01
9.444896630310921637e+02 1.887908881323813459e-01
9.446524499430245214e+02 1.888149996546641951e-01
9.448152368549567655e+02 1.888391590453706859e-01
9.449780237668891232e+02 1.888633663705632515e-01
9.451408106788212535e+02 1.888876216964636701e-01
9.453035975907536113e+02 1.889119250894551183e-01
9.454663845026859690e+02 1.889362766160802010e-01
9.456291714146182130e+02 1.889606763430434211e-01
9.457919583265505707e+02 1.889853732447830947e-01
9.459547452384827011e+02 1.890098697783601789e-01
9.461175321504150588e+02 1.890344147136918673e-01
9.462803190623473029e+02 1.890592576433247907e-01
9.464431059742796606e+02 1.890838997905698593e-01
9.466058928862117909e+02 1.891085905424567393e-01
9.467686797981441487e+02 1.891333299668322421e-01
9.469314667100765064e+02 1.891583684847201463e-01
9.470942536220086367e+02 1.891832056657958283e-01
9.472570405339409945e+02 1.892080917242285609e-01
9.474198274458732385e+02 1.892330267285287360e-01
9.475826143578055962e+02 1.892582619336042604e-01
9.477454012697377266e+02 1.892832952447146277e-01
9.479081881816700843e+02 1.893083777085648733e-01
9.480709750936024420e+02 1.893335093943358804e-01
9.482337620055346861e+02 1.893586903713768421e-01
9.483965489174670438e+02 1.893839207092065935e-01
9.485593358293991741e+02 1.894092004775140003e-01
9.487221227413315319e+02 1.894345297461573208e-01
9.488849096532637759e+02 1.894599085851660925e-01
9.490476965651961336e+02 1.894850839862748937e-01
9.492104834771282640e+02 1.895105619648172757e-01
9.493732703890606217e+02 1.895360897244954268e-01
9.495360573009929794e+02 1.895614136217212697e-01
9.496988442129252235e+02 1.895870409429791237e-01
9.498616311248574675e+02 1.896124641181317072e-01
9.500244180367897116e+02 1.896379369316746055e-01
9.501872049487220693e+02 1.896634594539700902e-01
9.503499918606543133e+02 1.896890317555525174e-01
9.505127787725865574e+02 1.897146539071292437e-01
9.506755656845189151e+02 1.897403259795803487e-01
9.508383525964511591e+02 1.897657926247573457e-01
9.510011395083835168e+02 1.897915645376048455e-01
9.511639264203156472e+02 1.898171307368621552e-01
9.513267133322480049e+02 1.898427467122536794e-01
9.514895002441802490e+02 1.898684125344733686e-01
9.516522871561126067e+02 1.898941282743884795e-01
9.518150740680449644e+02 1.899198940030394633e-01
9.519778609799770948e+02 1.899457097916408821e-01
9.521406478919094525e+02 1.899713185741149502e-01
9.523034348038416965e+02 1.899969771278951225e-01
9.524662217157740542e+02 1.900226855236576973e-01
9.526290086277061846e+02 1.900484438322525282e-01
9.527917955396385423e+02 1.900742521247026362e-01
9.529545824515707864e+02 1.901001104722050694e-01
9.531173693635031441e+02 1.901257605131647654e-01
9.532801562754353881e+02 1.901514603185499586e-01
9.534429431873676322e+02 1.901772099590152421e-01
9.536057300992999899e+02 1.902030095053873493e-01
9.537685170112322339e+02 1.902285997299652809e-01
9.539313039231644780e+02 1.902542395685648813e-01
9.540940908350967220e+02 1.902799290914680697e-01
9.542568777470290797e+02 1.903056683691278506e-01
9.544196646589614375e+02 1.903314574721688690e-01
9.545824515708935678e+02 1.903570360880782186e-01
9.547452384828259255e+02 1.903826642358656673e-01
9.549080253947581696e+02 1.904083419856072157e-01
9.550708123066905273e+02 1.904340694075492280e-01
9.552335992186226576e+02 1.904595853196529298e-01
9.553963861305550154e+02 1.904851506092061775e-01
9.555591730424872594e+02 1.905107653459033323e-01
9.557219599544196171e+02 1.905361676954051009e-01
9.558847468663519749e+02 1.905616191964304706e-01
9.560475337782841052e+02 1.905871199181197739e-01
9.562103206902164629e+02 1.906126699297815141e-01
9.563731076021487070e+02 1.906380065270927571e-01
9.565358945140810647e+02 1.906633921175275026e-01
9.566986814260131951e+02 1.906888267698372552e-01
9.568614683379455528e+02 1.907140471271104865e-01
9.570242552498779105e+02 1.907393162485639948e-01
9.571870421618100409e+02 1.907646342023895936e-01
9.573498290737423986e+02 1.907897369795118203e-01
9.575126159856746426e+02 1.908151525850147467e-01
9.576754028976070003e+02 1.908400882029217815e-01
9.578381898095391307e+02 1.908653367846374904e-01
9.580009767214714884e+02 1.908903691568420435e-01
9.581637636334037325e+02 1.909151847357656584e-01
9.583265505453360902e+02 1.909403136966545678e-01
9.584893374572684479e+02 1.909652255641086094e-01
9.586521243692005783e+02 1.909899197542885563e-01
9.588149112811329360e+02 1.910146617132963687e-01
9.589776981930651800e+02 1.910394515069148980e-01
9.591404851049975377e+02 1.910640227393038681e-01
9.593032720169296681e+02 1.910886415049627141e-01
9.594660589288620258e+02 1.911133078691082954e-01
9.596288458407943835e+02 1.911377547872854243e-01
9.597916327527266276e+02 1.911622490018496101e-01
9.599544196646588716e+02 1.911865230367321145e-01
9.601172065765911157e+02 1.912108440655384267e-01
9.602799934885234734e+02 1.912352121521959103e-01
9.604427804004557174e+02 1.912593591742460242e-01
9.606055673123879615e+02 1.912832845505230694e-01
9.607683542243203192e+02 1.913072563151151373e-01
9.609311411362525632e+02 1.913312745305126017e-01
9.610939280481849210e+02 1.913550702164445727e-01
9.612567149601170513e+02 1.913789120493547824e-01
9.614195018720494090e+02 1.914025306211539490e-01
9.615822887839816531e+02 1.914261950358119857e-01
9.617450756959140108e+02 1.914499053545333229e-01
9.619078626078461411e+02 1.914733915286144783e-01
9.620706495197784989e+02 1.914966529800029016e-01
9.622334364317108566e+02 1.915199596655425829e-01
9.623962233436431006e+02 1.915430408994358014e-01
9.625590102555754584e+02 1.915661670625981028e-01
9.627217971675075887e+02 1.915890670461283529e-01
9.628845840794399464e+02 1.916120116538305718e-01
9.630473709913721905e+02 1.916347293549172104e-01
9.632101579033045482e+02 1.916574913748831377e-01
9.633729448152367922e+02 1.916800257622885140e-01
9.635357317271690363e+02 1.917026041631048894e-01
9.636985186391013940e+02 1.917249542064877743e-01
9.638613055510336380e+02 1.917470753219334412e-01
9.640240924629658821e+02 1.917692397836624485e-01
9.641868793748981261e+02 1.917914476471009322e-01
9.643496662868304838e+02 1.918134257076770932e-01
9.645124531987626142e+02 1.918351733973248929e-01
9.646752401106949719e+02 1.918569638224860152e-01
9.648380270226273296e+02 1.918785231575040051e-01
9.650008139345595737e+02 1.918998508376661694e-01
9.651636008464919314e+02 1.919212205891109857e-01
9.653263877584240618e+02 1.919423579700205995e-01
9.654891746703564195e+02 1.919635371168444959e-01
9.656519615822886635e+02 1.919844831787770323e-01
9.658147484942210212e+02 1.920051955959090617e-01
9.659775354061533790e+02 1.920259491175196065e-01
9.661403223180855093e+02 1.920464682837116077e-01
9.663031092300178670e+02 1.920667525381592189e-01
9.664658961419501111e+02 1.920870772379940639e-01
9.666286830538824688e+02 1.921071663193389123e-01
9.667914699658145992e+02 1.921270192295447821e-01
9.669542568777469569e+02 1.921469119285430516e-01
9.671170437896793146e+02 1.921665677536651962e-01
9.672798307016114450e+02 1.921859861560323568e-01
9.674426176135438027e+02 1.922054436932467414e-01
9.676054045254760467e+02 1.922246631091131253e-01
9.677681914374084045e+02 1.922436438586138385e-01
9.679309783493405348e+02 1.922626630918224389e-01
9.680937652612728925e+02 1.922814429643531775e-01
9.682565521732051366e+02 1.922999829351458023e-01
9.684193390851374943e+02 1.923182824655187972e-01
9.685821259970698520e+02 1.923366194870120005e-01
9.687449129090019824e+02 1.923547153809068155e-01
9.689076998209343401e+02 1.923725696126167284e-01
9.690704867328665841e+02 1.923901816499947737e-01
9.692332736447989419e+02 1.924078301947436953e-01
9.693960605567310722e+02 1.924249564447847727e-01
9.695588474686634299e+02 1.924421185252879751e-01
9.697216343805957877e+02 1.924593164753525820e-01
9.698844212925280317e+02 1.924759903663145477e-01
9.700472082044602757e+02 1.924926994548221693e-01
9.702099951163925198e+02 1.925091634239373406e-01
9.703727820283248775e+02 1.925253817551801361e-01
9.705355689402571215e+02 1.925413539326512324e-01
9.706983558521893656e+02 1.925570794430497834e-01
9.708611427641216096e+02 1.925728388603477892e-01
9.710239296760539673e+02 1.925880696869231856e-01
9.711867165879863251e+02 1.926033337655650990e-01
9.713495034999184554e+02 1.926183495055774075e-01
9.715122904118508131e+02 1.926331164035957055e-01
9.716750773237830572e+02 1.926479159379319017e-01
9.718378642357154149e+02 1.926621838281989407e-01
9.720006511476475453e+02 1.926764837117643514e-01
9.721634380595799030e+02 1.926902506089250844e-01
9.723262249715122607e+02 1.927040488628549153e-01
9.724890118834445047e+02 1.927175956529895151e-01
9.726517987953768625e+02 1.927308904918112187e-01
9.728145857073089928e+02 1.927439328946135289e-01
9.729773726192413505e+02 1.927567223795204898e-01
9.731401595311735946e+02 1.927692584675037568e-01
9.733029464431059523e+02 1.927815406824038014e-01
9.734657333550381964e+02 1.927935685509459818e-01
9.736285202669704404e+02 1.928056256279918890e-01
9.737913071789027981e+02 1.928171435587851534e-01
9.739540940908350422e+02 1.928286900914682467e-01
9.741168810027672862e+02 1.928396962218192900e-01
9.742796679146995302e+02 1.928507303545791418e-01
9.744424548266318880e+02 1.928612228454915367e-01
9.746052417385640183e+02 1.928717427465787837e-01
9.747680286504963760e+02 1.928817197830426100e-01
9.749308155624287338e+02 1.928917236448071115e-01
9.750936024743609778e+02 1.929011834360888078e-01
9.752563893862933355e+02 1.929106694752685258e-01
9.754191762982254659e+02 1.929196102551931635e-01
9.755819632101578236e+02 1.929282907998321195e-01
9.757447501220900676e+02 1.929369967404317154e-01
9.759075370340224254e+02 1.929451556723315864e-01
9.760703239459547831e+02 1.929530530842241687e-01
9.762331108578869134e+02 1.929609750575802529e-01
9.763958977698192712e+02 1.929683483122132115e-01
9.765586846817515152e+02 1.929754587907985264e-01
9.767214715936838729e+02 1.929823060815206992e-01
9.768842585056160033e+02 1.929888897758213206e-01
9.770470454175483610e+02 1.929949222578233869e-01
9.772098323294806050e+02 1.930009774089097851e-01
9.773726192414128491e+02 1.930067677588593600e-01
9.775354061533452068e+02 1.930120052934357344e-01
9.776981930652774508e+02 1.930172647243213191e-01
9.778609799772098086e+02 1.930219702949621807e-01
9.780237668891419389e+02 1.930264092427357858e-01
9.781865538010742966e+02 1.930305811895445534e-01
9.783493407130065407e+02 1.930344857607100562e-01
9.785121276249388984e+02 1.930378341891522409e-01
9.786749145368712561e+02 1.930412027737052061e-01
9.788377014488033865e+02 1.930440142372961965e-01
9.790004883607357442e+02 1.930465566187678783e-01
9.791632752726679882e+02 1.930488295646374253e-01
9.793260621846003460e+02 1.930508327249455813e-01
9.794888490965324763e+02 1.930525657532738693e-01
9.796516360084648340e+02 1.930537390725236557e-01
9.798144229203971918e+02 1.930546413498692160e-01
9.799772098323294358e+02 1.930552722535169574e-01
9.801399967442616799e+02 1.930556314552849817e-01
9.803027836561939239e+02 1.930554289529505807e-01
9.804655705681262816e+02 1.930549538888220173e-01
9.806283574800585257e+02 1.930542059495947149e-01
9.807911443919907697e+02 1.930531848256430150e-01
9.809539313039230137e+02 1.930516001166820428e-01
9.811167182158553715e+02 1.930500316079811207e-01
9.812795051277877292e+02 1.930478987152050574e-01
9.814422920397198595e+02 1.930452008522294538e-01
9.816050789516522173e+02 1.930422279316280909e-01
9.817678658635844613e+02 1.930392702512686021e-01
9.819306527755168190e+02 1.930354558045088709e-01
9.820934396874489494e+02 1.930316560509690027e-01
9.822562265993813071e+02 1.930272892991963252e-01
9.824190135113136648e+02 1.930226459580351994e-01
9.825818004232459089e+02 1.930174347552877367e-01
9.827445873351782666e+02 1.930119462894470672e-01
9.829073742471103969e+02 1.930061803163060918e-01
9.830701611590427547e+02 1.929998453388431234e-01
9.832329480709749987e+02 1.929935235561584250e-01
9.833957349829073564e+02 1.929863407402704623e-01
9.835585218948394868e+02 1.929791706663788742e-01
9.837213088067718445e+02 1.929714302278044136e-01
9.838840957187042022e+02 1.929631189993876450e-01
9.840468826306364463e+02 1.929548199468130165e-01
9.842096695425686903e+02 1.929456578062955507e-01
9.843724564545009343e+02 1.929365074451554474e-01
9.845352433664332921e+02 1.929267851050608384e-01
9.846980302783654224e+02 1.929164904186377316e-01
9.848608171902977801e+02 1.929062070207268886e-01
9.850236041022301379e+02 1.928950587592350163e-01
9.851863910141623819e+02 1.928839214469148244e-01
9.853491779260947396e+02 1.928722107724393786e-01
9.855119648380268700e+02 1.928599264267984170e-01
9.856747517499592277e+02 1.928473603661176594e-01
9.858375386618914717e+02 1.928345124475832895e-01
9.860003255738238295e+02 1.928210901944736044e-01
9.861631124857559598e+02 1.928070933482736726e-01
9.863258993976883175e+02 1.927931064987274401e-01
9.864886863096206753e+02 1.927782522789559805e-01
9.866514732215529193e+02 1.927631153368777606e-01
9.868142601334852770e+02 1.927476955673240733e-01
9.869770470454174074e+02 1.927317003190681943e-01
9.871398339573497651e+02 1.927154219871777541e-01
9.873026208692820092e+02 1.926985678790265055e-01
9.874654077812142532e+02 1.926814304650162346e-01
9.876281946931466109e+02 1.926637170197616766e-01
9.877909816050788550e+02 1.926457200804507774e-01
9.879537685170112127e+02 1.926271468975907508e-01
9.881165554289433430e+02 1.926082900665870568e-01
9.882793423408757008e+02 1.925888568224973785e-01
9.884421292528079448e+02 1.925688470857472856e-01
9.886049161647403025e+02 1.925485535254871372e-01
9.887677030766726602e+02 1.925276833745368510e-01
9.889304899886047906e+02 1.925065293373356412e-01
9.890932769005371483e+02 1.924850913979765932e-01
9.892560638124693924e+02 1.924627840567639803e-01
9.894188507244017501e+02 1.924401928013381446e-01
9.895816376363338804e+02 1.924173176372499794e-01
9.897444245482662382e+02 1.923938658463525408e-01
9.899072114601984822e+02 1.923698374696281299e-01
9.900699983721308399e+02 1.923455252696140150e-01
9.902327852840630840e+02 1.923206365866526879e-01
9.903955721959953280e+02 1.922954641782596008e-01
9.905583591079276857e+02 1.922697154329289781e-01
9.907211460198599298e+02 1.922433904607188104e-01
9.908839329317921738e+02 1.922167819978983505e-01
9.910467198437244178e+02 1.921895975261371792e-01
9.912095067556567756e+02 1.921621297535736905e-01
9.913722936675891333e+02 1.921340862331364918e-01
9.915350805795212636e+02 1.921054671439580974e-01
9.916978674914536214e+02 1.920762726824437605e-01
9.918606544033858654e+02 1.920467954787692388e-01
9.920234413153182231e+02 1.920170356416689983e-01
9.921862282272503535e+02 1.919864086125942226e-01
9.923490151391827112e+02 1.919554993548091559e-01
9.925118020511149552e+02 1.919243079984834233e-01
9.926745889630473130e+02 1.918922502912298045e-01
9.928373758749796707e+02 1.918599109617917520e-01
9.930001627869118010e+02 1.918272901617148751e-01
9.931629496988441588e+02 1.917940960166173714e-01
9.933257366107764028e+02 1.917603288605277401e-01
9.934885235227087605e+02 1.917259890446280923e-01
9.936513104346408909e+02 1.916913687804414901e-01
9.938140973465732486e+02 1.916561764755016217e-01
9.939768842585056063e+02 1.916204125237187528e-01
9.941396711704378504e+02 1.915843689722652732e-01
9.943024580823700944e+02 1.915474629015911090e-01
9.944652449943023385e+02 1.915105694353905486e-01
9.946280319062346962e+02 1.914728143399376803e-01
9.947908188181668265e+02 1.914347809734564532e-01
9.949536057300991843e+02 1.913961783290407670e-01
9.951163926420315420e+02 1.913572980588815753e-01
9.952791795539637860e+02 1.913175582734079061e-01
9.954419664658961437e+02 1.912778326987542021e-01
9.956047533778282741e+02 1.912372486676947314e-01
9.957675402897606318e+02 1.911960978032958836e-01
9.959303272016928759e+02 1.911546713662938546e-01
9.960931141136252336e+02 1.911129696425453439e-01
9.962559010255573639e+02 1.910704119450489513e-01
9.964186879374897217e+02 1.910275799589155055e-01
9.965814748494220794e+02 1.909841837155275002e-01
9.967442617613543234e+02 1.909402238527945772e-01
9.969070486732866812e+02 1.908959910759893408e-01
9.970698355852188115e+02 1.908511957742279330e-01
9.972326224971511692e+02 1.908058386265878981e-01
9.973954094090834133e+02 1.907599203286023670e-01
9.975581963210156573e+02 1.907137311682828018e-01
9.977209832329480150e+02 1.906669820472335908e-01
9.978837701448802591e+02 1.906196737017063769e-01
9.980465570568126168e+02 1.905720960795765084e-01
9.982093439687447471e+02 1.905236714259668784e-01
9.983721308806771049e+02 1.904749787794386973e-01
9.985349177926093489e+02 1.904260185298750352e-01
9.986977047045417066e+02 1.903762137613512762e-01
9.988604916164738370e+02 1.903261427397772432e-01
9.990232785284061947e+02 1.902755175052752157e-01
9.991860654403385524e+02 1.902246271287388324e-01
9.993488523522707965e+02 1.901728958804791147e-01
9.995116392642031542e+02 1.901209009320034560e-01
9.996744261761352845e+02 1.900683549487682256e-01
9.998372130880676423e+02 1.900155464483739010e-01
1.000000000000000000e+03 1.899621884196036337e-01
