9.490476965651961336e+02 9.102065854238715303e+01
9.492104834771282640e+02 3.355865438777533427e+01
9.493732703890606217e+02 1.857924688751426601e+01
9.495360573009929794e+02 1.287693889571118966e+01
9.496988442129252235e+02 9.892843056501900989e+00
9.498616311248574675e+02 8.061211968821565321e+00
9.500244180367897116e+02 6.817059545620274719e+00
9.501872049487220693e+02 5.919413582648639149e+00
9.503499918606543133e+02 5.242495406017315673e+00
9.505127787725865574e+02 4.712317469618345633e+00
9.506755656845189151e+02 4.285130815299577733e+00
9.508383525964511591e+02 3.934506957869735366e+00
9.510011395083835168e+02 3.640159157135305357e+00
9.511639264203156472e+02 3.391160130869629086e+00
9.513267133322480049e+02 3.176173077867214367e+00
9.514895002441802490e+02 2.989901991120206048e+00
9.516522871561126067e+02 2.826338921980640517e+00
9.518150740680449644e+02 2.681203816661781758e+00
9.519778609799770948e+02 2.552349258754356143e+00
9.521406478919094525e+02 2.436522426505677519e+00
9.523034348038416965e+02 2.331926824494123807e+00
9.524662217157740542e+02 2.237086789170862122e+00
9.526290086277061846e+02 2.150757570725557510e+00
9.527917955396385423e+02 2.071706374763491620e+00
9.529545824515707864e+02 1.999119460839873241e+00
9.531173693635031441e+02 1.932142652799468951e+00
9.532801562754353881e+02 1.870222204653160247e+00
9.534429431873676322e+02 1.812743171853290924e+00
9.536057300992999899e+02 1.759313320516523005e+00
9.537685170112322339e+02 1.709456329452744727e+00
9.539313039231644780e+02 1.662776557984737336e+00
9.540940908350967220e+02 1.618966935930769013e+00
9.542568777470290797e+02 1.577910330486497426e+00
9.544196646589614375e+02 1.539158091624732494e+00
9.545824515708935678e+02 1.502675652590261368e+00
9.547452384828259255e+02 1.468230630153566363e+00
9.549080253947581696e+02 1.435579953034659573e+00
9.550708123066905273e+02 1.404695869379221307e+00
9.552335992186226576e+02 1.375303501159914399e+00
9.553963861305550154e+02 1.347409844450094818e+00
9.555591730424872594e+02 1.320836949136335869e+00
9.557219599544196171e+02 1.295535840627595414e+00
9.558847468663519749e+02 1.271371018171234768e+00
9.560475337782841052e+02 1.248348707955291070e+00
9.562103206902164629e+02 1.226285954258455657e+00
9.563731076021487070e+02 1.205168537399075923e+00
9.565358945140810647e+02 1.184924109297209593e+00
9.566986814260131951e+02 1.165470447770728724e+00
9.568614683379455528e+02 1.146839531271959478e+00
9.570242552498779105e+02 1.128934520556089671e+00
9.571870421618100409e+02 1.111718422210435042e+00
9.573498290737423986e+02 1.095172202863535560e+00
9.575126159856746426e+02 1.079194361887921616e+00
9.576754028976070003e+02 1.063814758506537395e+00
9.578381898095391307e+02 1.048944787015619884e+00
9.580009767214714884e+02 1.034620932543153904e+00
9.581637636334037325e+02 1.020780021376535451e+00
9.583265505453360902e+02 1.007403915920551674e+00
9.584893374572684479e+02 9.944861020996492718e-01
9.586521243692005783e+02 9.819569544165205333e-01
9.588149112811329360e+02 9.698493033872925828e-01
9.589776981930651800e+02 9.581065722561260545e-01
9.590954882371898975e+02 9.495228715410912734e-01
9.591404851049975377e+02 9.467198429171669316e-01
9.593032720169296681e+02 9.356831769175165681e-01
9.594660589288620258e+02 9.249944666419575023e-01
9.596288458407943835e+02 9.145951467710032867e-01
9.597916327527266276e+02 9.044840967064933235e-01
9.599544196646588716e+02 8.946801288509982353e-01
9.601172065765911157e+02 8.851573319123504646e-01
9.602799934885234734e+02 8.758747377895640396e-01
9.604427804004557174e+02 8.668606068995234892e-01
9.606055673123879615e+02 8.580961237511715023e-01
9.607683542243203192e+02 8.495454753537827752e-01
9.609311411362525632e+02 8.412133447904105443e-01
9.610939280481849210e+02 8.331199103170489062e-01
9.612567149601170513e+02 8.252027700041533187e-01
9.614195018720494090e+02 8.174981610490312800e-01
9.615822887839816531e+02 8.099749739603810950e-01
9.617450756959140108e+02 8.026587892823638937e-01
9.619078626078461411e+02 7.954957824969313140e-01
9.620706495197784989e+02 7.885006649981176619e-01
9.622334364317108566e+02 7.816772586750936336e-01
9.623962233436431006e+02 7.750247158922280999e-01
9.625590102555754584e+02 7.685021369654121415e-01
9.627217971675075887e+02 7.621456735280051076e-01
9.628845840794399464e+02 7.559141336912938991e-01
9.630473709913721905e+02 7.498234110363547478e-01
9.632101579033045482e+02 7.438790559334655939e-01
9.633729448152367922e+02 7.380416111347850583e-01
9.635357317271690363e+02 7.323534625547923893e-01
9.636985186391013940e+02 7.267584286078998534e-01
9.638613055510336380e+02 7.213030700238113324e-01
9.640240924629658821e+02 7.159498897310098142e-01
9.641868793748981261e+02 7.107113238540405664e-01
9.643496662868304838e+02 7.055680295013574410e-01
9.645124531987626142e+02 7.005320892159544455e-01
9.646752401106949719e+02 6.955998027622268820e-01
9.648380270226273296e+02 6.907676461726814932e-01
9.650008139345595737e+02 6.860322610941578247e-01
9.651636008464919314e+02 6.813766572173634017e-01
9.653263877584240618e+02 6.768121100216973884e-01
9.654891746703564195e+02 6.723356752564730865e-01
9.656519615822886635e+02 6.679445403639482359e-01
9.658147484942210212e+02 6.636232682003285754e-01
9.659775354061533790e+02 6.593950247038865564e-01
9.661403223180855093e+02 6.552320773775934803e-01
9.663031092300178670e+02 6.511568490553228949e-01
9.664658961419501111e+02 6.471427424916466054e-01
9.666286830538824688e+02 6.431998522130308871e-01
9.667914699658145992e+02 6.393374998723172498e-01
9.669542568777469569e+02 6.355306504203418472e-01
9.671170437896793146e+02 6.318000170308001318e-01
9.672798307016114450e+02 6.281215213892756832e-01
9.674426176135438027e+02 6.245152476991366886e-01
9.676054045254760467e+02 6.209580140714031637e-01
9.677681914374084045e+02 6.174693044227863581e-01
9.679309783493405348e+02 6.140369052342171674e-01
9.680937652612728925e+02 6.106593091901776349e-01
9.682565521732051366e+02 6.073350649236350929e-01
9.684193390851374943e+02 6.040724225406538528e-01
9.685821259970698520e+02 6.008505869473418359e-01
9.687449129090019824e+02 5.976874123971889219e-01
9.689076998209343401e+02 5.945720093922769456e-01
9.690704867328665841e+02 5.915031802248121862e-01
9.692332736447989419e+02 5.884886990318564104e-01
9.693960605567310722e+02 5.855182537268570631e-01
9.695588474686634299e+02 5.825907758578350304e-01
9.697216343805957877e+02 5.797052329608334276e-01
9.698844212925280317e+02 5.768690458455115744e-01
9.700472082044602757e+02 5.740725901741673409e-01
9.702099951163925198e+02 5.713149409114243182e-01
9.703727820283248775e+02 5.686032702504126846e-01
9.705355689402571215e+02 5.659284208888207823e-01
9.706983558521893656e+02 5.632974084446532581e-01
9.708611427641216096e+02 5.607013677104873972e-01
9.710239296760539673e+02 5.581395255259631316e-01
9.711867165879863251e+02 5.556186677870890156e-01
9.713495034999184554e+02 5.531303339415035714e-01
9.715122904118508131e+02 5.506811651261387386e-01
9.716750773237830572e+02 5.482629548870611158e-01
9.718378642357154149e+02 5.458822041308445394e-01
9.720006511476475453e+02 5.435309470364469986e-01
9.721634380595799030e+02 5.412085752713905462e-01
9.723262249715122607e+02 5.389282714258747387e-01
9.724890118834445047e+02 5.366753487927964361e-01
9.726517987953768625e+02 5.344492597224606012e-01
9.728145857073089928e+02 5.322561103653133951e-01
9.729773726192413505e+02 5.300885854979769940e-01
9.731401595311735946e+02 5.279526678971343534e-01
9.733029464431059523e+02 5.258476440114200345e-01
9.734657333550381964e+02 5.237728227734836928e-01
9.736285202669704404e+02 5.217212755261266821e-01
9.737913071789027981e+02 5.196925669939782555e-01
9.739540940908350422e+02 5.176923909659986167e-01
9.741168810027672862e+02 5.157201288139230400e-01
9.742796679146995302e+02 5.137751806558126244e-01
9.744424548266318880e+02 5.118510475651104619e-01
9.746052417385640183e+02 5.099590632448461891e-01
9.747680286504963760e+02 5.080811175112888156e-01
9.749308155624287338e+02 5.062342330500951837e-01
9.750936024743609778e+02 5.044063694434313128e-01
9.752563893862933355e+02 5.026028077646375047e-01
9.754191762982254659e+02 5.008230538729500081e-01
9.755819632101578236e+02 4.990666277055598177e-01
9.757447501220900676e+02 4.973276256614290736e-01
9.759075370340224254e+02 4.956111410835949416e-01
9.760703239459547831e+02 4.939167299439627401e-01
9.762331108578869134e+02 4.922439604989933271e-01
9.763958977698192712e+02 4.905924128576721333e-01
9.765586846817515152e+02 4.889565056970113233e-01
9.767214715936838729e+02 4.873462371486895206e-01
9.768842585056160033e+02 4.857509228002301338e-01
9.770470454175483610e+02 4.841753563147438433e-01
9.772098323294806050e+02 4.826191685307384960e-01
9.773726192414128491e+02 4.810819999947115178e-01
9.775354061533452068e+02 4.795635006366415487e-01
9.776981930652774508e+02 4.780633294587172122e-01
9.778609799772098086e+02 4.765763558651228138e-01
9.780237668891419389e+02 4.751118958916588642e-01
9.781865538010742966e+02 4.736647918384332967e-01
9.783493407130065407e+02 4.722300647109391458e-01
9.785121276249388984e+02 4.708167982780380179e-01
9.786749145368712561e+02 4.694153967269684702e-01
9.788377014488033865e+02 4.680347951595000833e-01
9.790004883607357442e+02 4.666700848622997166e-01
9.791632752726679882e+02 4.653165201097979597e-01
9.793260621846003460e+02 4.639828220016405380e-01
9.794888490965324763e+02 4.626642197387585975e-01
9.796516360084648340e+02 4.613560969923367616e-01
9.798144229203971918e+02 4.600669709100231874e-01
9.799772098323294358e+02 4.587922008524802919e-01
9.801399967442616799e+02 4.575315519048328006e-01
9.803027836561939239e+02 4.562847946090112239e-01
9.804655705681262816e+02 4.550517048028996925e-01
9.806283574800585257e+02 4.538320634652854846e-01
9.807911443919907697e+02 4.526297840921838511e-01
9.809539313039230137e+02 4.514363708302980283e-01
9.811167182158553715e+02 4.502598437604004578e-01
9.812795051277877292e+02 4.490958769345604340e-01
9.814422920397198595e+02 4.479442763320645726e-01
9.816050789516522173e+02 4.468048522098149178e-01
9.817678658635844613e+02 4.456774189827747423e-01
9.819306527755168190e+02 4.445657122807643580e-01
9.820934396874489494e+02 4.434616919429424930e-01
9.822562265993813071e+02 4.423729912882045645e-01
9.824190135113136648e+02 4.412955243425865093e-01
9.825818004232459089e+02 4.402329332000464168e-01
9.827445873351782666e+02 4.391774150722889125e-01
9.829073742471103969e+02 4.381364007035286057e-01
9.830701611590427547e+02 4.371059289098481737e-01
9.832329480709749987e+02 4.360858490053888814e-01
9.833957349829073564e+02 4.350796929072924812e-01
9.835585218948394868e+02 4.340835877622777339e-01
9.837213088067718445e+02 4.330973930181009623e-01
9.838840957187042022e+02 4.321209709628240914e-01
9.840468826306364463e+02 4.311577709457733998e-01
9.842096695425686903e+02 4.302040305693680122e-01
9.843724564545009343e+02 4.292631601371195149e-01
9.845352433664332921e+02 4.283279334314609166e-01
9.846980302783654224e+02 4.274052831855504331e-01
9.848608171902977801e+02 4.264950235876960316e-01
9.850236041022301379e+02 4.255900686189306725e-01
9.851863910141623819e+02 4.246972288715991084e-01
9.853491779260947396e+02 4.238163291822092948e-01
9.855119648380268700e+02 4.229438077706051402e-01
9.856747517499592277e+02 4.220795571124588141e-01
9.858375386618914717e+02 4.212234717077177892e-01
9.860003255738238295e+02 4.203787797873588250e-01
9.861631124857559598e+02 4.195453226117286660e-01
9.863258993976883175e+02 4.187196509450036852e-01
9.864886863096206753e+02 4.179016684196004694e-01
9.866514732215529193e+02 4.170912804315216049e-01
9.868142601334852770e+02 4.162948731383173118e-01
9.869770470454174074e+02 4.155025836667854966e-01
9.871398339573497651e+02 4.147207851465187223e-01
9.873026208692820092e+02 4.139493389044281990e-01
9.874654077812142532e+02 4.131817680531574832e-01
9.876281946931466109e+02 4.124275015947936329e-01
9.877909816050788550e+02 4.116800838988649014e-01
9.879537685170112127e+02 4.109394356071597310e-01
9.881165554289433430e+02 4.102085844367400203e-01
9.882793423408757008e+02 4.094843167051760435e-01
9.884421292528079448e+02 4.087696323731501713e-01
9.886049161647403025e+02 4.080613529136280504e-01
9.887677030766726602e+02 4.073624512853246671e-01
9.889304899886047906e+02 4.066697830133576552e-01
9.890932769005371483e+02 4.059862947874254835e-01
9.892560638124693924e+02 4.053118762033451339e-01
9.894188507244017501e+02 4.046434321682862434e-01
9.895816376363338804e+02 4.039808984851976370e-01
9.897444245482662382e+02 4.033271714865201973e-01
9.899072114601984822e+02 4.026821486131840766e-01
9.900699983721308399e+02 4.020427966607298953e-01
9.902327852840630840e+02 4.014119762753853293e-01
9.903955721959953280e+02 4.007866837499872714e-01
9.905583591079276857e+02 4.001697565664527612e-01
9.907211460198599298e+02 3.995611013904664666e-01
9.908839329317921738e+02 3.989577573303421665e-01
9.910467198437244178e+02 3.983625286226875062e-01
9.912095067556567756e+02 3.977724816165942867e-01
9.913722936675891333e+02 3.971903989730958262e-01
9.915350805795212636e+02 3.966133734630424290e-01
9.916978674914536214e+02 3.960469775428061556e-01
9.918606544033858654e+02 3.954826967788609426e-01
9.920234413153182231e+02 3.949288831745692563e-01
9.921862282272503535e+02 3.943798695994793491e-01
9.923490151391827112e+02 3.938383780640450360e-01
9.925118020511149552e+02 3.933015762101583213e-01
9.926745889630473130e+02 3.927721668275238609e-01
9.928373758749796707e+02 3.922473408324212429e-01
9.930001627869118010e+02 3.917325079893855255e-01
9.931629496988441588e+02 3.912221362399405655e-01
9.933257366107764028e+02 3.907161860106682649e-01
9.934885235227087605e+02 3.902173146431862083e-01
9.936513104346408909e+02 3.897254551853290838e-01
9.938140973465732486e+02 3.892405420880358791e-01
9.939768842585056063e+02 3.887598427506412935e-01
9.941396711704378504e+02 3.882859807729698298e-01
9.943024580823700944e+02 3.878188941698304526e-01
9.944652449943023385e+02 3.873558804964968849e-01
9.946280319062346962e+02 3.868995392760671281e-01
9.947908188181668265e+02 3.864498118940634663e-01
9.949536057300991843e+02 3.860040246377943185e-01
9.951163926420315420e+02 3.855647540393840056e-01
9.952791795539637860e+02 3.851319446765758547e-01
9.954419664658961437e+02 3.847055423010060093e-01
9.956047533778282741e+02 3.842829094913191579e-01
9.957675402897606318e+02 3.838665939136725602e-01
9.959303272016928759e+02 3.834565442879001584e-01
9.960931141136252336e+02 3.830501487753356082e-01
9.962559010255573639e+02 3.826499344966658445e-01
9.964186879374897217e+02 3.822558529916924575e-01
9.965814748494220794e+02 3.818653167709595841e-01
9.967442617613543234e+02 3.814833665004176977e-01
9.969070486732866812e+02 3.811048833450506601e-01
9.970698355852188115e+02 3.807298430010390700e-01
9.972326224971511692e+02 3.803632474238956562e-01
9.973954094090834133e+02 3.800000209423078923e-01
9.975581963210156573e+02 3.796426408809021602e-01
9.977209832329480150e+02 3.792885720059036014e-01
9.978837701448802591e+02 3.789427678135314781e-01
9.980465570568126168e+02 3.786002069125354308e-01
9.982093439687447471e+02 3.782633442230929344e-01
9.983721308806771049e+02 3.779296716527059119e-01
9.985349177926093489e+02 3.776040976408677197e-01
9.986977047045417066e+02 3.772816513093262825e-01
9.988604916164738370e+02 3.769623135899629052e-01
9.990232785284061947e+02 3.766509611740853636e-01
9.991860654403385524e+02 3.763426586573024868e-01
9.993488523522707965e+02 3.760398254660986539e-01
9.995116392642031542e+02 3.757424286455278151e-01
9.996744261761352845e+02 3.754480087925837206e-01
9.998372130880676423e+02 3.751589715103298972e-01
1.000000000000000000e+03 3.748752858510859265e-01
