2.300000000000000000e+02 3.921565169930004657e+01
2.310000000000000000e+02 7.837994520362340012e+00
2.315000000000000000e+02 5.767587127449445461e+00
2.320000000000000000e+02 4.617717732989669699e+00
2.325000000000000000e+02 3.878324992477569566e+00
2.330000000000000000e+02 3.373773741519911606e+00
2.335000000000000000e+02 3.001131363270690855e+00
2.340000000000000000e+02 2.711506852971641290e+00
2.345000000000000000e+02 2.485840167316862637e+00
2.350000000000000000e+02 2.299342758822869204e+00
2.355000000000000000e+02 2.145194622293313369e+00
2.360000000000000000e+02 2.014921565497878042e+00
2.365000000000000000e+02 1.902877934266590687e+00
2.370000000000000000e+02 1.805136088774231817e+00
2.375000000000000000e+02 1.720575954750733549e+00
2.380000000000000000e+02 1.644961207295241312e+00
2.385000000000000000e+02 1.577472632634216110e+00
2.390000000000000000e+02 1.516734629523079914e+00
2.395000000000000000e+02 1.462207860530199799e+00
2.400000000000000000e+02 1.412893767662662281e+00
2.405000000000000000e+02 1.367570219181829083e+00
2.410000000000000000e+02 1.325720339370753731e+00
2.415000000000000000e+02 1.287645193801566723e+00
2.420000000000000000e+02 1.252144395731884519e+00
2.425000000000000000e+02 1.219558596270812645e+00
2.430000000000000000e+02 1.188937825678281657e+00
2.435000000000000000e+02 1.160359368804423585e+00
2.440000000000000000e+02 1.133854712221669336e+00
2.445000000000000000e+02 1.108718193724951728e+00
2.450000000000000000e+02 1.085277520911009042e+00
2.455000000000000000e+02 1.063145659118525765e+00
2.460000000000000000e+02 1.042400365027652542e+00
2.465000000000000000e+02 1.022533959922385938e+00
2.470000000000000000e+02 1.003838820724316738e+00
2.475000000000000000e+02 9.862069362432286379e-01
2.480000000000000000e+02 9.693845741885277478e-01
2.485000000000000000e+02 9.533109417577048106e-01
2.490000000000000000e+02 9.379314800538741670e-01
2.500000000000000000e+02 9.094601611544006481e-01
2.505000000000000000e+02 8.961236487452405308e-01
2.510000000000000000e+02 8.834131315307307553e-01
2.515000000000000000e+02 8.711659118160691717e-01
2.520000000000000000e+02 8.593541969999004548e-01
2.525000000000000000e+02 8.480607547119284328e-01
2.530000000000000000e+02 8.372503164442520740e-01
2.535000000000000000e+02 8.267901840611139308e-01
2.540000000000000000e+02 8.167588744228482245e-01
2.545000000000000000e+02 8.071292563300508371e-01
2.550000000000000000e+02 7.977855809950024080e-01
2.555000000000000000e+02 7.887138266900798333e-01
2.560000000000000000e+02 7.799862279205548310e-01
2.565000000000000000e+02 7.715827690131156213e-01
2.570000000000000000e+02 7.634850461356177398e-01
2.575000000000000000e+02 7.555980984297767655e-01
2.580000000000000000e+02 7.479128569326023435e-01
2.590000000000000000e+02 7.333288605875751820e-01
2.595000000000000000e+02 7.264030372884281439e-01
2.600000000000000000e+02 7.196368925748373169e-01
2.605000000000000000e+02 7.130906221919373067e-01
2.610000000000000000e+02 7.066888666640345207e-01
2.615000000000000000e+02 7.004894196677513563e-01
2.620000000000000000e+02 6.944827492557003046e-01
2.625000000000000000e+02 6.885998018070581539e-01
2.630000000000000000e+02 6.828951356054170363e-01
2.635000000000000000e+02 6.773607740986519188e-01
2.640000000000000000e+02 6.719330329508431676e-01
2.645000000000000000e+02 6.666635157004875412e-01
2.655000000000000000e+02 6.565198744988529622e-01
2.665000000000000000e+02 6.468362632766477827e-01
2.670000000000000000e+02 6.421690899362942906e-01
2.675000000000000000e+02 6.376288540876127175e-01
2.680000000000000000e+02 6.331628596967919798e-01
2.685000000000000000e+02 6.288159919012232812e-01
2.690000000000000000e+02 6.245837544659701424e-01
2.695000000000000000e+02 6.204166797124598398e-01
2.700000000000000000e+02 6.163575381552977017e-01
2.705000000000000000e+02 6.124024303268530423e-01
2.710000000000000000e+02 6.085047399845775473e-01
2.715000000000000000e+02 6.047053048934291075e-01
2.720000000000000000e+02 6.009592083715988853e-01
2.725000000000000000e+02 5.973060653806645526e-01
2.730000000000000000e+02 5.937427360523289677e-01
2.735000000000000000e+02 5.902266636830787450e-01
2.740000000000000000e+02 5.867957894049872225e-01
2.745000000000000000e+02 5.834473512432138964e-01
2.750000000000000000e+02 5.801409050361626685e-01
2.755000000000000000e+02 5.769128565355748917e-01
2.760000000000000000e+02 5.737240348114844846e-01
2.765000000000000000e+02 5.706098730332861413e-01
2.770000000000000000e+02 5.675680999420095185e-01
2.775000000000000000e+02 5.645613273556863154e-01
2.780000000000000000e+02 5.616236496515845111e-01
2.790000000000000000e+02 5.559137414133900057e-01
2.795000000000000000e+02 5.531051875023101916e-01
2.800000000000000000e+02 5.503928154870962874e-01
2.805000000000000000e+02 5.476759012921356140e-01
2.810000000000000000e+02 5.450517130194090232e-01
2.815000000000000000e+02 5.424538560844033297e-01
2.825000000000000000e+02 5.373975469907268376e-01
2.835000000000000000e+02 5.324994154758626586e-01
2.840000000000000000e+02 5.301149424200709559e-01
2.845000000000000000e+02 5.277524018308650255e-01
2.850000000000000000e+02 5.254408212366173947e-01
2.855000000000000000e+02 5.231789387118901402e-01
2.860000000000000000e+02 5.209368113236031439e-01
2.865000000000000000e+02 5.187426003778587980e-01
2.870000000000000000e+02 5.165951649359266096e-01
2.875000000000000000e+02 5.144376803188419611e-01
2.880000000000000000e+02 5.123535043311934212e-01
2.885000000000000000e+02 5.102861383595631573e-01
2.890000000000000000e+02 5.082624267121653716e-01
2.895000000000000000e+02 5.062545895525280004e-01
2.900000000000000000e+02 5.042624345595975166e-01
2.905000000000000000e+02 5.023383755586565691e-01
2.910000000000000000e+02 5.004025892002972320e-01
2.915000000000000000e+02 4.985331116528244344e-01
2.920000000000000000e+02 4.966515817112471254e-01
2.925000000000000000e+02 4.948346672298087889e-01
2.930000000000000000e+02 4.930305684698000346e-01
2.935000000000000000e+02 4.912391480164616797e-01
2.940000000000000000e+02 4.894850157212634612e-01
2.955000000000000000e+02 4.843665456696609195e-01
2.960000000000000000e+02 4.827069905508359904e-01
2.965000000000000000e+02 4.810819682660356089e-01
2.970000000000000000e+02 4.794672283401320567e-01
2.975000000000000000e+02 4.778626735909237699e-01
2.980000000000000000e+02 4.762914555355803325e-01
2.985000000000000000e+02 4.747529659259248080e-01
2.990000000000000000e+02 4.732237014641189066e-01
2.995000000000000000e+02 4.717035802715396908e-01
3.000000000000000000e+02 4.702151140139707586e-01
3.005000000000000000e+02 4.687577523509743327e-01
3.010000000000000000e+02 4.673086745307376555e-01
3.015000000000000000e+02 4.658678114892962352e-01
3.020000000000000000e+02 4.644570879146693310e-01
3.025000000000000000e+02 4.630760053072335847e-01
3.030000000000000000e+02 4.617023667711731560e-01
3.035000000000000000e+02 4.603361139830648985e-01
3.040000000000000000e+02 4.589986332759280474e-01
3.045000000000000000e+02 4.576681567568552378e-01
3.050000000000000000e+02 4.563658168701640316e-01
3.055000000000000000e+02 4.550701202607577711e-01
3.060000000000000000e+02 4.538019563294037328e-01
3.065000000000000000e+02 4.525400941944643929e-01
3.070000000000000000e+02 4.513051906550790138e-01
3.075000000000000000e+02 4.500762657342041728e-01
3.080000000000000000e+02 4.488737536926461491e-01
3.085000000000000000e+02 4.476769143523549044e-01
3.090000000000000000e+02 4.464857096067983422e-01
3.095000000000000000e+02 4.453202527064080707e-01
3.100000000000000000e+02 4.441601430167750886e-01
3.105000000000000000e+02 4.430252918189291345e-01
3.110000000000000000e+02 4.418955157162490210e-01
3.115000000000000000e+02 4.407905330083617956e-01
3.120000000000000000e+02 4.396903677298820701e-01
3.125000000000000000e+02 4.386145538958186596e-01
3.130000000000000000e+02 4.375238407770632443e-01
3.135000000000000000e+02 4.364766192240973064e-01
3.140000000000000000e+02 4.354337396064699717e-01
3.145000000000000000e+02 4.343951766271736958e-01
3.150000000000000000e+02 4.333609051790004441e-01
3.155000000000000000e+02 4.323499422951294635e-01
3.160000000000000000e+02 4.313620185343263191e-01
3.165000000000000000e+02 4.303779882147664160e-01
3.170000000000000000e+02 4.293978298119889292e-01
3.175000000000000000e+02 4.284402553215154175e-01
3.180000000000000000e+02 4.274863594825321633e-01
3.185000000000000000e+02 4.265361224680768171e-01
3.190000000000000000e+02 4.256080404920087878e-01
3.195000000000000000e+02 4.246834356291062096e-01
3.200000000000000000e+02 4.237806691855036667e-01
3.205000000000000000e+02 4.228812081211370533e-01
3.215000000000000000e+02 4.211103190002389307e-01
3.220000000000000000e+02 4.202568549100932360e-01
3.225000000000000000e+02 4.193883146729820433e-01
3.230000000000000000e+02 4.185408745197742308e-01
3.235000000000000000e+02 4.176963944299280085e-01
3.240000000000000000e+02 4.168727495596616373e-01
3.245000000000000000e+02 4.160519219425680704e-01
3.250000000000000000e+02 4.152516798186806080e-01
3.255000000000000000e+02 4.144541204833510628e-01
3.260000000000000000e+02 4.136592310964708474e-01
3.265000000000000000e+02 4.128669988981153449e-01
3.270000000000000000e+02 4.120949883360700006e-01
3.275000000000000000e+02 4.113430408926778692e-01
3.280000000000000000e+02 4.105760337649217995e-01
3.285000000000000000e+02 4.098289721573915023e-01
3.295000000000000000e+02 4.083593962625841067e-01
3.300000000000000000e+02 4.076367722693216011e-01
3.305000000000000000e+02 4.069336984227322485e-01
3.310000000000000000e+02 4.062155874910290954e-01
3.315000000000000000e+02 4.055169245834122083e-01
3.320000000000000000e+02 4.048375819093995021e-01
3.325000000000000000e+02 4.041603247327374415e-01
3.330000000000000000e+02 4.034851436180095230e-01
3.335000000000000000e+02 4.028120291864417113e-01
3.340000000000000000e+02 4.021579794385315432e-01
3.345000000000000000e+02 4.015059085956305673e-01
3.350000000000000000e+02 4.008558077797445551e-01
3.355000000000000000e+02 4.002245785584353510e-01
3.360000000000000000e+02 3.995952384169527694e-01
3.365000000000000000e+02 3.989846312675600637e-01
3.370000000000000000e+02 3.983590138649217294e-01
3.375000000000000000e+02 3.977520551394356230e-01
3.380000000000000000e+02 3.971636645253240339e-01
3.385000000000000000e+02 3.965602671218965147e-01
3.390000000000000000e+02 3.959753699727491805e-01
3.395000000000000000e+02 3.954088913389087745e-01
3.400000000000000000e+02 3.948274076751751016e-01
3.405000000000000000e+02 3.942642809764423939e-01
3.410000000000000000e+02 3.937028082396846207e-01
3.415000000000000000e+02 3.931595903604572229e-01
3.420000000000000000e+02 3.926179710712136561e-01
3.425000000000000000e+02 3.920779433758085908e-01
3.430000000000000000e+02 3.915395003188952283e-01
3.435000000000000000e+02 3.910191693932139612e-01
3.440000000000000000e+02 3.905003739994483136e-01
3.445000000000000000e+02 3.899831074684477761e-01
3.450000000000000000e+02 3.894673631697378458e-01
3.455000000000000000e+02 3.889696062488323669e-01
3.460000000000000000e+02 3.884733286105965799e-01
3.465000000000000000e+02 3.879949709621660636e-01
3.470000000000000000e+02 3.875016193010973331e-01
3.475000000000000000e+02 3.870261505862244711e-01
3.480000000000000000e+02 3.865685258791901613e-01
3.485000000000000000e+02 3.860958997662021774e-01
3.490000000000000000e+02 3.856410864812249151e-01
3.495000000000000000e+02 3.851876659114326640e-01
3.500000000000000000e+02 3.847356322222973968e-01
3.505000000000000000e+02 3.843013527860910661e-01
3.510000000000000000e+02 3.838684350513740240e-01
3.515000000000000000e+02 3.834368734208877805e-01
3.520000000000000000e+02 3.830066623296898287e-01
3.525000000000000000e+02 3.825941501071200013e-01
3.530000000000000000e+02 3.821829692408219015e-01
3.535000000000000000e+02 3.817731144018987055e-01
3.540000000000000000e+02 3.813645802924411354e-01
3.545000000000000000e+02 3.809737071446780976e-01
3.550000000000000000e+02 3.805841415616794676e-01
3.555000000000000000e+02 3.801958784852250139e-01
3.560000000000000000e+02 3.798089128869367448e-01
3.565000000000000000e+02 3.794395879232148050e-01
3.570000000000000000e+02 3.790715533407879034e-01
3.575000000000000000e+02 3.787048043596554225e-01
3.580000000000000000e+02 3.783393362287232886e-01
3.585000000000000000e+02 3.779915061603804083e-01
3.590000000000000000e+02 3.776449559910106113e-01
3.595000000000000000e+02 3.772996812318810678e-01
3.600000000000000000e+02 3.769556774224593343e-01
3.605000000000000000e+02 3.766129401302380497e-01
3.610000000000000000e+02 3.762878577035350669e-01
3.615000000000000000e+02 3.759640472796192956e-01
3.620000000000000000e+02 3.756415047075991609e-01
3.625000000000000000e+02 3.753366467269686479e-01
3.630000000000000000e+02 3.750166361629859169e-01
3.635000000000000000e+02 3.747143220743323622e-01
3.640000000000000000e+02 3.744132797823520598e-01
3.645000000000000000e+02 3.741135054986994279e-01
3.650000000000000000e+02 3.738314734063167832e-01
3.655000000000000000e+02 3.735507277769258838e-01
3.665000000000000000e+02 3.729930821403769636e-01
3.670000000000000000e+02 3.727161753193779514e-01
3.675000000000000000e+02 3.724405413334283543e-01
3.680000000000000000e+02 3.721827445857771033e-01
3.685000000000000000e+02 3.719262463991989121e-01
3.690000000000000000e+02 3.716710437884737650e-01
3.695000000000000000e+02 3.714337571108574099e-01
3.700000000000000000e+02 3.711811546582927668e-01
3.705000000000000000e+02 3.709465009208323116e-01
3.710000000000000000e+02 3.707131700557270704e-01
3.715000000000000000e+02 3.704811595641540611e-01
3.720000000000000000e+02 3.702504669771161661e-01
3.725000000000000000e+02 3.700210898553612515e-01
3.730000000000000000e+02 3.698097954568750900e-01
3.735000000000000000e+02 3.695998572827911000e-01
3.740000000000000000e+02 3.693912733815493676e-01
3.745000000000000000e+02 3.691840418335647356e-01
3.750000000000000000e+02 3.689781607511881112e-01
3.755000000000000000e+02 3.687905228853638473e-01
3.760000000000000000e+02 3.686042843354956355e-01
3.770000000000000000e+02 3.682359998964294667e-01
3.775000000000000000e+02 3.680539514513561650e-01
3.780000000000000000e+02 3.678732972105043242e-01
3.785000000000000000e+02 3.677111018576506574e-01
3.790000000000000000e+02 3.675332611524291249e-01
3.795000000000000000e+02 3.673739375831066578e-01
3.800000000000000000e+02 3.672160647306674797e-01
3.805000000000000000e+02 3.670596420895453349e-01
3.810000000000000000e+02 3.669218945363889040e-01
3.815000000000000000e+02 3.667684034304872220e-01
3.820000000000000000e+02 3.666336548478492663e-01
3.825000000000000000e+02 3.664830945251714156e-01
3.830000000000000000e+02 3.663513451564158196e-01
3.835000000000000000e+02 3.662211137118115967e-01
3.840000000000000000e+02 3.661098385361041263e-01
3.845000000000000000e+02 3.659826809145896864e-01
3.850000000000000000e+02 3.658570428166676436e-01
3.855000000000000000e+02 3.657504764934515484e-01
3.860000000000000000e+02 3.656455086423420209e-01
3.870000000000000000e+02 3.654227002254037959e-01
3.875000000000000000e+02 3.653402099732294683e-01
3.880000000000000000e+02 3.652416503321869734e-01
3.885000000000000000e+02 3.651446965951468671e-01
3.890000000000000000e+02 3.650671935451650918e-01
3.895000000000000000e+02 3.649734988890792065e-01
3.900000000000000000e+02 3.648993465921015478e-01
3.905000000000000000e+02 3.648268962034407759e-01
3.910000000000000000e+02 3.647561504705768010e-01
3.915000000000000000e+02 3.646871122067054660e-01
3.920000000000000000e+02 3.646197842912038412e-01
3.925000000000000000e+02 3.645541696700998480e-01
3.930000000000000000e+02 3.644902713565578711e-01
3.935000000000000000e+02 3.644463550341367486e-01
3.940000000000000000e+02 3.643859468257766299e-01
3.945000000000000000e+02 3.643456272521118922e-01
3.950000000000000000e+02 3.643071380267075554e-01
3.955000000000000000e+02 3.642704835472591052e-01
3.965000000000000000e+02 3.641841235433085355e-01
3.970000000000000000e+02 3.641715737968624911e-01
3.975000000000000000e+02 3.641423039302700837e-01
3.980000000000000000e+02 3.641148920435688385e-01
3.985000000000000000e+02 3.640893430378315809e-01
3.990000000000000000e+02 3.640845104483391714e-01
3.995000000000000000e+02 3.640627577956258021e-01
4.000000000000000000e+02 3.640428836432162418e-01
4.005000000000000000e+02 3.640439130919690403e-01
4.010000000000000000e+02 3.640469486564304469e-01
4.015000000000000000e+02 3.640328562310651273e-01
4.020000000000000000e+02 3.640398631065197010e-01
4.025000000000000000e+02 3.640488960960365783e-01
4.030000000000000000e+02 3.640599622302620464e-01
4.035000000000000000e+02 3.640536840915983285e-01
4.040000000000000000e+02 3.640687750784896148e-01
4.045000000000000000e+02 3.640859205009913113e-01
4.050000000000000000e+02 3.641051278355996734e-01
4.055000000000000000e+02 3.641264046744353555e-01
4.060000000000000000e+02 3.641497587265191127e-01
4.065000000000000000e+02 3.641751978190655992e-01
4.070000000000000000e+02 3.642027298988020911e-01
4.075000000000000000e+02 3.642323630333111906e-01
4.080000000000000000e+02 3.642641054123935129e-01
4.085000000000000000e+02 3.642979653494601844e-01
4.095000000000000000e+02 3.643922441134105350e-01
4.100000000000000000e+02 3.644325767988494946e-01
4.105000000000000000e+02 3.644750620903749461e-01
4.110000000000000000e+02 3.645197089465029849e-01
4.115000000000000000e+02 3.645665264582936826e-01
4.120000000000000000e+02 3.646155238509193874e-01
4.125000000000000000e+02 3.646667104852653885e-01
4.130000000000000000e+02 3.647200958595551712e-01
4.135000000000000000e+02 3.647756896110085911e-01
4.140000000000000000e+02 3.648126892228656382e-01
4.145000000000000000e+02 3.648726553013375007e-01
4.150000000000000000e+02 3.649348589389141417e-01
4.155000000000000000e+02 3.649993103398958549e-01
4.160000000000000000e+02 3.650449126611825523e-01
4.165000000000000000e+02 3.651138145590911988e-01
4.170000000000000000e+02 3.651637391266969734e-01
4.175000000000000000e+02 3.652371317294708097e-01
4.180000000000000000e+02 3.652914170047533160e-01
4.185000000000000000e+02 3.653478602712187939e-01
4.190000000000000000e+02 3.654064709870212257e-01
4.195000000000000000e+02 3.654672587461505473e-01
4.200000000000000000e+02 3.655302332800783316e-01
4.205000000000000000e+02 3.655954044594312280e-01
4.210000000000000000e+02 3.656409252672435106e-01
4.215000000000000000e+02 3.657104421319360976e-01
4.220000000000000000e+02 3.657601768473101589e-01
4.225000000000000000e+02 3.658119951245432655e-01
4.230000000000000000e+02 3.658659057703281259e-01
4.235000000000000000e+02 3.659219177167758463e-01
4.240000000000000000e+02 3.659577350485420100e-01
4.245000000000000000e+02 3.660179002436113604e-01
4.250000000000000000e+02 3.660577395633256570e-01
4.255000000000000000e+02 3.660995657399900294e-01
4.260000000000000000e+02 3.661433866422580397e-01
4.265000000000000000e+02 3.661665401154969857e-01
4.270000000000000000e+02 3.662142998618899692e-01
4.275000000000000000e+02 3.662412629110395890e-01
4.285000000000000000e+02 3.662778838801729608e-01
4.290000000000000000e+02 3.662874167948292903e-01
4.295000000000000000e+02 3.662987104224862400e-01
4.300000000000000000e+02 3.663117703976905837e-01
4.305000000000000000e+02 3.663033846117416115e-01
4.310000000000000000e+02 3.662966442466452088e-01
4.315000000000000000e+02 3.662682132664045187e-01
4.320000000000000000e+02 3.662647128847786315e-01
4.325000000000000000e+02 3.662394063787760001e-01
4.330000000000000000e+02 3.661921178520852194e-01
4.335000000000000000e+02 3.661462548851093790e-01
4.340000000000000000e+02 3.661018200147258539e-01
4.345000000000000000e+02 3.660351338425800738e-01
4.355000000000000000e+02 3.658819610794185606e-01
4.360000000000000000e+02 3.657953797212743496e-01
4.365000000000000000e+02 3.656861630152343223e-01
4.370000000000000000e+02 3.655780905434647954e-01
4.375000000000000000e+02 3.654472170982335233e-01
4.380000000000000000e+02 3.652934327304828144e-01
4.385000000000000000e+02 3.651646539016914494e-01
4.390000000000000000e+02 3.649888545486913438e-01
4.395000000000000000e+02 3.648139924643790111e-01
4.400000000000000000e+02 3.646159785768621764e-01
4.405000000000000000e+02 3.644188514078271490e-01
4.410000000000000000e+02 3.641984842151147483e-01
4.415000000000000000e+02 3.639548271284647196e-01
4.420000000000000000e+02 3.637119871894810563e-01
4.425000000000000000e+02 3.634458103904692483e-01
4.430000000000000000e+02 3.631562783875548206e-01
4.435000000000000000e+02 3.628675353061893150e-01
4.440000000000000000e+02 3.625554322158071607e-01
4.445000000000000000e+02 3.622199827440663045e-01
4.450000000000000000e+02 3.618612166355170134e-01
4.455000000000000000e+02 3.615032776253849223e-01
4.460000000000000000e+02 3.610980048926210606e-01
4.465000000000000000e+02 3.606936398255520815e-01
4.470000000000000000e+02 3.602661623685328163e-01
4.475000000000000000e+02 3.598396455928604687e-01
4.480000000000000000e+02 3.593661973902360640e-01
4.485000000000000000e+02 3.588938534536280645e-01
4.490000000000000000e+02 3.583987593721851272e-01
4.495000000000000000e+02 3.578810555178003061e-01
4.500000000000000000e+02 3.573408975140122679e-01
4.505000000000000000e+02 3.567784560060007215e-01
4.510000000000000000e+02 3.561939164042164929e-01
4.515000000000000000e+02 3.556110109438798683e-01
4.520000000000000000e+02 3.550062691035841267e-01
4.525000000000000000e+02 3.543565236735751189e-01
4.535000000000000000e+02 3.530632261281911877e-01
4.540000000000000000e+02 3.523734071338959772e-01
4.550000000000000000e+02 3.509550620032051427e-01
4.555000000000000000e+02 3.502268970607891330e-01
4.560000000000000000e+02 3.494787459616615632e-01
4.570000000000000000e+02 3.479461920941734343e-01
4.575000000000000000e+02 3.471621896711014621e-01
4.580000000000000000e+02 3.463592204043276501e-01
4.585000000000000000e+02 3.455376131810409257e-01
4.590000000000000000e+02 3.447197297739093003e-01
4.595000000000000000e+02 3.438836404655765122e-01
4.600000000000000000e+02 3.430296897237308240e-01
4.610000000000000000e+02 3.412911320441712193e-01
4.615000000000000000e+02 3.404283610411756866e-01
4.620000000000000000e+02 3.395273849706005875e-01
4.625000000000000000e+02 3.386523069548622589e-01
4.630000000000000000e+02 3.377397538683089007e-01
4.635000000000000000e+02 3.368321813036906920e-01
4.640000000000000000e+02 3.359295465150115012e-01
4.645000000000000000e+02 3.350112452639757432e-01
4.650000000000000000e+02 3.340776507538584794e-01
4.655000000000000000e+02 3.331494153085138854e-01
4.660000000000000000e+02 3.322264901973132623e-01
4.665000000000000000e+02 3.312888312740004948e-01
4.670000000000000000e+02 3.303368140797560693e-01
4.675000000000000000e+02 3.294102288547748891e-01
4.680000000000000000e+02 3.284694639923065873e-01
4.685000000000000000e+02 3.275148915559659146e-01
4.690000000000000000e+02 3.265661649433986291e-01
4.695000000000000000e+02 3.256232269553619996e-01
4.700000000000000000e+02 3.246860211781130712e-01
4.705000000000000000e+02 3.237356340083289430e-01
4.710000000000000000e+02 3.227911461911585622e-01
4.715000000000000000e+02 3.218524991075492059e-01
4.720000000000000000e+02 3.209011982114522432e-01
4.730000000000000000e+02 3.190346999314229159e-01
4.735000000000000000e+02 3.180830643743204345e-01
4.740000000000000000e+02 3.171554097868059530e-01
4.745000000000000000e+02 3.162157694202606950e-01
4.750000000000000000e+02 3.152997176386302947e-01
4.755000000000000000e+02 3.143718310208693523e-01
4.760000000000000000e+02 3.134497991875391243e-01
4.765000000000000000e+02 3.125163465247218775e-01
4.770000000000000000e+02 3.116059769090386289e-01
4.775000000000000000e+02 3.107012852858774266e-01
4.780000000000000000e+02 3.097853865330046363e-01
4.785000000000000000e+02 3.088920067602795583e-01
4.790000000000000000e+02 3.079875599110669659e-01
4.795000000000000000e+02 3.070888157432700161e-01
4.800000000000000000e+02 3.061957165167628614e-01
4.805000000000000000e+02 3.053082053129357876e-01
4.810000000000000000e+02 3.044262260196012315e-01
4.815000000000000000e+02 3.035497233162464115e-01
4.820000000000000000e+02 3.026786426596094759e-01
4.825000000000000000e+02 3.018129302695803373e-01
4.830000000000000000e+02 3.009525331154126460e-01
4.835000000000000000e+02 3.000973989022430177e-01
4.840000000000000000e+02 2.992474760579040272e-01
4.845000000000000000e+02 2.984027137200297441e-01
4.850000000000000000e+02 2.975630617234383823e-01
4.860000000000000000e+02 2.958839595102438214e-01
4.865000000000000000e+02 2.950594523111798595e-01
4.870000000000000000e+02 2.942398603863020656e-01
4.875000000000000000e+02 2.934251368925365200e-01
4.880000000000000000e+02 2.926152356135415245e-01
4.885000000000000000e+02 2.918101109488800415e-01
4.890000000000000000e+02 2.910240187544367862e-01
4.895000000000000000e+02 2.902282115288796760e-01
4.900000000000000000e+02 2.894370487501811695e-01
4.905000000000000000e+02 2.886504871633078784e-01
4.910000000000000000e+02 2.878823879261150354e-01
4.915000000000000000e+02 2.871048038730843466e-01
4.920000000000000000e+02 2.863454080914332178e-01
4.925000000000000000e+02 2.855766391118240710e-01
4.930000000000000000e+02 2.848257902214791359e-01
4.935000000000000000e+02 2.840791116756716250e-01
4.940000000000000000e+02 2.833232233349186058e-01
4.945000000000000000e+02 2.825848650709570919e-01
4.950000000000000000e+02 2.818505673030350933e-01
4.960000000000000000e+02 2.804070025891124973e-01
4.965000000000000000e+02 2.796845893993908372e-01
4.970000000000000000e+02 2.789660983946711803e-01
4.975000000000000000e+02 2.782642327528314086e-01
4.980000000000000000e+02 2.775534016269952664e-01
4.985000000000000000e+02 2.768589659004327963e-01
4.990000000000000000e+02 2.761681583917391380e-01
4.995000000000000000e+02 2.754809491924046783e-01
5.000000000000000000e+02 2.747973087387713398e-01
5.005000000000000000e+02 2.741172078068984108e-01
5.010000000000000000e+02 2.734406175075201895e-01
5.015000000000000000e+02 2.727796140393761726e-01
5.020000000000000000e+02 2.721098838247873464e-01
5.025000000000000000e+02 2.714555359086832653e-01
5.030000000000000000e+02 2.708044399005438696e-01
5.035000000000000000e+02 2.701565704479789720e-01
5.040000000000000000e+02 2.695119024745017966e-01
5.045000000000000000e+02 2.688704111756523019e-01
5.050000000000000000e+02 2.682320720151828986e-01
5.055000000000000000e+02 2.675968607213176642e-01
5.060000000000000000e+02 2.669762155625504119e-01
5.065000000000000000e+02 2.663585155814612859e-01
5.070000000000000000e+02 2.657324092953387562e-01
5.075000000000000000e+02 2.651205999704426830e-01
5.080000000000000000e+02 2.645116705534322765e-01
5.085000000000000000e+02 2.639167347740901115e-01
5.090000000000000000e+02 2.633134381220069153e-01
5.095000000000000000e+02 2.627129591558721722e-01
5.100000000000000000e+02 2.621262238355134278e-01
5.105000000000000000e+02 2.615421423864952577e-01
5.110000000000000000e+02 2.609606961987014362e-01
5.115000000000000000e+02 2.603818668432941741e-01
5.120000000000000000e+02 2.598056360704350531e-01
5.125000000000000000e+02 2.592319858070442629e-01
5.130000000000000000e+02 2.586714891557677642e-01
5.135000000000000000e+02 2.581028884815214086e-01
5.140000000000000000e+02 2.575472927898784237e-01
5.145000000000000000e+02 2.569940949867633995e-01
5.150000000000000000e+02 2.564432791278753454e-01
5.155000000000000000e+02 2.558948294157427084e-01
5.160000000000000000e+02 2.553589895174224189e-01
5.165000000000000000e+02 2.548151714392127287e-01
5.170000000000000000e+02 2.542838269028355191e-01
5.175000000000000000e+02 2.537445805646040831e-01
5.180000000000000000e+02 2.532176735762874387e-01
5.185000000000000000e+02 2.526929385865154809e-01
5.190000000000000000e+02 2.521803113091836135e-01
5.195000000000000000e+02 2.516598291972643731e-01
5.200000000000000000e+02 2.511513296445868071e-01
5.205000000000000000e+02 2.506350479394304775e-01
5.210000000000000000e+02 2.501306254606499579e-01
5.215000000000000000e+02 2.496281991225895724e-01
5.220000000000000000e+02 2.491277569064912767e-01
5.225000000000000000e+02 2.486292868931405387e-01
5.230000000000000000e+02 2.481423450865989366e-01
5.235000000000000000e+02 2.476477380389076888e-01
5.240000000000000000e+02 2.471645456742578018e-01
5.245000000000000000e+02 2.466831895331365321e-01
5.250000000000000000e+02 2.462036590647528334e-01
5.255000000000000000e+02 2.457259438013934816e-01
5.260000000000000000e+02 2.452500333575876601e-01
5.265000000000000000e+02 2.447851783274549720e-01
5.275000000000000000e+02 2.438513810765821910e-01
5.280000000000000000e+02 2.433916394649671966e-01
5.285000000000000000e+02 2.429335699371613644e-01
5.290000000000000000e+02 2.424771633597372633e-01
5.295000000000000000e+02 2.420314269024053111e-01
5.300000000000000000e+02 2.415782791991772371e-01
5.305000000000000000e+02 2.411357056270942989e-01
5.310000000000000000e+02 2.406946817940276706e-01
5.315000000000000000e+02 2.402551996009447133e-01
5.320000000000000000e+02 2.398172510063168172e-01
5.325000000000000000e+02 2.393808280255987353e-01
5.330000000000000000e+02 2.389546732169206822e-01
5.335000000000000000e+02 2.385212406638190785e-01
5.340000000000000000e+02 2.380979880785903946e-01
5.345000000000000000e+02 2.376761578405162945e-01
5.350000000000000000e+02 2.372557428632352527e-01
5.355000000000000000e+02 2.368367361081208378e-01
5.360000000000000000e+02 2.364191305838719837e-01
5.365000000000000000e+02 2.360114229513059214e-01
5.370000000000000000e+02 2.355965646239794042e-01
5.375000000000000000e+02 2.351915230143787061e-01
5.380000000000000000e+02 2.347877882672910754e-01
5.385000000000000000e+02 2.343853541727227152e-01
5.390000000000000000e+02 2.339842145603732992e-01
5.395000000000000000e+02 2.335926696257076829e-01
5.400000000000000000e+02 2.331940683603118125e-01
5.405000000000000000e+02 2.328049865538708296e-01
5.410000000000000000e+02 2.324171123617701784e-01
5.415000000000000000e+02 2.320304402993795534e-01
5.420000000000000000e+02 2.316449649154005141e-01
5.425000000000000000e+02 2.312606807916128271e-01
5.430000000000000000e+02 2.308856741605075369e-01
5.435000000000000000e+02 2.305037263864948005e-01
5.440000000000000000e+02 2.301309867129238962e-01
5.445000000000000000e+02 2.297593586737306792e-01
5.450000000000000000e+02 2.293888374487601800e-01
5.455000000000000000e+02 2.290194182456729843e-01
5.460000000000000000e+02 2.286510962997450047e-01
5.465000000000000000e+02 2.282838668736638099e-01
5.470000000000000000e+02 2.279255890244971938e-01
5.475000000000000000e+02 2.275683396139649706e-01
5.480000000000000000e+02 2.272121143761303141e-01
5.485000000000000000e+02 2.268569090684776912e-01
5.490000000000000000e+02 2.265027194717518511e-01
5.495000000000000000e+02 2.261495413897985085e-01
5.500000000000000000e+02 2.257973706494035837e-01
5.505000000000000000e+02 2.254538826746833313e-01
5.510000000000000000e+02 2.251113428161244656e-01
5.515000000000000000e+02 2.247697473142951929e-01
5.520000000000000000e+02 2.244290924293871337e-01
5.525000000000000000e+02 2.240893744410870081e-01
5.530000000000000000e+02 2.237505896484497381e-01
5.535000000000000000e+02 2.234202667221239780e-01
5.540000000000000000e+02 2.230833129708383600e-01
5.545000000000000000e+02 2.227547663133313538e-01
5.550000000000000000e+02 2.224270910788385680e-01
5.555000000000000000e+02 2.221002839654315220e-01
5.560000000000000000e+02 2.217743416875640194e-01
5.565000000000000000e+02 2.214492609759719788e-01
5.570000000000000000e+02 2.211324095146533220e-01
5.575000000000000000e+02 2.208090195184366222e-01
5.580000000000000000e+02 2.204938080953791346e-01
5.585000000000000000e+02 2.201794013742433553e-01
5.590000000000000000e+02 2.198657964347636162e-01
5.595000000000000000e+02 2.195529903704815933e-01
5.600000000000000000e+02 2.192409802886686743e-01
5.605000000000000000e+02 2.189297633102435525e-01
5.610000000000000000e+02 2.186265360706949046e-01
5.615000000000000000e+02 2.183240550351699949e-01
5.620000000000000000e+02 2.180151582956038614e-01
5.625000000000000000e+02 2.177141818643280602e-01
5.630000000000000000e+02 2.174139437991206292e-01
5.635000000000000000e+02 2.171215411249390881e-01
5.640000000000000000e+02 2.168227523553499514e-01
5.645000000000000000e+02 2.165246943694236759e-01
5.650000000000000000e+02 2.162344060685705560e-01
5.655000000000000000e+02 2.159448053138256496e-01
5.660000000000000000e+02 2.156558898082913123e-01
5.665000000000000000e+02 2.153676572649889653e-01
5.670000000000000000e+02 2.150801054068061935e-01
5.675000000000000000e+02 2.147932319664463685e-01
5.680000000000000000e+02 2.145070346863742206e-01
5.685000000000000000e+02 2.142284244480710254e-01
5.690000000000000000e+02 2.139504503615646258e-01
5.695000000000000000e+02 2.136662318532820404e-01
5.700000000000000000e+02 2.133895411600388314e-01
5.705000000000000000e+02 2.131134804550968154e-01
5.710000000000000000e+02 2.128448747890894499e-01
5.715000000000000000e+02 2.125700509768645996e-01
5.720000000000000000e+02 2.122958511812054194e-01
5.725000000000000000e+02 2.120290503795869697e-01
5.730000000000000000e+02 2.117628367189170469e-01
5.735000000000000000e+02 2.114972083839430084e-01
5.740000000000000000e+02 2.112321635666372377e-01
5.745000000000000000e+02 2.109677004661620892e-01
5.750000000000000000e+02 2.107038172888353600e-01
5.755000000000000000e+02 2.104405122480944856e-01
5.760000000000000000e+02 2.101844502361846223e-01
5.765000000000000000e+02 2.099222804611051429e-01
5.770000000000000000e+02 2.096673197453590431e-01
5.775000000000000000e+02 2.094128997999248620e-01
5.780000000000000000e+02 2.091590190137101457e-01
5.785000000000000000e+02 2.089056757818005816e-01
5.790000000000000000e+02 2.086528685054309662e-01
5.795000000000000000e+02 2.084071592298594733e-01
5.800000000000000000e+02 2.081554045498535399e-01
5.805000000000000000e+02 2.079107165095118726e-01
5.810000000000000000e+02 2.076665300196997022e-01
5.815000000000000000e+02 2.074163355075809290e-01
5.820000000000000000e+02 2.071731613654524407e-01
5.830000000000000000e+02 2.066947707294243819e-01
5.835000000000000000e+02 2.064530704117611692e-01
5.840000000000000000e+02 2.062183044547348243e-01
5.845000000000000000e+02 2.059775752439182150e-01
5.850000000000000000e+02 2.057437516509199871e-01
5.855000000000000000e+02 2.055103909735823131e-01
5.860000000000000000e+02 2.052774919194776670e-01
5.865000000000000000e+02 2.050450532008409044e-01
5.870000000000000000e+02 2.048130735345471964e-01
5.875000000000000000e+02 2.045815516420935731e-01
5.880000000000000000e+02 2.043568277636307329e-01
5.885000000000000000e+02 2.041262052639537528e-01
5.890000000000000000e+02 2.039023544036135949e-01
5.895000000000000000e+02 2.036789325002491546e-01
5.905000000000000000e+02 2.032333709117772336e-01
5.910000000000000000e+02 2.030112289105606704e-01
5.915000000000000000e+02 2.027895112340656891e-01
5.920000000000000000e+02 2.025682167343833828e-01
5.925000000000000000e+02 2.023535827185633518e-01
5.930000000000000000e+02 2.021331198353897296e-01
5.935000000000000000e+02 2.019192933514093735e-01
5.940000000000000000e+02 2.017058637625767648e-01
5.945000000000000000e+02 2.014928300194084587e-01
5.950000000000000000e+02 2.012801910760361190e-01
5.955000000000000000e+02 2.010679458901911409e-01
5.960000000000000000e+02 2.008560934231900796e-01
5.965000000000000000e+02 2.006507873473291348e-01
5.970000000000000000e+02 2.004397068577879470e-01
5.975000000000000000e+02 2.002351507724979829e-01
5.980000000000000000e+02 2.000248382429471450e-01
5.985000000000000000e+02 1.998210282344545508e-01
5.990000000000000000e+02 1.996175850404869334e-01
5.995000000000000000e+02 1.994145077137421396e-01
6.000000000000000000e+02 1.992117953101211481e-01
6.005000000000000000e+02 1.990155245256850502e-01
6.010000000000000000e+02 1.988135297014812508e-01
6.015000000000000000e+02 1.986179565008238113e-01
6.020000000000000000e+02 1.984166755985102004e-01
6.025000000000000000e+02 1.982217964130132404e-01
6.030000000000000000e+02 1.980272585831708565e-01
6.035000000000000000e+02 1.978330612437786407e-01
6.040000000000000000e+02 1.976392035325186813e-01
6.045000000000000000e+02 1.974456845899472679e-01
6.050000000000000000e+02 1.972525035594839549e-01
6.055000000000000000e+02 1.970596595873986001e-01
6.060000000000000000e+02 1.968731338422254618e-01
6.065000000000000000e+02 1.966809529164368908e-01
6.070000000000000000e+02 1.964950722339882938e-01
6.075000000000000000e+02 1.963095089812744443e-01
6.080000000000000000e+02 1.961242623667353302e-01
6.085000000000000000e+02 1.959393316014220454e-01
6.090000000000000000e+02 1.957547158989855485e-01
6.095000000000000000e+02 1.955704144756646445e-01
6.100000000000000000e+02 1.953864265502774089e-01
6.105000000000000000e+02 1.952027513442095852e-01
6.110000000000000000e+02 1.950252927390214441e-01
6.115000000000000000e+02 1.948422329908368333e-01
6.120000000000000000e+02 1.946653737234425585e-01
6.125000000000000000e+02 1.944888095512581627e-01
6.130000000000000000e+02 1.943125397486990813e-01
6.135000000000000000e+02 1.941365635925480504e-01
6.140000000000000000e+02 1.939608803619472244e-01
6.145000000000000000e+02 1.937854893383867683e-01
6.150000000000000000e+02 1.936103898056966699e-01
6.155000000000000000e+02 1.934414236188733982e-01
6.160000000000000000e+02 1.932668980917415791e-01
6.165000000000000000e+02 1.930984915374008848e-01
6.170000000000000000e+02 1.929245372269356440e-01
6.175000000000000000e+02 1.927566875704525007e-01
6.180000000000000000e+02 1.925891122950857959e-01
6.185000000000000000e+02 1.924218107343829698e-01
6.190000000000000000e+02 1.922547822240448512e-01
6.195000000000000000e+02 1.920880261019170254e-01
6.200000000000000000e+02 1.919215417079826458e-01
6.205000000000000000e+02 1.917611093415274859e-01
6.210000000000000000e+02 1.915951603978874040e-01
6.215000000000000000e+02 1.914294812253352629e-01
6.220000000000000000e+02 1.912698347447736313e-01
6.225000000000000000e+02 1.911104454123118690e-01
6.230000000000000000e+02 1.909513126086875845e-01
6.235000000000000000e+02 1.907866880695996137e-01
6.240000000000000000e+02 1.906280717650216117e-01
6.245000000000000000e+02 1.904697101347825328e-01
6.250000000000000000e+02 1.903173343666747230e-01
6.255000000000000000e+02 1.901594749875485102e-01
6.260000000000000000e+02 1.900018684631230026e-01
6.265000000000000000e+02 1.898502308985075826e-01
6.270000000000000000e+02 1.896931230282354330e-01
6.275000000000000000e+02 1.895419731294081533e-01
6.280000000000000000e+02 1.893853615398075896e-01
6.285000000000000000e+02 1.892346969721545868e-01
6.290000000000000000e+02 1.890842719348158341e-01
6.295000000000000000e+02 1.889340858570280612e-01
6.300000000000000000e+02 1.887841381698399379e-01
6.305000000000000000e+02 1.886344283061049398e-01
6.310000000000000000e+02 1.884849557004741050e-01
6.315000000000000000e+02 1.883357197893890111e-01
6.320000000000000000e+02 1.881923862954170967e-01
6.325000000000000000e+02 1.880436176105985957e-01
6.330000000000000000e+02 1.879007419556319169e-01
6.335000000000000000e+02 1.877524382918942247e-01
6.340000000000000000e+02 1.876100183039615121e-01
6.345000000000000000e+02 1.874678234502311913e-01
6.350000000000000000e+02 1.873258531990133757e-01
6.355000000000000000e+02 1.871841070202916735e-01
6.360000000000000000e+02 1.870425843857164427e-01
6.365000000000000000e+02 1.869012847685976031e-01
6.370000000000000000e+02 1.867602076438997505e-01
6.375000000000000000e+02 1.866193524882340249e-01
6.380000000000000000e+02 1.864787187798524759e-01
6.385000000000000000e+02 1.863439226422679285e-01
6.390000000000000000e+02 1.862037265453680424e-01
6.395000000000000000e+02 1.860693602172779348e-01
6.400000000000000000e+02 1.859295996877546875e-01
6.405000000000000000e+02 1.857956611537107949e-01
6.410000000000000000e+02 1.856619342486930391e-01
6.415000000000000000e+02 1.855284184788359991e-01
6.420000000000000000e+02 1.853951133518129679e-01
6.425000000000000000e+02 1.852620183768300122e-01
6.430000000000000000e+02 1.851291330646208100e-01
6.435000000000000000e+02 1.849964569274400172e-01
6.440000000000000000e+02 1.848639894790571614e-01
6.445000000000000000e+02 1.847373099106541239e-01
6.450000000000000000e+02 1.846052553961293752e-01
6.455000000000000000e+02 1.844734081258677660e-01
6.460000000000000000e+02 1.843473390044174653e-01
6.465000000000000000e+02 1.842159018074338017e-01
6.470000000000000000e+02 1.840902365277255204e-01
6.475000000000000000e+02 1.839647713192505696e-01
6.480000000000000000e+02 1.838395057221803852e-01
6.490000000000000000e+02 1.835840145976836979e-01
6.495000000000000000e+02 1.834593473714206113e-01
6.505000000000000000e+02 1.832161559130424389e-01
6.510000000000000000e+02 1.830920784071776442e-01
6.515000000000000000e+02 1.829681973333919520e-01
6.520000000000000000e+02 1.828445122430708558e-01
6.525000000000000000e+02 1.827265644129736633e-01
6.530000000000000000e+02 1.826032676997799420e-01
6.535000000000000000e+02 1.824857035313172116e-01
6.540000000000000000e+02 1.823627934352641256e-01
6.545000000000000000e+02 1.822456111915499444e-01
6.550000000000000000e+02 1.821286184786580498e-01
6.555000000000000000e+02 1.820062839182129966e-01
6.560000000000000000e+02 1.818896705490394283e-01
6.565000000000000000e+02 1.817732454326286273e-01
6.570000000000000000e+02 1.816570081470123554e-01
6.575000000000000000e+02 1.815409582715140357e-01
6.580000000000000000e+02 1.814250953867438676e-01
6.585000000000000000e+02 1.813094190745943857e-01
6.590000000000000000e+02 1.811939289182347979e-01
6.595000000000000000e+02 1.810841431082103603e-01
6.600000000000000000e+02 1.809690224940561920e-01
6.605000000000000000e+02 1.808540867970840349e-01
6.610000000000000000e+02 1.807448503170096255e-01
6.615000000000000000e+02 1.806302817091311186e-01
6.620000000000000000e+02 1.805158967911023593e-01
6.625000000000000000e+02 1.804072060101249153e-01
6.630000000000000000e+02 1.802986957718925587e-01
6.635000000000000000e+02 1.801848564916116724e-01
6.640000000000000000e+02 1.800767069868248194e-01
6.645000000000000000e+02 1.799687368456909520e-01
6.650000000000000000e+02 1.798554396145996825e-01
6.655000000000000000e+02 1.797478278466913548e-01
6.660000000000000000e+02 1.796403942741254534e-01
6.665000000000000000e+02 1.795331385112727829e-01
6.670000000000000000e+02 1.794260601736800964e-01
6.675000000000000000e+02 1.793191588780661261e-01
6.680000000000000000e+02 1.792124342423173089e-01
6.685000000000000000e+02 1.791058858854832625e-01
6.690000000000000000e+02 1.789995134277725664e-01
6.695000000000000000e+02 1.788988153986616758e-01
6.700000000000000000e+02 1.787927928306556891e-01
6.705000000000000000e+02 1.786869450335626386e-01
6.710000000000000000e+02 1.785812716321786009e-01
6.715000000000000000e+02 1.784812687576303458e-01
6.720000000000000000e+02 1.783759422699188746e-01
6.730000000000000000e+02 1.781713036822859253e-01
6.735000000000000000e+02 1.780664951831849585e-01
6.740000000000000000e+02 1.779673529598662651e-01
6.745000000000000000e+02 1.778683817430815051e-01
6.750000000000000000e+02 1.777640872109624293e-01
6.755000000000000000e+02 1.776654570073289696e-01
6.760000000000000000e+02 1.775615035614637183e-01
6.765000000000000000e+02 1.774632129491973964e-01
6.770000000000000000e+02 1.773650915796522731e-01
6.775000000000000000e+02 1.772671391051341694e-01
6.780000000000000000e+02 1.771638628305140517e-01
6.785000000000000000e+02 1.770662471386012793e-01
6.790000000000000000e+02 1.769687993004637194e-01
6.795000000000000000e+02 1.768715189726597636e-01
6.800000000000000000e+02 1.767744058128005447e-01
6.805000000000000000e+02 1.766774594795462450e-01
6.810000000000000000e+02 1.765751880748757385e-01
6.815000000000000000e+02 1.764785743792872397e-01
6.820000000000000000e+02 1.763821264879969486e-01
6.825000000000000000e+02 1.762858440638266633e-01
6.830000000000000000e+02 1.761897267706286907e-01
6.835000000000000000e+02 1.760937742732819333e-01
6.840000000000000000e+02 1.759979862376883919e-01
6.845000000000000000e+02 1.759023623307695572e-01
6.850000000000000000e+02 1.758069022204626908e-01
6.860000000000000000e+02 1.756219637854093685e-01
6.865000000000000000e+02 1.755269931236875247e-01
6.870000000000000000e+02 1.754321849449289872e-01
6.875000000000000000e+02 1.753375389220933334e-01
6.880000000000000000e+02 1.752430547291342344e-01
6.885000000000000000e+02 1.751487320409963189e-01
6.890000000000000000e+02 1.750545705336114810e-01
6.895000000000000000e+02 1.749605698838954948e-01
6.900000000000000000e+02 1.748667297697442391e-01
6.905000000000000000e+02 1.747785427966896399e-01
6.910000000000000000e+02 1.746850228731274823e-01
6.915000000000000000e+02 1.745916625291613344e-01
6.920000000000000000e+02 1.744984614465715234e-01
6.925000000000000000e+02 1.744054193081020498e-01
6.930000000000000000e+02 1.743125357974561473e-01
6.935000000000000000e+02 1.742198105992939783e-01
6.940000000000000000e+02 1.741272433992286650e-01
6.950000000000000000e+02 1.739480762444956252e-01
6.955000000000000000e+02 1.738559812844115149e-01
6.960000000000000000e+02 1.737640430788165991e-01
6.965000000000000000e+02 1.736722613180376462e-01
6.970000000000000000e+02 1.735806356933343175e-01
6.975000000000000000e+02 1.734891658968967243e-01
6.980000000000000000e+02 1.733978516218414589e-01
6.985000000000000000e+02 1.733066925622088750e-01
6.990000000000000000e+02 1.732156884129595620e-01
6.995000000000000000e+02 1.731248388699714313e-01
7.000000000000000000e+02 1.730286476996615308e-01
7.005000000000000000e+02 1.729381062932888458e-01
7.010000000000000000e+02 1.728477185818272088e-01
7.015000000000000000e+02 1.727574842647934816e-01
7.020000000000000000e+02 1.726674030426058881e-01
7.030000000000000000e+02 1.724822023721049591e-01
7.035000000000000000e+02 1.723925784523394067e-01
7.045000000000000000e+02 1.722082897941098478e-01
7.050000000000000000e+02 1.721191204863413704e-01
7.055000000000000000e+02 1.720246062328694148e-01
7.060000000000000000e+02 1.719357384452033233e-01
7.065000000000000000e+02 1.718415253737505810e-01
7.070000000000000000e+02 1.717474626748563549e-01
7.075000000000000000e+02 1.716590448359421317e-01
7.080000000000000000e+02 1.715652815221960503e-01
7.085000000000000000e+02 1.714716676804986517e-01
7.090000000000000000e+02 1.713782030111075938e-01
7.100000000000000000e+02 1.711972132413244474e-01
7.105000000000000000e+02 1.711041938651153560e-01
7.110000000000000000e+02 1.710058300920523910e-01
7.115000000000000000e+02 1.709131068183073476e-01
7.120000000000000000e+02 1.708205309365216917e-01
7.125000000000000000e+02 1.707281021529607201e-01
7.130000000000000000e+02 1.706358201747360248e-01
7.135000000000000000e+02 1.705381951062140133e-01
7.140000000000000000e+02 1.704462062701348202e-01
7.145000000000000000e+02 1.703488752558851849e-01
7.150000000000000000e+02 1.702516913662746878e-01
7.155000000000000000e+02 1.701601402366806626e-01
7.160000000000000000e+02 1.700632486175288616e-01
7.165000000000000000e+02 1.699665032294048750e-01
7.170000000000000000e+02 1.698699037749062946e-01
7.175000000000000000e+02 1.697734499574690137e-01
7.180000000000000000e+02 1.696771414813650902e-01
7.185000000000000000e+02 1.695809780516980836e-01
7.190000000000000000e+02 1.694794809220493137e-01
7.195000000000000000e+02 1.693836077584119082e-01
7.200000000000000000e+02 1.692878787578886157e-01
7.205000000000000000e+02 1.691868190177878706e-01
7.210000000000000000e+02 1.690859056344240774e-01
7.215000000000000000e+02 1.689851383071256374e-01
7.220000000000000000e+02 1.688899861614072129e-01
7.225000000000000000e+02 1.687895083261717888e-01
7.235000000000000000e+02 1.685835235743592120e-01
7.240000000000000000e+02 1.684834820464752581e-01
7.245000000000000000e+02 1.683835847880816305e-01
7.250000000000000000e+02 1.682783730413492107e-01
7.255000000000000000e+02 1.681733090624455418e-01
7.260000000000000000e+02 1.680738462391731247e-01
7.265000000000000000e+02 1.679690745043271316e-01
7.270000000000000000e+02 1.678644496309190659e-01
7.275000000000000000e+02 1.677599713172108209e-01
7.280000000000000000e+02 1.676501950663472906e-01
7.285000000000000000e+02 1.675460113346803059e-01
7.290000000000000000e+02 1.674419732586858167e-01
7.295000000000000000e+02 1.673326441119659946e-01
7.300000000000000000e+02 1.672234654162769452e-01
7.305000000000000000e+02 1.671144368628172949e-01
7.310000000000000000e+02 1.670055581436312164e-01
7.315000000000000000e+02 1.668968289516045145e-01
7.320000000000000000e+02 1.667882489804624335e-01
7.325000000000000000e+02 1.666798179247664380e-01
7.330000000000000000e+02 1.665661209139037147e-01
7.340000000000000000e+02 1.663445987830720063e-01
7.345000000000000000e+02 1.662313621603469516e-01
7.350000000000000000e+02 1.661182796010542140e-01
7.355000000000000000e+02 1.660053507909923232e-01
7.360000000000000000e+02 1.658871829210481208e-01
7.365000000000000000e+02 1.657745643311492323e-01
7.370000000000000000e+02 1.656567140484375977e-01
7.380000000000000000e+02 1.654268704310280502e-01
7.385000000000000000e+02 1.653094962802903467e-01
7.390000000000000000e+02 1.651869144166199788e-01
7.395000000000000000e+02 1.650698632585249348e-01
7.400000000000000000e+02 1.649529709534891253e-01
7.405000000000000000e+02 1.648308835345234369e-01
7.410000000000000000e+02 1.647089635739552305e-01
7.415000000000000000e+02 1.645925544615925440e-01
7.420000000000000000e+02 1.644709634523964514e-01
7.425000000000000000e+02 1.643442050491567274e-01
7.430000000000000000e+02 1.642229515332690459e-01
7.435000000000000000e+02 1.641018637858833173e-01
7.440000000000000000e+02 1.639756230749913890e-01
7.445000000000000000e+02 1.638548707701760199e-01
7.450000000000000000e+02 1.637289753090944711e-01
7.455000000000000000e+02 1.636032547323962028e-01
7.460000000000000000e+02 1.634777086849341365e-01
7.465000000000000000e+02 1.633470462271078560e-01
7.470000000000000000e+02 1.632218537129285496e-01
7.480000000000000000e+02 1.629667153774280175e-01
7.485000000000000000e+02 1.628367805364950571e-01
7.490000000000000000e+02 1.627070297592931869e-01
7.495000000000000000e+02 1.625774626692402247e-01
7.500000000000000000e+02 1.624480788907674278e-01
7.505000000000000000e+02 1.623188780493161065e-01
7.510000000000000000e+02 1.621846239689330726e-01
7.515000000000000000e+02 1.620557939916419110e-01
7.520000000000000000e+02 1.619219228858386483e-01
7.525000000000000000e+02 1.617882460500107977e-01
7.530000000000000000e+02 1.616547630813394976e-01
7.535000000000000000e+02 1.615214735780962640e-01
7.540000000000000000e+02 1.613883771396402156e-01
7.545000000000000000e+02 1.612554733664132434e-01
7.550000000000000000e+02 1.611175798463370945e-01
7.555000000000000000e+02 1.609850668786279859e-01
7.560000000000000000e+02 1.608475773318302771e-01
7.565000000000000000e+02 1.607102927852511465e-01
7.570000000000000000e+02 1.605732128057884844e-01
7.575000000000000000e+02 1.604363369615271484e-01
7.580000000000000000e+02 1.602996648217351883e-01
7.585000000000000000e+02 1.601631959568597385e-01
7.590000000000000000e+02 1.600269299385227162e-01
7.595000000000000000e+02 1.598857496716912518e-01
7.600000000000000000e+02 1.597498952566711317e-01
7.605000000000000000e+02 1.596091407317309363e-01
7.610000000000000000e+02 1.594736961639880712e-01
7.615000000000000000e+02 1.593333655696495821e-01
7.620000000000000000e+02 1.591932501469895678e-01
7.625000000000000000e+02 1.590533494311092144e-01
7.630000000000000000e+02 1.589136629584068927e-01
7.635000000000000000e+02 1.587741902665732174e-01
7.640000000000000000e+02 1.586298834661547807e-01
7.645000000000000000e+02 1.584908446381436964e-01
7.650000000000000000e+02 1.583520181958757156e-01
7.655000000000000000e+02 1.582083798808339437e-01
7.660000000000000000e+02 1.580649689303638694e-01
7.665000000000000000e+02 1.579267921448207490e-01
7.670000000000000000e+02 1.577838261875190717e-01
7.675000000000000000e+02 1.576410861000968888e-01
7.680000000000000000e+02 1.574985713810682086e-01
7.685000000000000000e+02 1.573562815303802542e-01
7.690000000000000000e+02 1.572142160494091889e-01
7.695000000000000000e+02 1.570723744409552314e-01
7.700000000000000000e+02 1.569307562092372155e-01
7.705000000000000000e+02 1.567893608598877608e-01
7.715000000000000000e+02 1.565023109173121763e-01
7.720000000000000000e+02 1.563615893027270609e-01
7.725000000000000000e+02 1.562161793349649275e-01
7.730000000000000000e+02 1.560759070384638014e-01
7.735000000000000000e+02 1.559309619879228337e-01
7.740000000000000000e+02 1.557911369939529167e-01
7.745000000000000000e+02 1.556466547750987583e-01
7.750000000000000000e+02 1.555024074574353210e-01
7.755000000000000000e+02 1.553583945043045256e-01
7.760000000000000000e+02 1.552194660079302402e-01
7.765000000000000000e+02 1.550759117127445130e-01
7.770000000000000000e+02 1.549325902015172007e-01
7.775000000000000000e+02 1.547895009438118308e-01
7.780000000000000000e+02 1.546466434107476862e-01
7.785000000000000000e+02 1.545040170749954478e-01
7.790000000000000000e+02 1.543616214107706996e-01
7.795000000000000000e+02 1.542194558938292936e-01
7.800000000000000000e+02 1.540775200014606883e-01
7.805000000000000000e+02 1.539358132124837575e-01
7.810000000000000000e+02 1.537895681638752621e-01
7.815000000000000000e+02 1.536483262948491191e-01
7.820000000000000000e+02 1.535073119554281051e-01
7.825000000000000000e+02 1.533665246305488117e-01
7.830000000000000000e+02 1.532259638066502117e-01
7.835000000000000000e+02 1.530809038625861596e-01
7.840000000000000000e+02 1.529408026790116948e-01
7.845000000000000000e+02 1.528009264456186844e-01
7.850000000000000000e+02 1.526565745779372152e-01
7.855000000000000000e+02 1.525171548384386677e-01
7.860000000000000000e+02 1.523779585119878488e-01
7.865000000000000000e+02 1.522343098721494759e-01
7.870000000000000000e+02 1.520955669208782501e-01
7.875000000000000000e+02 1.519523872940944653e-01
7.880000000000000000e+02 1.518140956412136200e-01
7.885000000000000000e+02 1.516760248632559871e-01
7.890000000000000000e+02 1.515335404577295986e-01
7.895000000000000000e+02 1.513959179050952397e-01
7.900000000000000000e+02 1.512538971800284626e-01
7.905000000000000000e+02 1.511167208062826062e-01
7.910000000000000000e+02 1.509751616424006848e-01
7.915000000000000000e+02 1.508384294131440706e-01
7.920000000000000000e+02 1.507019145639180990e-01
7.925000000000000000e+02 1.505610395964288306e-01
7.930000000000000000e+02 1.504249658812345236e-01
7.935000000000000000e+02 1.502845472511340486e-01
7.940000000000000000e+02 1.501489126651707195e-01
7.945000000000000000e+02 1.500089482963299081e-01
7.950000000000000000e+02 1.498737508465339818e-01
7.960000000000000000e+02 1.495994763799480820e-01
7.965000000000000000e+02 1.494649270730567525e-01
7.970000000000000000e+02 1.493260852436836539e-01
7.975000000000000000e+02 1.491919681593580904e-01
7.980000000000000000e+02 1.490580626305409717e-01
7.985000000000000000e+02 1.489198866249762387e-01
7.990000000000000000e+02 1.487864104119586972e-01
8.000000000000000000e+02 1.485156296732722259e-01
8.005000000000000000e+02 1.483827900297149671e-01
8.010000000000000000e+02 1.482501591134643415e-01
8.015000000000000000e+02 1.481133013567281220e-01
8.020000000000000000e+02 1.479810940179445422e-01
8.025000000000000000e+02 1.478490940106437224e-01
8.030000000000000000e+02 1.477173008779099905e-01
8.035000000000000000e+02 1.475813094941206272e-01
8.040000000000000000e+02 1.474499361798649599e-01
8.045000000000000000e+02 1.473187683602926457e-01
8.050000000000000000e+02 1.471878055836969290e-01
8.055000000000000000e+02 1.470570473996503646e-01
8.060000000000000000e+02 1.469264933589996547e-01
8.065000000000000000e+02 1.467961430138609580e-01
8.070000000000000000e+02 1.466659959176165318e-01
8.075000000000000000e+02 1.465360516249091249e-01
8.080000000000000000e+02 1.464063096916387863e-01
8.085000000000000000e+02 1.462767696749573409e-01
8.090000000000000000e+02 1.461474311332654485e-01
8.095000000000000000e+02 1.460182936262067188e-01
8.100000000000000000e+02 1.458893567146650749e-01
8.105000000000000000e+02 1.457606199607591746e-01
8.110000000000000000e+02 1.456320829278388018e-01
8.115000000000000000e+02 1.455037451804803428e-01
8.125000000000000000e+02 1.452519391948186300e-01
8.130000000000000000e+02 1.451241895657504610e-01
8.135000000000000000e+02 1.449966375087781978e-01
8.140000000000000000e+02 1.448735351148797423e-01
8.145000000000000000e+02 1.447463698239327690e-01
8.150000000000000000e+02 1.446194008363977934e-01
8.155000000000000000e+02 1.444968595162531566e-01
8.160000000000000000e+02 1.443702748145008763e-01
8.165000000000000000e+02 1.442481033673800872e-01
8.170000000000000000e+02 1.441219013194303955e-01
8.175000000000000000e+02 1.440000981765525434e-01
8.180000000000000000e+02 1.438784753530919502e-01
8.185000000000000000e+02 1.437528407604892755e-01
8.190000000000000000e+02 1.436315839181414311e-01
8.195000000000000000e+02 1.435105062591259528e-01
8.200000000000000000e+02 1.433854355444815487e-01
8.205000000000000000e+02 1.432647215622948889e-01
8.210000000000000000e+02 1.431441856365636700e-01
8.215000000000000000e+02 1.430238273981269959e-01
8.220000000000000000e+02 1.429036464788100980e-01
8.225000000000000000e+02 1.427836425114210606e-01
8.240000000000000000e+02 1.424246886635705811e-01
8.245000000000000000e+02 1.423053888515110610e-01
8.250000000000000000e+02 1.421862641700459839e-01
8.255000000000000000e+02 1.420673142578117720e-01
8.260000000000000000e+02 1.419485387544053012e-01
8.265000000000000000e+02 1.418299373003811259e-01
8.270000000000000000e+02 1.417155926457311643e-01
8.275000000000000000e+02 1.415973319738658143e-01
8.280000000000000000e+02 1.414792442916153747e-01
8.285000000000000000e+02 1.413653941337554842e-01
8.290000000000000000e+02 1.412476451600763461e-01
8.300000000000000000e+02 1.410167094562453927e-01
8.305000000000000000e+02 1.409035101526783795e-01
8.310000000000000000e+02 1.407864345076983159e-01
8.315000000000000000e+02 1.406735586666008342e-01
8.320000000000000000e+02 1.405568176558817384e-01
8.325000000000000000e+02 1.404442639765291490e-01
8.330000000000000000e+02 1.403318680695577469e-01
8.335000000000000000e+02 1.402196296232589845e-01
8.340000000000000000e+02 1.401075483267199551e-01
8.345000000000000000e+02 1.399916289283023030e-01
8.350000000000000000e+02 1.398798666043638284e-01
8.355000000000000000e+02 1.397682604915588822e-01
8.360000000000000000e+02 1.396568102821566237e-01
8.365000000000000000e+02 1.395455156692086141e-01
8.370000000000000000e+02 1.394383433808769335e-01
8.375000000000000000e+02 1.393273534933672786e-01
8.380000000000000000e+02 1.392165182966441650e-01
8.385000000000000000e+02 1.391058374868407443e-01
8.390000000000000000e+02 1.389953107608608573e-01
8.395000000000000000e+02 1.388888776577340833e-01
8.400000000000000000e+02 1.387786526948933397e-01
8.405000000000000000e+02 1.386685809215690846e-01
8.410000000000000000e+02 1.385625858638831198e-01
8.415000000000000000e+02 1.384528141021275360e-01
8.420000000000000000e+02 1.383471079897405365e-01
8.425000000000000000e+02 1.382376350857366654e-01
8.430000000000000000e+02 1.381322168057282640e-01
8.435000000000000000e+02 1.380269395343110272e-01
8.440000000000000000e+02 1.379179100563914795e-01
8.445000000000000000e+02 1.378129189673928945e-01
8.450000000000000000e+02 1.377080680784448230e-01
8.455000000000000000e+02 1.376033571242438469e-01
8.460000000000000000e+02 1.374987858401377216e-01
8.465000000000000000e+02 1.373943539621237941e-01
8.470000000000000000e+02 1.372900612268467546e-01
8.475000000000000000e+02 1.371859073715966382e-01
8.480000000000000000e+02 1.370818921343070762e-01
8.485000000000000000e+02 1.369780152535534090e-01
8.490000000000000000e+02 1.368742764685503266e-01
8.495000000000000000e+02 1.367706755191505363e-01
8.505000000000000000e+02 1.365677151424814773e-01
8.510000000000000000e+02 1.364645212897847293e-01
8.520000000000000000e+02 1.362623587005354353e-01
8.525000000000000000e+02 1.361595696755536766e-01
8.530000000000000000e+02 1.360607224208777444e-01
8.540000000000000000e+02 1.358596105030250856e-01
8.545000000000000000e+02 1.357611467071228872e-01
8.550000000000000000e+02 1.356590210085662218e-01
8.555000000000000000e+02 1.355608131267049821e-01
8.560000000000000000e+02 1.354627306725835756e-01
8.565000000000000000e+02 1.353647734173536177e-01
8.570000000000000000e+02 1.352669411327115379e-01
8.575000000000000000e+02 1.351692335908975806e-01
8.580000000000000000e+02 1.350716505646935572e-01
8.585000000000000000e+02 1.349741918274219299e-01
8.590000000000000000e+02 1.348768571529437021e-01
8.595000000000000000e+02 1.347796463156572810e-01
8.600000000000000000e+02 1.346825590904963676e-01
8.605000000000000000e+02 1.345855952529287358e-01
8.610000000000000000e+02 1.344887545789548444e-01
8.615000000000000000e+02 1.343957685510575595e-01
8.620000000000000000e+02 1.342991692674232462e-01
8.625000000000000000e+02 1.342026924853068626e-01
8.630000000000000000e+02 1.341100573272027696e-01
8.635000000000000000e+02 1.340138206355692418e-01
8.640000000000000000e+02 1.339214170623757028e-01
8.645000000000000000e+02 1.338254196040076227e-01
8.650000000000000000e+02 1.337332467849803308e-01
8.655000000000000000e+02 1.336411871299185428e-01
8.660000000000000000e+02 1.335455448149628910e-01
8.665000000000000000e+02 1.334537146810438613e-01
8.670000000000000000e+02 1.333619971052929787e-01
8.675000000000000000e+02 1.332703918885557726e-01
8.680000000000000000e+02 1.331788988321413736e-01
8.685000000000000000e+02 1.330875177378207375e-01
8.695000000000000000e+02 1.329050906448450142e-01
8.700000000000000000e+02 1.328140442520292508e-01
8.705000000000000000e+02 1.327231090329825114e-01
8.710000000000000000e+02 1.326322847917652537e-01
8.715000000000000000e+02 1.325415713328919887e-01
8.720000000000000000e+02 1.324509684613291438e-01
8.725000000000000000e+02 1.323641227049474900e-01
8.730000000000000000e+02 1.322737367010898279e-01
8.735000000000000000e+02 1.321834607075202950e-01
8.740000000000000000e+02 1.320969305063197374e-01
8.745000000000000000e+02 1.320068702459961663e-01
8.750000000000000000e+02 1.319205483941718882e-01
8.755000000000000000e+02 1.318307031185222689e-01
8.760000000000000000e+02 1.317445888886100980e-01
8.765000000000000000e+02 1.316549578524888742e-01
8.770000000000000000e+02 1.315690505203697402e-01
8.775000000000000000e+02 1.314832447299404405e-01
8.780000000000000000e+02 1.313975403058717517e-01
8.785000000000000000e+02 1.313083318588932069e-01
8.790000000000000000e+02 1.312228329034393903e-01
8.795000000000000000e+02 1.311374347864336931e-01
8.800000000000000000e+02 1.310521373341498041e-01
8.805000000000000000e+02 1.309669403732566517e-01
8.810000000000000000e+02 1.308818437308187366e-01
8.815000000000000000e+02 1.307968472342936339e-01
8.820000000000000000e+02 1.307119507115317436e-01
8.830000000000000000e+02 1.305460329273953335e-01
8.835000000000000000e+02 1.304614320752698620e-01
8.840000000000000000e+02 1.303769305164647618e-01
8.845000000000000000e+02 1.302960948536357189e-01
8.850000000000000000e+02 1.302117881618664874e-01
8.855000000000000000e+02 1.301275802581709218e-01
8.860000000000000000e+02 1.300470285281204730e-01
8.865000000000000000e+02 1.299630144966477385e-01
8.870000000000000000e+02 1.298826503123984566e-01
8.880000000000000000e+02 1.297186522177511403e-01
8.885000000000000000e+02 1.296385667598291269e-01
8.890000000000000000e+02 1.295585729671125119e-01
8.895000000000000000e+02 1.294751334495920503e-01
8.900000000000000000e+02 1.293953252980497570e-01
8.905000000000000000e+02 1.293156083440373805e-01
8.910000000000000000e+02 1.292359824334916030e-01
8.915000000000000000e+02 1.291564474126953577e-01
8.920000000000000000e+02 1.290770031282761632e-01
8.925000000000000000e+02 1.289976494272053742e-01
8.930000000000000000e+02 1.289183861567978484e-01
8.935000000000000000e+02 1.288392131647099204e-01
8.940000000000000000e+02 1.287601302989391516e-01
8.945000000000000000e+02 1.286811374078234982e-01
8.950000000000000000e+02 1.286022343400397283e-01
8.955000000000000000e+02 1.285269250924938322e-01
8.960000000000000000e+02 1.284481984832222257e-01
8.965000000000000000e+02 1.283695612486528970e-01
8.970000000000000000e+02 1.282945095793471268e-01
8.975000000000000000e+02 1.282160479186157942e-01
8.980000000000000000e+02 1.281411664675571049e-01
8.985000000000000000e+02 1.280628797962414800e-01
8.990000000000000000e+02 1.279881679921615889e-01
8.995000000000000000e+02 1.279100557284312822e-01
9.000000000000000000e+02 1.278355130026073982e-01
9.010000000000000000e+02 1.276832003534505156e-01
9.015000000000000000e+02 1.276089090268610338e-01
9.020000000000000000e+02 1.275347004495377690e-01
9.025000000000000000e+02 1.274605744838822885e-01
9.030000000000000000e+02 1.273830640634207034e-01
9.035000000000000000e+02 1.273091052136091084e-01
9.040000000000000000e+02 1.272352285618815748e-01
9.045000000000000000e+02 1.271614339718580566e-01
9.050000000000000000e+02 1.270877213074598222e-01
9.055000000000000000e+02 1.270140904329087606e-01
9.060000000000000000e+02 1.269405412127265487e-01
9.070000000000000000e+02 1.267971357644835650e-01
9.075000000000000000e+02 1.267238284142253035e-01
9.080000000000000000e+02 1.266506021819826522e-01
9.085000000000000000e+02 1.265774569337594357e-01
9.090000000000000000e+02 1.265078323699894980e-01
9.095000000000000000e+02 1.264348464157134533e-01
9.100000000000000000e+02 1.263619410477963834e-01
9.105000000000000000e+02 1.262925495370617324e-01
9.110000000000000000e+02 1.262198026777955062e-01
9.115000000000000000e+02 1.261505652654653920e-01
9.120000000000000000e+02 1.260779763957940169e-01
9.125000000000000000e+02 1.260088925731114029e-01
9.130000000000000000e+02 1.259398844172663345e-01
9.135000000000000000e+02 1.258675304366868863e-01
9.140000000000000000e+02 1.257986751136908887e-01
9.145000000000000000e+02 1.257298950835576412e-01
9.150000000000000000e+02 1.256577748440012021e-01
9.155000000000000000e+02 1.255891468948783229e-01
9.160000000000000000e+02 1.255205938670972965e-01
9.165000000000000000e+02 1.254521156380372093e-01
9.170000000000000000e+02 1.253837120853447118e-01
9.175000000000000000e+02 1.253153830869331020e-01
9.180000000000000000e+02 1.252471285209816043e-01
9.185000000000000000e+02 1.251789482659347863e-01
9.190000000000000000e+02 1.251108422005017540e-01
9.195000000000000000e+02 1.250428102036553746e-01
9.200000000000000000e+02 1.249748521546316382e-01
9.205000000000000000e+02 1.249069679329289639e-01
9.210000000000000000e+02 1.248391574183073949e-01
9.215000000000000000e+02 1.247714204907879598e-01
9.220000000000000000e+02 1.247071464792987722e-01
9.225000000000000000e+02 1.246395545299874980e-01
9.230000000000000000e+02 1.245720358113905357e-01
9.235000000000000000e+02 1.245079745240543073e-01
9.240000000000000000e+02 1.244406000789655270e-01
9.245000000000000000e+02 1.243732985105074629e-01
9.250000000000000000e+02 1.243094489075369652e-01
9.255000000000000000e+02 1.242422909124491631e-01
9.260000000000000000e+02 1.241785813752642464e-01
9.265000000000000000e+02 1.241115664905501348e-01
9.270000000000000000e+02 1.240479965642841270e-01
9.280000000000000000e+02 1.239176935606901286e-01
9.285000000000000000e+02 1.238543314822188879e-01
9.290000000000000000e+02 1.237876714545104867e-01
9.295000000000000000e+02 1.237244478600424691e-01
9.300000000000000000e+02 1.236612926219210623e-01
9.305000000000000000e+02 1.235982056300164028e-01
9.310000000000000000e+02 1.235351867744348825e-01
9.315000000000000000e+02 1.234688769586676088e-01
9.320000000000000000e+02 1.234059954755913624e-01
9.325000000000000000e+02 1.233431817989765339e-01
9.330000000000000000e+02 1.232804358198723998e-01
9.335000000000000000e+02 1.232177574295616751e-01
9.340000000000000000e+02 1.231551465195598327e-01
9.345000000000000000e+02 1.230926029816143130e-01
9.350000000000000000e+02 1.230301267077045513e-01
9.355000000000000000e+02 1.229677175900406871e-01
9.360000000000000000e+02 1.229053755210632592e-01
9.365000000000000000e+02 1.228431003934425253e-01
9.375000000000000000e+02 1.227220924825031118e-01
9.380000000000000000e+02 1.226600161276374668e-01
9.385000000000000000e+02 1.225980062886590644e-01
9.390000000000000000e+02 1.225360628593751416e-01
9.395000000000000000e+02 1.224775224245602395e-01
9.400000000000000000e+02 1.224157100934747805e-01
9.405000000000000000e+02 1.223539638564143384e-01
9.410000000000000000e+02 1.222956164640535137e-01
9.415000000000000000e+02 1.222340007003901441e-01
9.420000000000000000e+02 1.221724507170862950e-01
9.425000000000000000e+02 1.221142954439169981e-01
9.430000000000000000e+02 1.220528753131794736e-01
9.435000000000000000e+02 1.219948472686512853e-01
9.440000000000000000e+02 1.219335565797649568e-01
9.445000000000000000e+02 1.218756553597158260e-01
9.450000000000000000e+02 1.218144937037010378e-01
9.455000000000000000e+02 1.217567189056825844e-01
9.460000000000000000e+02 1.216990066604863169e-01
9.465000000000000000e+02 1.216380370985534060e-01
9.470000000000000000e+02 1.215804506762643428e-01
9.475000000000000000e+02 1.215229265102036049e-01
9.480000000000000000e+02 1.214621481361512906e-01
9.485000000000000000e+02 1.214047491976656401e-01
9.490000000000000000e+02 1.213474122206937289e-01
9.495000000000000000e+02 1.212868241340329528e-01
9.500000000000000000e+02 1.212296117930653921e-01
9.505000000000000000e+02 1.211724611207608271e-01
9.510000000000000000e+02 1.211153720203486939e-01
9.515000000000000000e+02 1.210583443952624461e-01
9.525000000000000000e+02 1.209411665910787581e-01
9.530000000000000000e+02 1.208843238116493191e-01
9.535000000000000000e+02 1.208275421220098983e-01
9.540000000000000000e+02 1.207708214266060565e-01
9.545000000000000000e+02 1.207141616300835274e-01
9.550000000000000000e+02 1.206575626372883292e-01
9.555000000000000000e+02 1.206010243532659315e-01
9.560000000000000000e+02 1.205445466832602425e-01
9.565000000000000000e+02 1.204881295327138307e-01
9.570000000000000000e+02 1.204317728072673288e-01
9.575000000000000000e+02 1.203754764127581561e-01
9.580000000000000000e+02 1.203192402552211854e-01
9.585000000000000000e+02 1.202630642408868827e-01
9.590000000000000000e+02 1.202069482761821406e-01
9.595000000000000000e+02 1.201508922677290148e-01
9.600000000000000000e+02 1.200948961223438638e-01
9.605000000000000000e+02 1.200422505433109549e-01
9.610000000000000000e+02 1.199863728687318443e-01
9.615000000000000000e+02 1.199305547800994382e-01
9.620000000000000000e+02 1.198747961850025745e-01
9.625000000000000000e+02 1.198190969912226733e-01
9.630000000000000000e+02 1.197634571067322518e-01
9.635000000000000000e+02 1.197111617631328312e-01
9.640000000000000000e+02 1.196556392528436708e-01
9.645000000000000000e+02 1.196001757781624542e-01
9.650000000000000000e+02 1.195447712478225205e-01
9.655000000000000000e+02 1.194927073928223338e-01
9.660000000000000000e+02 1.194374195139986938e-01
9.665000000000000000e+02 1.193821903080963948e-01
9.670000000000000000e+02 1.193270196846008269e-01
9.675000000000000000e+02 1.192751858934159581e-01
9.680000000000000000e+02 1.192201312047288519e-01
9.685000000000000000e+02 1.191651348292671886e-01
9.690000000000000000e+02 1.191134725106140907e-01
9.695000000000000000e+02 1.190585915369176684e-01
9.700000000000000000e+02 1.190037686089277097e-01
9.705000000000000000e+02 1.189490036374277609e-01
9.710000000000000000e+02 1.188975689187312529e-01
9.715000000000000000e+02 1.188429186425973144e-01
9.720000000000000000e+02 1.187883260576327038e-01
9.725000000000000000e+02 1.187370609789939191e-01
9.730000000000000000e+02 1.186825825640083487e-01
9.740000000000000000e+02 1.185770653611724623e-01
9.745000000000000000e+02 1.185227580214982535e-01
9.750000000000000000e+02 1.184717737606311438e-01
9.755000000000000000e+02 1.184175797232635413e-01
9.760000000000000000e+02 1.183634426778970711e-01
9.765000000000000000e+02 1.183126259975536415e-01
9.770000000000000000e+02 1.182586017376824894e-01
9.775000000000000000e+02 1.182046342104162012e-01
9.780000000000000000e+02 1.181539843465627404e-01
9.785000000000000000e+02 1.181001290911525142e-01
9.790000000000000000e+02 1.180463303105384332e-01
9.795000000000000000e+02 1.179958465038449533e-01
9.800000000000000000e+02 1.179421594845955490e-01
9.805000000000000000e+02 1.178885286839086582e-01
9.810000000000000000e+02 1.178382101797132708e-01
9.815000000000000000e+02 1.177846906330236865e-01
9.820000000000000000e+02 1.177312270502262059e-01
9.825000000000000000e+02 1.176810730984991504e-01
9.830000000000000000e+02 1.176277202654316401e-01
9.835000000000000000e+02 1.175744231431374159e-01
9.840000000000000000e+02 1.175244329984459629e-01
9.845000000000000000e+02 1.174712461246905648e-01
9.850000000000000000e+02 1.174181147101295009e-01
9.860000000000000000e+02 1.173152659674426834e-01
9.865000000000000000e+02 1.172622995124257272e-01
9.870000000000000000e+02 1.172093881831465789e-01
9.875000000000000000e+02 1.171565318963692093e-01
9.880000000000000000e+02 1.171069753248806106e-01
9.885000000000000000e+02 1.170542279634725485e-01
9.890000000000000000e+02 1.170015353970393218e-01
9.895000000000000000e+02 1.169488975430156980e-01
9.900000000000000000e+02 1.168963143190032139e-01
9.905000000000000000e+02 1.168470262224896444e-01
9.910000000000000000e+02 1.167945511071463160e-01
9.915000000000000000e+02 1.167421303767798013e-01
9.920000000000000000e+02 1.166897639496541073e-01
9.925000000000000000e+02 1.166374517441980119e-01
9.930000000000000000e+02 1.165851936790052307e-01
9.935000000000000000e+02 1.165329896728334036e-01
9.940000000000000000e+02 1.164808396446037064e-01
9.945000000000000000e+02 1.164287435134008786e-01
9.950000000000000000e+02 1.163767011984724875e-01
9.955000000000000000e+02 1.163247126192284014e-01
9.960000000000000000e+02 1.162727776952406783e-01
9.965000000000000000e+02 1.162208963462432743e-01
9.970000000000000000e+02 1.161690684921307809e-01
9.975000000000000000e+02 1.161172940529592579e-01
9.980000000000000000e+02 1.160655729489450810e-01
9.985000000000000000e+02 1.160139051004642763e-01
9.990000000000000000e+02 1.159590650733808154e-01
9.995000000000000000e+02 1.159075043830199575e-01
1.000000000000000000e+03 1.158559967091428583e-01
1.000500000000000000e+03 1.158045419727637415e-01
1.001000000000000000e+03 1.157499186386809764e-01
1.001500000000000000e+03 1.156985704216705324e-01
1.002000000000000000e+03 1.156472749050184295e-01
1.002500000000000000e+03 1.155928135564347481e-01
1.003000000000000000e+03 1.155416240828540941e-01
1.003500000000000000e+03 1.154904870739136558e-01
1.004000000000000000e+03 1.154361869897023857e-01
1.004500000000000000e+03 1.153851555503828674e-01
1.005000000000000000e+03 1.153309629892484284e-01
1.005500000000000000e+03 1.152800368047233875e-01
1.006000000000000000e+03 1.152259514477082247e-01
1.006500000000000000e+03 1.151719201896688749e-01
1.007000000000000000e+03 1.151211517338168316e-01
1.007500000000000000e+03 1.150672272026040527e-01
1.008000000000000000e+03 1.150133565305621469e-01
1.008500000000000000e+03 1.149627450986250715e-01
1.009000000000000000e+03 1.149089806789520274e-01
1.009500000000000000e+03 1.148552698800656413e-01
1.010000000000000000e+03 1.148016126223930788e-01
1.010500000000000000e+03 1.147480088265193793e-01
1.011000000000000000e+03 1.146944584131864842e-01
1.011500000000000000e+03 1.146409613032932651e-01
1.012000000000000000e+03 1.145875174178947464e-01
1.012500000000000000e+03 1.145341266782019807e-01
1.013000000000000000e+03 1.144807890055814653e-01
1.013500000000000000e+03 1.144275043215551152e-01
1.014000000000000000e+03 1.143742725477994715e-01
1.014500000000000000e+03 1.143210936061456184e-01
1.015000000000000000e+03 1.142647777964874156e-01
1.015500000000000000e+03 1.142117054946896471e-01
1.016000000000000000e+03 1.141586857901570190e-01
1.016500000000000000e+03 1.141025329688141049e-01
1.017000000000000000e+03 1.140496194319804563e-01
1.017500000000000000e+03 1.139967582589624662e-01
1.018000000000000000e+03 1.139407677097193511e-01
1.018500000000000000e+03 1.138848321340150266e-01
1.019000000000000000e+03 1.138321299915339563e-01
1.019500000000000000e+03 1.137763025614253048e-01
1.020000000000000000e+03 1.137237056480623343e-01
1.020500000000000000e+03 1.136679860470588832e-01
1.021000000000000000e+03 1.136123210196117311e-01
1.021500000000000000e+03 1.135567104855835369e-01
1.022000000000000000e+03 1.135011543649937227e-01
1.022500000000000000e+03 1.134456525780181690e-01
1.023000000000000000e+03 1.133902050449888399e-01
1.023500000000000000e+03 1.133348116863933386e-01
1.024000000000000000e+03 1.132794724228745886e-01
