7.995000000000000000e+02 6.528928236754479641e+00
8.000000000000000000e+02 3.335842966550763400e+00
8.005000000000000000e+02 2.410961562226807686e+00
8.010000000000000000e+02 1.924470049561491258e+00
8.015000000000000000e+02 1.630841319584390270e+00
8.020000000000000000e+02 1.434318359145242638e+00
8.025000000000000000e+02 1.286494922313327738e+00
8.030000000000000000e+02 1.176441025121674144e+00
8.035000000000000000e+02 1.085344029312795833e+00
8.040000000000000000e+02 1.012472462519237171e+00
8.045000000000000000e+02 9.524552201418694519e-01
8.050000000000000000e+02 8.990387794360847895e-01
8.055000000000000000e+02 8.548609971695321219e-01
8.060000000000000000e+02 8.154876351652361466e-01
8.065000000000000000e+02 7.810439954243139082e-01
8.070000000000000000e+02 7.505785227417833827e-01
8.075000000000000000e+02 7.226351680736492478e-01
8.080000000000000000e+02 6.982273665483910152e-01
8.085000000000000000e+02 6.754946151192835480e-01
8.090000000000000000e+02 6.548150299934848428e-01
8.095000000000000000e+02 6.358962539948652681e-01
8.100000000000000000e+02 6.185011035772445265e-01
8.105000000000000000e+02 6.020042910816346682e-01
8.110000000000000000e+02 5.871363956186022026e-01
8.115000000000000000e+02 5.732970288101062462e-01
8.120000000000000000e+02 5.603724117763059231e-01
8.125000000000000000e+02 5.479405414467400925e-01
8.130000000000000000e+02 5.365882274098698890e-01
8.135000000000000000e+02 5.258970535211959785e-01
8.140000000000000000e+02 5.158049774637414320e-01
8.145000000000000000e+02 5.060014386993303415e-01
8.150000000000000000e+02 4.969650520554445006e-01
8.155000000000000000e+02 4.883829803534293079e-01
8.160000000000000000e+02 4.802182080284808086e-01
8.165000000000000000e+02 4.724378126120777899e-01
8.170000000000000000e+02 4.650124004437892200e-01
8.175000000000000000e+02 4.579156346543723499e-01
8.180000000000000000e+02 4.511238381019403443e-01
8.185000000000000000e+02 4.447900869781511446e-01
8.190000000000000000e+02 4.385390213332281406e-01
8.195000000000000000e+02 4.326959228783096023e-01
8.200000000000000000e+02 4.269170964801661250e-01
8.205000000000000000e+02 4.215040561474017178e-01
8.210000000000000000e+02 4.162838308934657672e-01
8.215000000000000000e+02 4.112451654785563293e-01
8.220000000000000000e+02 4.063777048408493964e-01
8.225000000000000000e+02 4.016719035567628548e-01
8.230000000000000000e+02 3.972436547429489817e-01
8.235000000000000000e+02 3.928313238083255277e-01
8.240000000000000000e+02 3.886732396797145106e-01
8.245000000000000000e+02 3.846382515667798319e-01
8.250000000000000000e+02 3.807203578386153531e-01
8.255000000000000000e+02 3.769139594475343080e-01
8.260000000000000000e+02 3.732138258415786392e-01
8.265000000000000000e+02 3.697158954504052852e-01
8.270000000000000000e+02 3.662111234785714875e-01
8.275000000000000000e+02 3.628944015082112284e-01
8.280000000000000000e+02 3.596612050150668760e-01
8.285000000000000000e+02 3.565080563895295374e-01
8.290000000000000000e+02 3.535200205491114689e-01
8.300000000000000000e+02 3.476651695979599554e-01
8.305000000000000000e+02 3.448792978138246479e-01
8.310000000000000000e+02 3.422354140483842011e-01
8.315000000000000000e+02 3.395688368044709193e-01
8.320000000000000000e+02 3.370363653773069679e-01
8.325000000000000000e+02 3.345558463707404284e-01
8.330000000000000000e+02 3.321255099424818003e-01
8.335000000000000000e+02 3.298157051784187388e-01
8.340000000000000000e+02 3.274792662788671427e-01
8.345000000000000000e+02 3.252573867678408837e-01
8.350000000000000000e+02 3.231445545276213083e-01
8.355000000000000000e+02 3.210024873646105115e-01
8.360000000000000000e+02 3.189644864217857645e-01
8.365000000000000000e+02 3.169616467701804052e-01
8.370000000000000000e+02 3.150559692808452272e-01
8.375000000000000000e+02 3.131193370801342302e-01
8.380000000000000000e+02 3.112758187967214485e-01
8.385000000000000000e+02 3.095214402441498480e-01
8.390000000000000000e+02 3.077347372028941264e-01
8.395000000000000000e+02 3.060337380502062277e-01
8.400000000000000000e+02 3.044149772603579884e-01
8.405000000000000000e+02 3.027628874392706559e-01
8.410000000000000000e+02 3.012454264788825276e-01
8.415000000000000000e+02 2.996935771280788141e-01
8.420000000000000000e+02 2.982167380529613387e-01
8.425000000000000000e+02 2.967591498536234496e-01
8.430000000000000000e+02 2.953726704007657577e-01
8.435000000000000000e+02 2.940032026709770152e-01
8.440000000000000000e+02 2.926503971228571199e-01
8.445000000000000000e+02 2.913641867958603471e-01
8.450000000000000000e+02 2.900926956397691936e-01
8.455000000000000000e+02 2.888847054095307620e-01
8.460000000000000000e+02 2.876897033028340545e-01
8.465000000000000000e+02 2.865074551732876840e-01
8.475000000000000000e+02 2.843209492074091904e-01
8.480000000000000000e+02 2.832668216940133488e-01
8.485000000000000000e+02 2.822685495019702229e-01
8.490000000000000000e+02 2.812790962223606361e-01
8.495000000000000000e+02 2.802983311352242879e-01
8.500000000000000000e+02 2.793707851303857126e-01
8.505000000000000000e+02 2.784951139484111438e-01
8.510000000000000000e+02 2.776261585399885101e-01
8.515000000000000000e+02 2.767638325474759964e-01
8.520000000000000000e+02 2.759944212430743837e-01
8.525000000000000000e+02 2.751872244125928568e-01
8.530000000000000000e+02 2.744708055310772221e-01
8.535000000000000000e+02 2.737164894358866118e-01
8.540000000000000000e+02 2.730510120334682100e-01
8.545000000000000000e+02 2.723892501198197369e-01
8.550000000000000000e+02 2.717726245590292855e-01
8.555000000000000000e+02 2.711591397122390945e-01
8.560000000000000000e+02 2.705897599253783703e-01
8.565000000000000000e+02 2.700230095606239167e-01
8.570000000000000000e+02 2.694994414964823615e-01
8.575000000000000000e+02 2.690184450440861186e-01
8.580000000000000000e+02 2.685392379981790811e-01
8.585000000000000000e+02 2.681018716119863421e-01
8.590000000000000000e+02 2.676659431433831560e-01
8.595000000000000000e+02 2.672712155418733304e-01
8.600000000000000000e+02 2.669172755198502278e-01
8.605000000000000000e+02 2.665642132756261273e-01
8.610000000000000000e+02 2.662514661340512623e-01
8.615000000000000000e+02 2.659393781357654585e-01
8.620000000000000000e+02 2.656672130450687952e-01
8.625000000000000000e+02 2.654347353155617761e-01
8.630000000000000000e+02 2.652026003582350633e-01
8.635000000000000000e+02 2.650099134671821677e-01
8.640000000000000000e+02 2.648565512487405238e-01
8.645000000000000000e+02 2.647033664302044786e-01
8.650000000000000000e+02 2.645503587039442772e-01
8.655000000000000000e+02 2.644365616512499573e-01
8.660000000000000000e+02 2.643619621358799243e-01
8.665000000000000000e+02 2.642875218059426712e-01
8.670000000000000000e+02 2.642523347911902576e-01
8.675000000000000000e+02 2.642173532412437353e-01
8.680000000000000000e+02 2.642217549180529979e-01
8.685000000000000000e+02 2.642264459392523746e-01
8.690000000000000000e+02 2.642707253942561119e-01
8.695000000000000000e+02 2.643154166297391749e-01
8.700000000000000000e+02 2.643999785052086327e-01
8.705000000000000000e+02 2.644851144835649315e-01
8.710000000000000000e+02 2.646104825795370652e-01
8.715000000000000000e+02 2.647366287138920304e-01
8.720000000000000000e+02 2.649034505915757176e-01
8.725000000000000000e+02 2.650712982105150606e-01
8.730000000000000000e+02 2.652401774822428782e-01
8.735000000000000000e+02 2.654503991845627575e-01
8.740000000000000000e+02 2.657024245550007047e-01
8.745000000000000000e+02 2.659154633883224483e-01
8.750000000000000000e+02 2.661706517019178375e-01
8.755000000000000000e+02 2.664685242045997104e-01
8.760000000000000000e+02 2.667684695354054503e-01
8.765000000000000000e+02 2.670705055405188100e-01
8.770000000000000000e+02 2.673746502916071743e-01
8.775000000000000000e+02 2.677227384256334886e-01
8.780000000000000000e+02 2.680734010770565723e-01
8.790000000000000000e+02 2.688250681874557735e-01
8.795000000000000000e+02 2.692266081652527343e-01
8.800000000000000000e+02 2.696743658073887939e-01
8.805000000000000000e+02 2.700825347216522232e-01
8.810000000000000000e+02 2.705375349082085323e-01
8.815000000000000000e+02 2.709963609170947252e-01
8.820000000000000000e+02 2.715032500102189106e-01
8.825000000000000000e+02 2.719701570367440424e-01
8.830000000000000000e+02 2.724858375568628421e-01
8.835000000000000000e+02 2.730061577036415055e-01
8.840000000000000000e+02 2.735766624519151424e-01
8.845000000000000000e+02 2.741067755331803024e-01
8.850000000000000000e+02 2.746878962187105921e-01
8.855000000000000000e+02 2.752746163434524052e-01
8.860000000000000000e+02 2.758670146074805873e-01
8.865000000000000000e+02 2.765124961258939584e-01
8.870000000000000000e+02 2.771168766636457059e-01
8.875000000000000000e+02 2.777753101451133078e-01
8.880000000000000000e+02 2.784405748084564647e-01
8.885000000000000000e+02 2.791127759740789083e-01
8.890000000000000000e+02 2.797920212627282854e-01
8.895000000000000000e+02 2.805282977804090527e-01
8.900000000000000000e+02 2.812224124285209736e-01
8.905000000000000000e+02 2.819747259299196229e-01
8.910000000000000000e+02 2.827355016790663034e-01
8.915000000000000000e+02 2.835048835467209316e-01
8.920000000000000000e+02 2.842830188632924360e-01
8.925000000000000000e+02 2.850700585262351816e-01
8.930000000000000000e+02 2.859195471657637322e-01
8.935000000000000000e+02 2.867253999126339603e-01
8.940000000000000000e+02 2.875951471560653228e-01
8.945000000000000000e+02 2.884205008850286855e-01
8.950000000000000000e+02 2.893112525977772909e-01
8.955000000000000000e+02 2.902131040350867663e-01
8.960000000000000000e+02 2.911262680263979608e-01
8.965000000000000000e+02 2.920509631666995953e-01
8.970000000000000000e+02 2.930456278841564455e-01
8.975000000000000000e+02 2.939947256042436674e-01
8.980000000000000000e+02 2.950156451595397078e-01
8.985000000000000000e+02 2.959901476797397457e-01
8.990000000000000000e+02 2.970384087608699542e-01
8.995000000000000000e+02 2.980393769255654246e-01
9.000000000000000000e+02 2.991161302909188247e-01
9.005000000000000000e+02 3.002079768559491324e-01
9.010000000000000000e+02 3.013152475647335460e-01
9.015000000000000000e+02 3.024382836099265282e-01
9.020000000000000000e+02 3.035774368436116033e-01
9.025000000000000000e+02 3.047330702084533605e-01
9.030000000000000000e+02 3.059055581903559196e-01
9.035000000000000000e+02 3.070952872938741418e-01
9.040000000000000000e+02 3.083720231439320836e-01
9.045000000000000000e+02 3.095983874523114965e-01
9.050000000000000000e+02 3.108432517619739155e-01
9.055000000000000000e+02 3.121793709254268578e-01
9.060000000000000000e+02 3.134635844879366529e-01
9.065000000000000000e+02 3.148421080934369343e-01
9.070000000000000000e+02 3.161676559315626522e-01
9.075000000000000000e+02 3.175907438241851732e-01
9.080000000000000000e+02 3.189597538823158995e-01
9.085000000000000000e+02 3.204297229730461161e-01
9.090000000000000000e+02 3.219246744953355166e-01
9.095000000000000000e+02 3.233638188370610567e-01
9.100000000000000000e+02 3.249094879539538017e-01
9.105000000000000000e+02 3.264822170418421599e-01
9.110000000000000000e+02 3.279973332933128760e-01
9.115000000000000000e+02 3.296250701089685209e-01
9.120000000000000000e+02 3.312821942731603020e-01
9.125000000000000000e+02 3.329695578256807176e-01
9.130000000000000000e+02 3.346880477434391876e-01
9.135000000000000000e+02 3.364385878014672926e-01
9.140000000000000000e+02 3.381276378512490521e-01
9.145000000000000000e+02 3.399435210957170161e-01
9.150000000000000000e+02 3.417944153837703114e-01
9.155000000000000000e+02 3.436814106392835355e-01
9.160000000000000000e+02 3.456056448058102415e-01
9.165000000000000000e+02 3.475683065976628017e-01
9.170000000000000000e+02 3.495706384459287275e-01
9.175000000000000000e+02 3.516139396560938879e-01
9.180000000000000000e+02 3.535901024270128312e-01
9.185000000000000000e+02 3.557173180998753348e-01
9.190000000000000000e+02 3.578897037140695292e-01
9.195000000000000000e+02 3.601088189879018131e-01
9.200000000000000000e+02 3.623762999549066666e-01
9.205000000000000000e+02 3.646938638268157340e-01
9.215000000000000000e+02 3.693603626073343471e-01
9.220000000000000000e+02 3.718366099962440718e-01
9.225000000000000000e+02 3.743706285584671445e-01
9.230000000000000000e+02 3.769646235795524603e-01
9.235000000000000000e+02 3.794831970735088600e-01
9.240000000000000000e+02 3.822010412717288808e-01
9.245000000000000000e+02 3.849861007843899396e-01
9.250000000000000000e+02 3.876935449864344907e-01
9.255000000000000000e+02 3.906177750667785276e-01
9.260000000000000000e+02 3.934630047018596866e-01
9.265000000000000000e+02 3.965380272367862169e-01
9.270000000000000000e+02 3.995327469225349870e-01
9.275000000000000000e+02 4.027715867444174869e-01
9.280000000000000000e+02 4.059289389662577019e-01
9.285000000000000000e+02 4.093462491330469577e-01
9.290000000000000000e+02 4.126810493370184907e-01
9.295000000000000000e+02 4.161083200589336673e-01
9.300000000000000000e+02 4.196323000306010353e-01
9.305000000000000000e+02 4.234528836917960115e-01
9.310000000000000000e+02 4.271896566902287362e-01
9.315000000000000000e+02 4.310378806917519179e-01
9.320000000000000000e+02 4.350030715955474636e-01
9.325000000000000000e+02 4.390911344989895104e-01
9.330000000000000000e+02 4.433083997012394750e-01
9.335000000000000000e+02 4.474286762722699540e-01
9.340000000000000000e+02 4.519177824102048602e-01
9.345000000000000000e+02 4.565576474840791765e-01
9.355000000000000000e+02 4.660591625400143934e-01
9.365000000000000000e+02 4.762366054693332740e-01
9.370000000000000000e+02 4.814573365402637362e-01
9.375000000000000000e+02 4.868684123219044202e-01
9.385000000000000000e+02 4.986360478360244985e-01
9.390000000000000000e+02 5.043652393689797009e-01
9.395000000000000000e+02 5.106648047989396089e-01
9.400000000000000000e+02 5.172243234950285595e-01
9.405000000000000000e+02 5.240618806274047747e-01
9.410000000000000000e+02 5.307992004005097630e-01
9.415000000000000000e+02 5.382369469562434672e-01
9.420000000000000000e+02 5.455837784707182614e-01
9.425000000000000000e+02 5.532605386426483474e-01
9.430000000000000000e+02 5.612923112499960121e-01
9.435000000000000000e+02 5.697069298122843239e-01
9.440000000000000000e+02 5.785353774618016143e-01
9.445000000000000000e+02 5.878122602435830180e-01
9.450000000000000000e+02 5.970028700223279916e-01
9.455000000000000000e+02 6.072668365719978700e-01
9.460000000000000000e+02 6.174716048174784255e-01
9.465000000000000000e+02 6.282372683583147266e-01
9.470000000000000000e+02 6.396165447229347212e-01
9.475000000000000000e+02 6.516693505503777795e-01
9.480000000000000000e+02 6.636689993837125989e-01
9.485000000000000000e+02 6.772332326757135590e-01
9.490000000000000000e+02 6.908035318869270025e-01
9.495000000000000000e+02 7.052615813528380073e-01
9.500000000000000000e+02 7.207076205327167528e-01
9.505000000000000000e+02 7.372584674631313950e-01
9.510000000000000000e+02 7.538750884381347772e-01
9.515000000000000000e+02 7.729782042117980811e-01
9.520000000000000000e+02 7.922960262126294007e-01
9.525000000000000000e+02 8.131928311970449963e-01
9.530000000000000000e+02 8.342904449828508762e-01
9.535000000000000000e+02 8.589214078318800905e-01
9.540000000000000000e+02 8.840273207464310889e-01
9.550000000000000000e+02 9.395712680081720336e-01
9.555000000000000000e+02 9.704340561808756371e-01
9.560000000000000000e+02 1.004640272612612684e+00
9.565000000000000000e+02 1.042836970717802902e+00
9.570000000000000000e+02 1.082313556419007172e+00
9.575000000000000000e+02 1.126755145441509676e+00
9.580000000000000000e+02 1.177292411704880637e+00
9.585000000000000000e+02 1.230214413495233972e+00
9.590000000000000000e+02 1.291136628553718468e+00
9.595000000000000000e+02 1.362292149710149891e+00
9.600000000000000000e+02 1.438469659010808144e+00
9.605000000000000000e+02 1.529277618310810771e+00
9.610000000000000000e+02 1.627799480274424893e+00
9.615000000000000000e+02 1.748509174130673083e+00
9.620000000000000000e+02 1.882096397301144197e+00
9.625000000000000000e+02 2.052315152735403547e+00
9.630000000000000000e+02 2.246861394900074416e+00
9.635000000000000000e+02 2.466903052367448890e+00
9.640000000000000000e+02 2.768334412075322160e+00
9.645000000000000000e+02 3.217880756911834617e+00
9.650000000000000000e+02 3.827279744202702449e+00
9.655000000000000000e+02 4.683517660748077738e+00
9.660000000000000000e+02 5.917914880626614860e+00
9.665000000000000000e+02 7.628751122611221902e+00
