2.305000000000000000e+02 1.387879604482657037e+01
2.310000000000000000e+02 8.171378002719082545e+00
2.315000000000000000e+02 5.897050378828882167e+00
2.325000000000000000e+02 3.937094178926844545e+00
2.330000000000000000e+02 3.412355339350458650e+00
2.335000000000000000e+02 3.028263808855941264e+00
2.340000000000000000e+02 2.731518424691969482e+00
2.345000000000000000e+02 2.501270368956640677e+00
2.350000000000000000e+02 2.311566413716864776e+00
2.355000000000000000e+02 2.155133480115866806e+00
2.360000000000000000e+02 2.023169097940936023e+00
2.365000000000000000e+02 1.908670254137786459e+00
2.370000000000000000e+02 1.811084633161570423e+00
2.375000000000000000e+02 1.724872349909072566e+00
2.380000000000000000e+02 1.647967838404201357e+00
2.385000000000000000e+02 1.580128891077053899e+00
2.395000000000000000e+02 1.464330889545701009e+00
2.400000000000000000e+02 1.414332138064515298e+00
2.405000000000000000e+02 1.368876915957465856e+00
2.410000000000000000e+02 1.326912827675533091e+00
2.415000000000000000e+02 1.288374631569108031e+00
2.420000000000000000e+02 1.252816354243170061e+00
2.425000000000000000e+02 1.219869462264975501e+00
2.430000000000000000e+02 1.189226377562288439e+00
2.435000000000000000e+02 1.160628089504251559e+00
2.440000000000000000e+02 1.133854712221669336e+00
2.445000000000000000e+02 1.108718193724951728e+00
2.450000000000000000e+02 1.085056620236598990e+00
2.455000000000000000e+02 1.062937625428471256e+00
2.460000000000000000e+02 1.042007587020363557e+00
2.465000000000000000e+02 1.022162551633677641e+00
2.470000000000000000e+02 1.003486781964513241e+00
2.475000000000000000e+02 9.855384589236176884e-01
2.480000000000000000e+02 9.687485724856044200e-01
2.490000000000000000e+02 9.373533285922678315e-01
2.495000000000000000e+02 9.226447547945146876e-01
2.500000000000000000e+02 9.086670404541680179e-01
2.505000000000000000e+02 8.953635339296969198e-01
2.510000000000000000e+02 8.825621676810629923e-01
2.515000000000000000e+02 8.703483668751563762e-01
2.520000000000000000e+02 8.585680391583444537e-01
2.525000000000000000e+02 8.473038109191149969e-01
2.530000000000000000e+02 8.364165406227070942e-01
2.535000000000000000e+02 8.259858041105011539e-01
2.540000000000000000e+02 8.158850500332678335e-01
2.545000000000000000e+02 8.061907154109941853e-01
2.555000000000000000e+02 7.878348433639368320e-01
2.560000000000000000e+02 7.790495254165168415e-01
2.565000000000000000e+02 7.706743248071669106e-01
2.570000000000000000e+02 7.625232505138607175e-01
2.575000000000000000e+02 7.545863895112209230e-01
2.580000000000000000e+02 7.470053416190751694e-01
2.585000000000000000e+02 7.395386500864523649e-01
2.590000000000000000e+02 7.323987731719067140e-01
2.595000000000000000e+02 7.254278135388991799e-01
2.600000000000000000e+02 7.186868672301285343e-01
2.605000000000000000e+02 7.120985201514731244e-01
2.610000000000000000e+02 7.057214060341404638e-01
2.615000000000000000e+02 6.995453890364956573e-01
2.620000000000000000e+02 6.934997106314150228e-01
2.625000000000000000e+02 6.876396882130618726e-01
2.630000000000000000e+02 6.819568688897057473e-01
2.635000000000000000e+02 6.763861400044089978e-01
2.640000000000000000e+02 6.709797871658899071e-01
2.645000000000000000e+02 6.656759555147216956e-01
2.650000000000000000e+02 6.605250042071332262e-01
2.655000000000000000e+02 6.555205060390690841e-01
2.660000000000000000e+02 6.506564189499813855e-01
2.665000000000000000e+02 6.458766704592698860e-01
2.670000000000000000e+02 6.412282452577424685e-01
2.675000000000000000e+02 6.366575221809668284e-01
2.680000000000000000e+02 6.322098891489951189e-01
2.685000000000000000e+02 6.278806284193195753e-01
2.690000000000000000e+02 6.236194788860510707e-01
2.695000000000000000e+02 6.194696583744846441e-01
2.700000000000000000e+02 6.154270840248026175e-01
2.705000000000000000e+02 6.114444563059810989e-01
2.710000000000000000e+02 6.075630101962951057e-01
2.715000000000000000e+02 6.037372083588742333e-01
2.720000000000000000e+02 6.000483243500117636e-01
2.725000000000000000e+02 5.963692018222898072e-01
2.730000000000000000e+02 5.928206089617458208e-01
2.735000000000000000e+02 5.893189290197542451e-01
2.740000000000000000e+02 5.859019128611638871e-01
2.745000000000000000e+02 5.825286415078132496e-01
2.750000000000000000e+02 5.792358139794238081e-01
2.755000000000000000e+02 5.759838264898633486e-01
2.765000000000000000e+02 5.697071165559103312e-01
2.770000000000000000e+02 5.666777819541621852e-01
2.775000000000000000e+02 5.636831958451690161e-01
2.780000000000000000e+02 5.607227164206276537e-01
2.785000000000000000e+02 5.578639125441783309e-01
2.790000000000000000e+02 5.550025231068498321e-01
2.795000000000000000e+02 5.522389789966544171e-01
2.800000000000000000e+02 5.495045827250099046e-01
2.805000000000000000e+02 5.468312402214766665e-01
2.810000000000000000e+02 5.441852714776380662e-01
2.815000000000000000e+02 5.415978442853445207e-01
2.820000000000000000e+02 5.390361453210459342e-01
2.825000000000000000e+02 5.365306394740151363e-01
2.830000000000000000e+02 5.340798521314019665e-01
2.835000000000000000e+02 5.316521941119848327e-01
2.840000000000000000e+02 5.292771563723430717e-01
2.845000000000000000e+02 5.269238990422189239e-01
2.850000000000000000e+02 5.246212940715304640e-01
2.855000000000000000e+02 5.223680904366242439e-01
2.860000000000000000e+02 5.201345094510804179e-01
2.865000000000000000e+02 5.179202835173519759e-01
2.870000000000000000e+02 5.157531353252338135e-01
2.875000000000000000e+02 5.136319515273585212e-01
2.880000000000000000e+02 5.115556641181736586e-01
2.885000000000000000e+02 5.094689088593314930e-01
2.890000000000000000e+02 5.074529792519134608e-01
2.895000000000000000e+02 5.054528181961466249e-01
2.900000000000000000e+02 5.034682352838942831e-01
2.905000000000000000e+02 5.015513572982214230e-01
2.910000000000000000e+02 4.996228020561543359e-01
2.915000000000000000e+02 4.977344878235879788e-01
2.920000000000000000e+02 4.958855580753891434e-01
2.925000000000000000e+02 4.940499448893273526e-01
2.930000000000000000e+02 4.922525279999779291e-01
2.935000000000000000e+02 4.904925272045995155e-01
2.940000000000000000e+02 4.887199620135034839e-01
2.945000000000000000e+02 4.870085473583279922e-01
2.950000000000000000e+02 4.853085348191074067e-01
2.955000000000000000e+02 4.836198099661249139e-01
2.960000000000000000e+02 4.819660928102050823e-01
2.965000000000000000e+02 4.803467155789644671e-01
2.970000000000000000e+02 4.787375602680191133e-01
2.975000000000000000e+02 4.771385305437534363e-01
2.980000000000000000e+02 4.755726542890074127e-01
2.985000000000000000e+02 4.740393280728673053e-01
2.990000000000000000e+02 4.725151751102643627e-01
2.995000000000000000e+02 4.710001142043112599e-01
3.000000000000000000e+02 4.695165382813901167e-01
3.005000000000000000e+02 4.680639012558720502e-01
3.015000000000000000e+02 4.651832766615690007e-01
3.020000000000000000e+02 4.637770309378516087e-01
3.025000000000000000e+02 4.623785324544321673e-01
3.030000000000000000e+02 4.610093168020454324e-01
3.035000000000000000e+02 4.596689129990793043e-01
3.040000000000000000e+02 4.583355317387993177e-01
3.045000000000000000e+02 4.570091197948160100e-01
3.050000000000000000e+02 4.557107011225686732e-01
3.055000000000000000e+02 4.544188934892107734e-01
3.060000000000000000e+02 4.531544795684048221e-01
3.065000000000000000e+02 4.518963376610375393e-01
3.070000000000000000e+02 4.506650195114916824e-01
3.075000000000000000e+02 4.494396524876845822e-01
3.080000000000000000e+02 4.482405673826516113e-01
3.085000000000000000e+02 4.470471296227346292e-01
3.090000000000000000e+02 4.458593013427905594e-01
3.095000000000000000e+02 4.446970945980072143e-01
3.100000000000000000e+02 4.435402119225926865e-01
3.105000000000000000e+02 4.424084648158966848e-01
3.110000000000000000e+02 4.413015217120958567e-01
3.115000000000000000e+02 4.401797518462090553e-01
3.125000000000000000e+02 4.380095429157346287e-01
3.130000000000000000e+02 4.369411112730167690e-01
3.135000000000000000e+02 4.358964972886377187e-01
3.140000000000000000e+02 4.348370059817416866e-01
3.145000000000000000e+02 4.338202221114948465e-01
3.150000000000000000e+02 4.327885107626154859e-01
3.155000000000000000e+02 4.317989558247319892e-01
3.160000000000000000e+02 4.307944269846958329e-01
3.165000000000000000e+02 4.298127325493760198e-01
3.170000000000000000e+02 4.288536182286071252e-01
3.175000000000000000e+02 4.278795433262439496e-01
3.180000000000000000e+02 4.269464305564490969e-01
3.185000000000000000e+02 4.259983175729153415e-01
3.190000000000000000e+02 4.250722637061939424e-01
3.195000000000000000e+02 4.241680414216846273e-01
3.200000000000000000e+02 4.232488335983106142e-01
3.205000000000000000e+02 4.223695195808211400e-01
3.210000000000000000e+02 4.214751859820011215e-01
3.215000000000000000e+02 4.206022199461539879e-01
3.220000000000000000e+02 4.197504186381909586e-01
3.225000000000000000e+02 4.188836126345752420e-01
3.230000000000000000e+02 4.180378199120826088e-01
3.235000000000000000e+02 4.172128497663762925e-01
3.240000000000000000e+02 4.163907041420065736e-01
3.245000000000000000e+02 4.155713692987657581e-01
3.250000000000000000e+02 4.147725388930297297e-01
3.255000000000000000e+02 4.139763854531258169e-01
3.260000000000000000e+02 4.131828961703218339e-01
3.265000000000000000e+02 4.124096132133193704e-01
3.270000000000000000e+02 4.116388691543668155e-01
3.275000000000000000e+02 4.108881126522023197e-01
3.280000000000000000e+02 4.101223623441345723e-01
3.285000000000000000e+02 4.093938522868075247e-01
3.290000000000000000e+02 4.086503259276632605e-01
3.295000000000000000e+02 4.079264694970148875e-01
3.300000000000000000e+02 4.072049026295880836e-01
3.305000000000000000e+02 4.065028155003940769e-01
3.310000000000000000e+02 4.058029158080650456e-01
3.315000000000000000e+02 4.051051935739899412e-01
3.320000000000000000e+02 4.044267249085302662e-01
3.325000000000000000e+02 4.037503388645973801e-01
3.330000000000000000e+02 4.030760260200650924e-01
3.335000000000000000e+02 4.024207573647902714e-01
3.340000000000000000e+02 4.017674741115236370e-01
3.350000000000000000e+02 4.004837116858498414e-01
3.355000000000000000e+02 3.998531515317212404e-01
3.360000000000000000e+02 3.992413038903374622e-01
3.365000000000000000e+02 3.986144792124984293e-01
3.370000000000000000e+02 3.980062926830098546e-01
3.375000000000000000e+02 3.974166537308868596e-01
3.380000000000000000e+02 3.968120410746229787e-01
3.385000000000000000e+02 3.962259080745127449e-01
3.390000000000000000e+02 3.956415040803025751e-01
3.395000000000000000e+02 3.950754657854913532e-01
3.400000000000000000e+02 3.945110948676638918e-01
3.405000000000000000e+02 3.939483839821684708e-01
3.410000000000000000e+02 3.934039071521773789e-01
3.415000000000000000e+02 3.928444727418957116e-01
3.425000000000000000e+02 3.917800759765866503e-01
3.430000000000000000e+02 3.912584828939499326e-01
3.435000000000000000e+02 3.907384311411161160e-01
3.440000000000000000e+02 3.902199140138429279e-01
3.445000000000000000e+02 3.897193858389955690e-01
3.450000000000000000e+02 3.892039017575509297e-01
3.455000000000000000e+02 3.887227971786929581e-01
3.460000000000000000e+02 3.882267238597648662e-01
3.465000000000000000e+02 3.877485317017091426e-01
3.470000000000000000e+02 3.872717809038478398e-01
3.475000000000000000e+02 3.867964653216299786e-01
3.480000000000000000e+02 3.863389575580494784e-01
3.485000000000000000e+02 3.858828536787966557e-01
3.490000000000000000e+02 3.854281477834736180e-01
3.495000000000000000e+02 3.849748340057214668e-01
3.500000000000000000e+02 3.845392548055642790e-01
3.505000000000000000e+02 3.841050423786108725e-01
3.510000000000000000e+02 3.836721910965650850e-01
3.515000000000000000e+02 3.832570295657240500e-01
3.520000000000000000e+02 3.828268783690195742e-01
3.525000000000000000e+02 3.824143975609494150e-01
3.530000000000000000e+02 3.820195731939078909e-01
3.535000000000000000e+02 3.816097459461323949e-01
3.540000000000000000e+02 3.812175616213572815e-01
3.545000000000000000e+02 3.808266894880794062e-01
3.550000000000000000e+02 3.804371244585588174e-01
3.555000000000000000e+02 3.800651864835107863e-01
3.560000000000000000e+02 3.796945481457983385e-01
3.565000000000000000e+02 3.793252046071509676e-01
3.570000000000000000e+02 3.789571510585831859e-01
3.580000000000000000e+02 3.782412359075008057e-01
3.585000000000000000e+02 3.778933731384112038e-01
3.590000000000000000e+02 3.775631444738820619e-01
3.595000000000000000e+02 3.772178418341061712e-01
3.600000000000000000e+02 3.768901781860375944e-01
3.605000000000000000e+02 3.765637947163774091e-01
3.610000000000000000e+02 3.762386872182155173e-01
3.615000000000000000e+02 3.759148515125829149e-01
3.620000000000000000e+02 3.756086879353084385e-01
3.625000000000000000e+02 3.753038076061662176e-01
3.630000000000000000e+02 3.750002066535715328e-01
3.635000000000000000e+02 3.746978812337785625e-01
3.640000000000000000e+02 3.744132797823520598e-01
3.645000000000000000e+02 3.741299718660967000e-01
3.655000000000000000e+02 3.735672226491570380e-01
3.660000000000000000e+02 3.732877744237080853e-01
3.665000000000000000e+02 3.730261322750850761e-01
3.670000000000000000e+02 3.727492546069404722e-01
3.675000000000000000e+02 3.724902082616892707e-01
3.680000000000000000e+02 3.722490422148015954e-01
3.685000000000000000e+02 3.719926141866956582e-01
3.690000000000000000e+02 3.717540984528752701e-01
3.695000000000000000e+02 3.715169139892394168e-01
3.700000000000000000e+02 3.712810582101051526e-01
3.705000000000000000e+02 3.710465285598905094e-01
3.710000000000000000e+02 3.708133225130276212e-01
3.715000000000000000e+02 3.705981600901793183e-01
3.720000000000000000e+02 3.703843611868816721e-01
3.725000000000000000e+02 3.701719237615315183e-01
3.730000000000000000e+02 3.699608458046958481e-01
3.735000000000000000e+02 3.697511253390621255e-01
3.740000000000000000e+02 3.695596061145912659e-01
3.745000000000000000e+02 3.693526193438622651e-01
3.750000000000000000e+02 3.691638821187562813e-01
3.755000000000000000e+02 3.689765473531538276e-01
3.765000000000000000e+02 3.686230635667576694e-01
3.775000000000000000e+02 3.682752893765867119e-01
3.780000000000000000e+02 3.681120783924708428e-01
3.785000000000000000e+02 3.679503226899171753e-01
3.795000000000000000e+02 3.676483468375403296e-01
3.800000000000000000e+02 3.674909855524588487e-01
3.805000000000000000e+02 3.673523168420801399e-01
3.810000000000000000e+02 3.672151687792791774e-01
3.815000000000000000e+02 3.670795415765493730e-01
3.820000000000000000e+02 3.669454354917067174e-01
3.825000000000000000e+02 3.668302358036791277e-01
3.830000000000000000e+02 3.666992091605215109e-01
3.835000000000000000e+02 3.665871655746127389e-01
3.840000000000000000e+02 3.664767212252899031e-01
3.845000000000000000e+02 3.663503370129201353e-01
3.850000000000000000e+02 3.662430546130536757e-01
3.855000000000000000e+02 3.661549959416164901e-01
3.860000000000000000e+02 3.660509611502548166e-01
3.865000000000000000e+02 3.659485321690721937e-01
3.870000000000000000e+02 3.658654574301166695e-01
3.875000000000000000e+02 3.657840776167428642e-01
3.880000000000000000e+02 3.657043951559686978e-01
3.885000000000000000e+02 3.656264125386333719e-01
3.890000000000000000e+02 3.655501323198256380e-01
3.895000000000000000e+02 3.654755571193120112e-01
3.900000000000000000e+02 3.654026896219800813e-01
3.905000000000000000e+02 3.653496011244389274e-01
3.910000000000000000e+02 3.652802040732134325e-01
3.915000000000000000e+02 3.652306889898158104e-01
3.920000000000000000e+02 3.651829912698794089e-01
3.925000000000000000e+02 3.651188479186545099e-01
3.930000000000000000e+02 3.650747457816739261e-01
3.935000000000000000e+02 3.650508428907689451e-01
3.940000000000000000e+02 3.650104556232436348e-01
3.945000000000000000e+02 3.649719066194576089e-01
3.950000000000000000e+02 3.649352003024589064e-01
3.955000000000000000e+02 3.649189246392912089e-01
3.960000000000000000e+02 3.648859707816735631e-01
3.965000000000000000e+02 3.648735679367763884e-01
3.970000000000000000e+02 3.648631385927471604e-01
3.975000000000000000e+02 3.648358788922871909e-01
3.980000000000000000e+02 3.648293563039130549e-01
3.985000000000000000e+02 3.648248252414915682e-01
3.990000000000000000e+02 3.648222920568165994e-01
3.995000000000000000e+02 3.648217632057861315e-01
4.000000000000000000e+02 3.648423519547787097e-01
4.005000000000000000e+02 3.648459122364334228e-01
4.010000000000000000e+02 3.648514973033445408e-01
4.015000000000000000e+02 3.648591140429941482e-01
4.020000000000000000e+02 3.648881251675447634e-01
4.025000000000000000e+02 3.648998888722512213e-01
4.030000000000000000e+02 3.649331908985063988e-01
4.035000000000000000e+02 3.649491323453526448e-01
4.040000000000000000e+02 3.649867584932584563e-01
4.045000000000000000e+02 3.650069094264750680e-01
4.050000000000000000e+02 3.650488939332512950e-01
4.055000000000000000e+02 3.650931053892847999e-01
4.060000000000000000e+02 3.651196652297401535e-01
4.065000000000000000e+02 3.651682888917787695e-01
4.070000000000000000e+02 3.652191678397835317e-01
4.075000000000000000e+02 3.652723119867247736e-01
4.080000000000000000e+02 3.653075626927297370e-01
4.085000000000000000e+02 3.653651950493232436e-01
4.090000000000000000e+02 3.654251226583826173e-01
4.095000000000000000e+02 3.654873560268744881e-01
4.100000000000000000e+02 3.655519058163964607e-01
4.105000000000000000e+02 3.655982497373316265e-01
4.110000000000000000e+02 3.656673895475799352e-01
4.115000000000000000e+02 3.657388781038078407e-01
4.125000000000000000e+02 3.658681123906072363e-01
4.130000000000000000e+02 3.659466377307395990e-01
4.135000000000000000e+02 3.660065707352579412e-01
4.140000000000000000e+02 3.660898174771943792e-01
4.145000000000000000e+02 3.661754819434744901e-01
4.150000000000000000e+02 3.662423547571628246e-01
4.155000000000000000e+02 3.663115122438339588e-01
4.160000000000000000e+02 3.664043409788497185e-01
4.165000000000000000e+02 3.664781781875720013e-01
4.170000000000000000e+02 3.665543333788320313e-01
4.175000000000000000e+02 3.666328177696115409e-01
4.180000000000000000e+02 3.667136427378693275e-01
4.185000000000000000e+02 3.667968198246180367e-01
4.190000000000000000e+02 3.668823607360369721e-01
4.195000000000000000e+02 3.669702773456203215e-01
4.200000000000000000e+02 3.670385640034610208e-01
4.205000000000000000e+02 3.671311851272857640e-01
4.210000000000000000e+02 3.672040377836002789e-01
4.215000000000000000e+02 3.672791502627311133e-01
4.220000000000000000e+02 3.673565333125634047e-01
4.225000000000000000e+02 3.674361978333563483e-01
4.230000000000000000e+02 3.675181548796763731e-01
4.235000000000000000e+02 3.675798344913178139e-01
4.245000000000000000e+02 3.677324029111523340e-01
4.250000000000000000e+02 3.678006522574056580e-01
4.255000000000000000e+02 3.678481872734571390e-01
4.260000000000000000e+02 3.679207332121513518e-01
4.265000000000000000e+02 3.679724272559304343e-01
4.270000000000000000e+02 3.680261758967381391e-01
4.275000000000000000e+02 3.680819877727259382e-01
4.280000000000000000e+02 3.681165887888981914e-01
4.285000000000000000e+02 3.681531182973174499e-01
4.290000000000000000e+02 3.681915836101204986e-01
4.295000000000000000e+02 3.682319921431851939e-01
4.300000000000000000e+02 3.682507758324877201e-01
4.305000000000000000e+02 3.682713714634546220e-01
4.310000000000000000e+02 3.682937851952872155e-01
4.315000000000000000e+02 3.682942395584903328e-01
4.320000000000000000e+02 3.682963856777159983e-01
4.325000000000000000e+02 3.682763159884351878e-01
4.330000000000000000e+02 3.682578179914070549e-01
4.335000000000000000e+02 3.682408955308146825e-01
4.340000000000000000e+02 3.682014568988818404e-01
4.345000000000000000e+02 3.681634798665812669e-01
4.350000000000000000e+02 3.681027603123946945e-01
4.355000000000000000e+02 3.680433957469945727e-01
4.360000000000000000e+02 3.679610792977507927e-01
4.365000000000000000e+02 3.678800190383797464e-01
4.370000000000000000e+02 3.677758152555172244e-01
4.375000000000000000e+02 3.676727771385667753e-01
4.380000000000000000e+02 3.675464222735494446e-01
4.385000000000000000e+02 3.673966354429901160e-01
4.390000000000000000e+02 3.672478603516242668e-01
4.400000000000000000e+02 3.669041275076960207e-01
4.405000000000000000e+02 3.667090561023786943e-01
4.415000000000000000e+02 3.662722713590756962e-01
4.420000000000000000e+02 3.660304864307652450e-01
4.425000000000000000e+02 3.657648451408049839e-01
4.430000000000000000e+02 3.655000062701612706e-01
4.435000000000000000e+02 3.651866034962116259e-01
4.440000000000000000e+02 3.648739968378899579e-01
4.450000000000000000e+02 3.642018511914599244e-01
4.455000000000000000e+02 3.638177196495237520e-01
4.460000000000000000e+02 3.634344550275466212e-01
4.465000000000000000e+02 3.630274735549514076e-01
4.470000000000000000e+02 3.625968548184850815e-01
4.475000000000000000e+02 3.621426949058418332e-01
4.480000000000000000e+02 3.616651062823982299e-01
4.485000000000000000e+02 3.611886328865352436e-01
4.490000000000000000e+02 3.606645338725211758e-01
4.495000000000000000e+02 3.601417400110831779e-01
4.500000000000000000e+02 3.595959961605294519e-01
4.505000000000000000e+02 3.590274779764107693e-01
4.510000000000000000e+02 3.584363763948929527e-01
4.515000000000000000e+02 3.578228973381489264e-01
4.520000000000000000e+02 3.571872613938922858e-01
4.525000000000000000e+02 3.565297034701095380e-01
4.530000000000000000e+02 3.558742519444611507e-01
4.535000000000000000e+02 3.551735141670269713e-01
4.540000000000000000e+02 3.544752244676100394e-01
4.545000000000000000e+02 3.537558774410704543e-01
4.550000000000000000e+02 3.530157598502663974e-01
4.555000000000000000e+02 3.522551706596094845e-01
4.560000000000000000e+02 3.514744205699641966e-01
4.565000000000000000e+02 3.506968778325840197e-01
4.570000000000000000e+02 3.498995888269031407e-01
4.575000000000000000e+02 3.490828839946781281e-01
4.580000000000000000e+02 3.482471039671564683e-01
4.585000000000000000e+02 3.473925990512501949e-01
4.590000000000000000e+02 3.465421515581686984e-01
4.595000000000000000e+02 3.456734367004180020e-01
4.600000000000000000e+02 3.447868196026105947e-01
4.605000000000000000e+02 3.439046923440872150e-01
4.610000000000000000e+02 3.430051345709217991e-01
4.615000000000000000e+02 3.421102665364729734e-01
4.620000000000000000e+02 3.411768412902964065e-01
4.625000000000000000e+02 3.402485879543732938e-01
4.630000000000000000e+02 3.393254613833748823e-01
4.635000000000000000e+02 3.383862476516701356e-01
4.640000000000000000e+02 3.374523564031380318e-01
4.645000000000000000e+02 3.365028624773455657e-01
4.650000000000000000e+02 3.355381565518387177e-01
4.655000000000000000e+02 3.345792080963128079e-01
4.660000000000000000e+02 3.336259624155846759e-01
4.665000000000000000e+02 3.326580841541110223e-01
4.670000000000000000e+02 3.316960937980268365e-01
4.675000000000000000e+02 3.307199519090843198e-01
4.680000000000000000e+02 3.297498786477028321e-01
4.685000000000000000e+02 3.287858136441453860e-01
4.690000000000000000e+02 3.278081617938485293e-01
4.695000000000000000e+02 3.268366925830155645e-01
4.700000000000000000e+02 3.258713433158594852e-01
4.705000000000000000e+02 3.248929604177928643e-01
4.710000000000000000e+02 3.239208652984361114e-01
4.715000000000000000e+02 3.229549930346397035e-01
4.720000000000000000e+02 3.219766282298497928e-01
4.725000000000000000e+02 3.210231528948209734e-01
4.730000000000000000e+02 3.200573447582870656e-01
4.735000000000000000e+02 3.190977891557529311e-01
4.740000000000000000e+02 3.181444209787059330e-01
4.745000000000000000e+02 3.171792378076226382e-01
4.750000000000000000e+02 3.162381907584435603e-01
4.755000000000000000e+02 3.152854791462214590e-01
4.760000000000000000e+02 3.143389751310127767e-01
4.765000000000000000e+02 3.133986135881572377e-01
4.770000000000000000e+02 3.124643303535298289e-01
4.775000000000000000e+02 3.115360622052544270e-01
4.780000000000000000e+02 3.105967641873687568e-01
4.785000000000000000e+02 3.096804706043012057e-01
4.790000000000000000e+02 3.087700064544197653e-01
4.795000000000000000e+02 3.078487193635399133e-01
4.800000000000000000e+02 3.069333984709041729e-01
4.805000000000000000e+02 3.060403175956291077e-01
4.810000000000000000e+02 3.051366171910566139e-01
4.815000000000000000e+02 3.042387004948330920e-01
4.820000000000000000e+02 3.033624726349149481e-01
4.825000000000000000e+02 3.024758235644511295e-01
4.830000000000000000e+02 3.015947834887022783e-01
4.835000000000000000e+02 3.007192953762582999e-01
4.840000000000000000e+02 2.998647905671408820e-01
4.845000000000000000e+02 2.990001218215561640e-01
4.850000000000000000e+02 2.981408400587600704e-01
4.855000000000000000e+02 2.972868913995855844e-01
4.860000000000000000e+02 2.964532537510762289e-01
4.865000000000000000e+02 2.956097009569537692e-01
4.870000000000000000e+02 2.947713253276585954e-01
4.875000000000000000e+02 2.939527779974104305e-01
4.880000000000000000e+02 2.931244963834253037e-01
4.885000000000000000e+02 2.923157317899862107e-01
4.890000000000000000e+02 2.914973505399898190e-01
4.895000000000000000e+02 2.906981821413686107e-01
4.900000000000000000e+02 2.899036928321065409e-01
4.905000000000000000e+02 2.890997590303605591e-01
4.910000000000000000e+02 2.883145964294327457e-01
4.915000000000000000e+02 2.875339824130343502e-01
4.920000000000000000e+02 2.867578749527194271e-01
4.925000000000000000e+02 2.859862325649524251e-01
4.930000000000000000e+02 2.852190143019816548e-01
4.935000000000000000e+02 2.844561797429020489e-01
4.940000000000000000e+02 2.837110955061346584e-01
4.945000000000000000e+02 2.829568168022869035e-01
4.950000000000000000e+02 2.822200294868704717e-01
4.955000000000000000e+02 2.814741546955145113e-01
4.960000000000000000e+02 2.807455178245873983e-01
4.965000000000000000e+02 2.800208590594676084e-01
4.970000000000000000e+02 2.793001439622934123e-01
4.975000000000000000e+02 2.785833385128569928e-01
4.980000000000000000e+02 2.778704091020619549e-01
4.985000000000000000e+02 2.771613225255040724e-01
4.990000000000000000e+02 2.764685873634031288e-01
4.995000000000000000e+02 2.757670065945977966e-01
5.000000000000000000e+02 2.750815526756928975e-01
5.005000000000000000e+02 2.743873526343129088e-01
5.010000000000000000e+02 2.737090593206778499e-01
5.015000000000000000e+02 2.730342634915914890e-01
5.020000000000000000e+02 2.723629367259592926e-01
5.025000000000000000e+02 2.717070467710774317e-01
5.030000000000000000e+02 2.710424992938177402e-01
5.035000000000000000e+02 2.703813382053431580e-01
5.040000000000000000e+02 2.697353114652151773e-01
5.045000000000000000e+02 2.690924731482106091e-01
5.050000000000000000e+02 2.684527985825556629e-01
5.055000000000000000e+02 2.678162633629135314e-01
5.060000000000000000e+02 2.671828433466686969e-01
5.065000000000000000e+02 2.665525146502731313e-01
5.070000000000000000e+02 2.659366133192503368e-01
5.075000000000000000e+02 2.653123291431116471e-01
5.080000000000000000e+02 2.647022937360405392e-01
5.085000000000000000e+02 2.640951261942530159e-01
5.090000000000000000e+02 2.634908055047918696e-01
5.095000000000000000e+02 2.628893108690672498e-01
5.100000000000000000e+02 2.622906217000322004e-01
5.105000000000000000e+02 2.617056283267940042e-01
5.110000000000000000e+02 2.611124270994569230e-01
5.115000000000000000e+02 2.605327600428831714e-01
5.120000000000000000e+02 2.599556981306542225e-01
5.125000000000000000e+02 2.593812232214021130e-01
5.130000000000000000e+02 2.588093173491987642e-01
5.135000000000000000e+02 2.582399627213685100e-01
5.140000000000000000e+02 2.576836393435756878e-01
5.145000000000000000e+02 2.571192773188321623e-01
5.150000000000000000e+02 2.565677998571943563e-01
5.155000000000000000e+02 2.560186934843892148e-01
5.160000000000000000e+02 2.554719424990887222e-01
5.165000000000000000e+02 2.549275313439404722e-01
5.170000000000000000e+02 2.543854446038653072e-01
5.175000000000000000e+02 2.538557838381690357e-01
5.180000000000000000e+02 2.533182474470863643e-01
5.185000000000000000e+02 2.527930035487978566e-01
5.190000000000000000e+02 2.522699215690291652e-01
5.195000000000000000e+02 2.517489878870852182e-01
5.200000000000000000e+02 2.512400528783907405e-01
5.205000000000000000e+02 2.507233258838045820e-01
5.215000000000000000e+02 2.497059019816353365e-01
5.220000000000000000e+02 2.492050832872714228e-01
5.225000000000000000e+02 2.487062393545435846e-01
5.230000000000000000e+02 2.482093583397682601e-01
5.235000000000000000e+02 2.477239611675199349e-01
5.240000000000000000e+02 2.472309250069694708e-01
5.245000000000000000e+02 2.467492597705805701e-01
5.250000000000000000e+02 2.462600234694877210e-01
5.255000000000000000e+02 2.457820467297401612e-01
5.260000000000000000e+02 2.453058765049899170e-01
5.265000000000000000e+02 2.448407712402515535e-01
5.270000000000000000e+02 2.443681404010832336e-01
5.275000000000000000e+02 2.439064704329994282e-01
5.280000000000000000e+02 2.434373394366316223e-01
5.285000000000000000e+02 2.429790665891029822e-01
5.290000000000000000e+02 2.425224579520378343e-01
5.295000000000000000e+02 2.420675044498253048e-01
5.300000000000000000e+02 2.416231796762211004e-01
5.305000000000000000e+02 2.411714697942886620e-01
5.310000000000000000e+02 2.407302931668117152e-01
5.315000000000000000e+02 2.402817923694676172e-01
5.320000000000000000e+02 2.398437305447634338e-01
5.325000000000000000e+02 2.394071950032205520e-01
5.330000000000000000e+02 2.389809319205472016e-01
5.335000000000000000e+02 2.385473881075767799e-01
5.340000000000000000e+02 2.381240284961168574e-01
5.345000000000000000e+02 2.376934459858830173e-01
5.350000000000000000e+02 2.372729604701739603e-01
5.355000000000000000e+02 2.368538835748482119e-01
5.360000000000000000e+02 2.364362083056653629e-01
5.370000000000000000e+02 2.356135063345818348e-01
5.375000000000000000e+02 2.352083984267893946e-01
5.380000000000000000e+02 2.347961924335726924e-01
5.385000000000000000e+02 2.343937255497059724e-01
5.390000000000000000e+02 2.339925533244724409e-01
5.395000000000000000e+02 2.335926696257076829e-01
5.400000000000000000e+02 2.332023435374270814e-01
5.405000000000000000e+02 2.328049865538708296e-01
5.410000000000000000e+02 2.324171123617701784e-01
5.415000000000000000e+02 2.320304402993795534e-01
5.420000000000000000e+02 2.316449649154005141e-01
5.425000000000000000e+02 2.312606807916128271e-01
5.430000000000000000e+02 2.308775825426176986e-01
5.435000000000000000e+02 2.304956648155892240e-01
5.440000000000000000e+02 2.301229539672434987e-01
5.445000000000000000e+02 2.297513546119827610e-01
5.450000000000000000e+02 2.293808619305497676e-01
5.460000000000000000e+02 2.286431774509853632e-01
5.465000000000000000e+02 2.282759761525783582e-01
5.470000000000000000e+02 2.279098625270508383e-01
5.475000000000000000e+02 2.275526667676733006e-01
5.480000000000000000e+02 2.271964949308255821e-01
5.485000000000000000e+02 2.268413427755017753e-01
5.490000000000000000e+02 2.264872060839444590e-01
5.495000000000000000e+02 2.261340806614850762e-01
5.500000000000000000e+02 2.257819623363857275e-01
5.505000000000000000e+02 2.254385245285383532e-01
5.510000000000000000e+02 2.250883820106199806e-01
5.515000000000000000e+02 2.247468610862623228e-01
5.520000000000000000e+02 2.244062804486987861e-01
5.525000000000000000e+02 2.240666363795015825e-01
5.530000000000000000e+02 2.237279251795979973e-01
5.535000000000000000e+02 2.233901431691443784e-01
5.540000000000000000e+02 2.230607918009481216e-01
5.545000000000000000e+02 2.227248330022881528e-01
5.550000000000000000e+02 2.223972503488034491e-01
5.555000000000000000e+02 2.220705354271388932e-01
5.560000000000000000e+02 2.217446849538549924e-01
5.565000000000000000e+02 2.214196956617802414e-01
5.570000000000000000e+02 2.211029314491032294e-01
5.575000000000000000e+02 2.207796321246617566e-01
5.580000000000000000e+02 2.204645072380369553e-01
5.585000000000000000e+02 2.201428853789884066e-01
5.590000000000000000e+02 2.198293877386020556e-01
5.595000000000000000e+02 2.195166885457910111e-01
5.600000000000000000e+02 2.192047849100140777e-01
5.605000000000000000e+02 2.189008899852725731e-01
5.610000000000000000e+02 2.185905477334917635e-01
5.615000000000000000e+02 2.182881673337542516e-01
5.620000000000000000e+02 2.179865301578024495e-01
5.625000000000000000e+02 2.176784988237549789e-01
5.630000000000000000e+02 2.173783602394542824e-01
5.635000000000000000e+02 2.170860521747993988e-01
5.640000000000000000e+02 2.167873621542190377e-01
5.645000000000000000e+02 2.164894025454028870e-01
5.650000000000000000e+02 2.161992078059493116e-01
5.655000000000000000e+02 2.159026819273057729e-01
5.660000000000000000e+02 2.156138778828236291e-01
5.665000000000000000e+02 2.153257564018501158e-01
5.670000000000000000e+02 2.150383152090963590e-01
5.680000000000000000e+02 2.144723908028375592e-01
5.685000000000000000e+02 2.141869586810038195e-01
5.690000000000000000e+02 2.139090885243057349e-01
5.695000000000000000e+02 2.136318521239451984e-01
5.700000000000000000e+02 2.133552474463511761e-01
5.705000000000000000e+02 2.130792724663658488e-01
5.710000000000000000e+02 2.128039251672022014e-01
5.715000000000000000e+02 2.125292035404002522e-01
5.725000000000000000e+02 2.119884012179727162e-01
5.730000000000000000e+02 2.117222836827886701e-01
5.735000000000000000e+02 2.114567511662393262e-01
5.740000000000000000e+02 2.111850778364310899e-01
5.745000000000000000e+02 2.109274339691228073e-01
5.750000000000000000e+02 2.106636456965192972e-01
5.755000000000000000e+02 2.104004352584079862e-01
5.760000000000000000e+02 2.101444625940758482e-01
5.765000000000000000e+02 2.098823868367313827e-01
5.770000000000000000e+02 2.096275149162770413e-01
5.775000000000000000e+02 2.093731834989065732e-01
5.780000000000000000e+02 2.091193909745537594e-01
5.785000000000000000e+02 2.088661357393251372e-01
5.790000000000000000e+02 2.086134161954719957e-01
5.795000000000000000e+02 2.083612307513613982e-01
5.800000000000000000e+02 2.081161220781570786e-01
5.805000000000000000e+02 2.078649855978701444e-01
5.810000000000000000e+02 2.076208946533228961e-01
5.815000000000000000e+02 2.073773035429509193e-01
5.820000000000000000e+02 2.071342108272664351e-01
5.825000000000000000e+02 2.068916150721242520e-01
5.830000000000000000e+02 2.066495148486978128e-01
5.835000000000000000e+02 2.064143580291362967e-01
5.840000000000000000e+02 2.061732311907735760e-01
5.845000000000000000e+02 2.059390189608173716e-01
5.850000000000000000e+02 2.056988600041790849e-01
5.855000000000000000e+02 2.054655870230353565e-01
5.860000000000000000e+02 2.052327754320456277e-01
5.865000000000000000e+02 2.050004239442378973e-01
5.870000000000000000e+02 2.047685312772785926e-01
5.875000000000000000e+02 2.045434446131882411e-01
5.880000000000000000e+02 2.043124534025932415e-01
5.885000000000000000e+02 2.040882417757002021e-01
5.890000000000000000e+02 2.038581470759671943e-01
5.895000000000000000e+02 2.036348056813312435e-01
5.900000000000000000e+02 2.034118918787300168e-01
5.905000000000000000e+02 2.031894045087135336e-01
5.910000000000000000e+02 2.029673424159093020e-01
5.915000000000000000e+02 2.027519602804312149e-01
5.920000000000000000e+02 2.025307339387061867e-01
5.925000000000000000e+02 2.023099294605662235e-01
5.930000000000000000e+02 2.020957683169939956e-01
5.935000000000000000e+02 2.018820049736979039e-01
5.940000000000000000e+02 2.016686383780122993e-01
5.945000000000000000e+02 2.014556674809016568e-01
5.950000000000000000e+02 2.012430912369430891e-01
5.955000000000000000e+02 2.010309086043122750e-01
5.960000000000000000e+02 2.008191185447681659e-01
5.965000000000000000e+02 2.006138702665436480e-01
5.970000000000000000e+02 2.004028519037982237e-01
5.975000000000000000e+02 2.001983533545474703e-01
5.980000000000000000e+02 1.999942234191928736e-01
5.985000000000000000e+02 1.997843499402701395e-01
5.990000000000000000e+02 1.995809638971426103e-01
5.995000000000000000e+02 1.993840357781526407e-01
6.000000000000000000e+02 1.991813707961231361e-01
6.005000000000000000e+02 1.989790696929062963e-01
6.015000000000000000e+02 1.985816104909445545e-01
6.020000000000000000e+02 1.983864324565456361e-01
6.025000000000000000e+02 1.981855587669987262e-01
6.030000000000000000e+02 1.979910727703209361e-01
6.035000000000000000e+02 1.977969271581168087e-01
6.040000000000000000e+02 1.976031210683572570e-01
6.045000000000000000e+02 1.974156569950170359e-01
6.050000000000000000e+02 1.972225188101981164e-01
6.055000000000000000e+02 1.970297175963950098e-01
6.060000000000000000e+02 1.968432309303943251e-01
6.065000000000000000e+02 1.966510925951411026e-01
6.070000000000000000e+02 1.964652508364345962e-01
6.075000000000000000e+02 1.962797264328498548e-01
6.080000000000000000e+02 1.960945185930219326e-01
6.085000000000000000e+02 1.959096265281961291e-01
6.090000000000000000e+02 1.957250494522169149e-01
6.095000000000000000e+02 1.955407865815161628e-01
6.100000000000000000e+02 1.953627535994097442e-01
6.105000000000000000e+02 1.951791091199634731e-01
6.110000000000000000e+02 1.950016783533497777e-01
6.115000000000000000e+02 1.948186492191008590e-01
6.120000000000000000e+02 1.946418176861427762e-01
6.125000000000000000e+02 1.944652811984547425e-01
6.130000000000000000e+02 1.942890390305771486e-01
6.135000000000000000e+02 1.941130904594192130e-01
6.140000000000000000e+02 1.939374347642469631e-01
6.145000000000000000e+02 1.937620712266759637e-01
6.150000000000000000e+02 1.935928457500770139e-01
6.155000000000000000e+02 1.934180575364576882e-01
6.160000000000000000e+02 1.932493929899150864e-01
6.165000000000000000e+02 1.930751773026979368e-01
6.170000000000000000e+02 1.929070709430533714e-01
6.175000000000000000e+02 1.927392396019000642e-01
6.180000000000000000e+02 1.925716826106994017e-01
6.185000000000000000e+02 1.924043993030748190e-01
6.190000000000000000e+02 1.922373890148029174e-01
6.195000000000000000e+02 1.920706510838059711e-01
6.200000000000000000e+02 1.919099697782099823e-01
6.205000000000000000e+02 1.917437685417125726e-01
6.210000000000000000e+02 1.915836112424249282e-01
6.215000000000000000e+02 1.914179441177218666e-01
6.220000000000000000e+02 1.912583082881227914e-01
6.225000000000000000e+02 1.910989295892621120e-01
6.230000000000000000e+02 1.909398074019187097e-01
6.235000000000000000e+02 1.907809411088588480e-01
6.240000000000000000e+02 1.906223300948264310e-01
6.245000000000000000e+02 1.904639737465357863e-01
6.250000000000000000e+02 1.903058714526640050e-01
6.255000000000000000e+02 1.901537484539008727e-01
6.260000000000000000e+02 1.899961471864274887e-01
6.270000000000000000e+02 1.896874115582123654e-01
6.275000000000000000e+02 1.895362662103572127e-01
6.280000000000000000e+02 1.893853615398075896e-01
6.285000000000000000e+02 1.892346969721545868e-01
6.290000000000000000e+02 1.890842719348158341e-01
6.295000000000000000e+02 1.889340858570280612e-01
6.300000000000000000e+02 1.887841381698399379e-01
6.305000000000000000e+02 1.886344283061049398e-01
6.310000000000000000e+02 1.884849557004741050e-01
6.315000000000000000e+02 1.883413905601007410e-01
6.320000000000000000e+02 1.881923862954170967e-01
6.325000000000000000e+02 1.880492800915652130e-01
6.330000000000000000e+02 1.879007419556319169e-01
6.335000000000000000e+02 1.877580925094105846e-01
6.340000000000000000e+02 1.876156687368638609e-01
6.345000000000000000e+02 1.874734701046075480e-01
6.350000000000000000e+02 1.873314960809375762e-01
6.355000000000000000e+02 1.871897461358232317e-01
6.360000000000000000e+02 1.870482197408999403e-01
6.365000000000000000e+02 1.869069163694644931e-01
6.370000000000000000e+02 1.867714640212650989e-01
6.375000000000000000e+02 1.866306013806002251e-01
6.380000000000000000e+02 1.864955819161288053e-01
6.385000000000000000e+02 1.863551579427060179e-01
6.390000000000000000e+02 1.862205693273286389e-01
6.395000000000000000e+02 1.860861938529347337e-01
6.400000000000000000e+02 1.859464221823183827e-01
6.405000000000000000e+02 1.858124745342948914e-01
6.410000000000000000e+02 1.856787385309875416e-01
6.415000000000000000e+02 1.855452136784948025e-01
6.420000000000000000e+02 1.854118994844537183e-01
6.430000000000000000e+02 1.851514917955098261e-01
6.435000000000000000e+02 1.850188036306097128e-01
6.445000000000000000e+02 1.847596352913074280e-01
6.450000000000000000e+02 1.846331488323312842e-01
6.455000000000000000e+02 1.845012866282044195e-01
6.460000000000000000e+02 1.843752059341151883e-01
6.465000000000000000e+02 1.842493262632865225e-01
6.470000000000000000e+02 1.841180770481385398e-01
6.475000000000000000e+02 1.839926003378329900e-01
6.480000000000000000e+02 1.838673232621862996e-01
6.485000000000000000e+02 1.837422453627412522e-01
6.490000000000000000e+02 1.836173661824555825e-01
6.495000000000000000e+02 1.834982439129085596e-01
6.500000000000000000e+02 1.833737585278040760e-01
6.505000000000000000e+02 1.832494705037737981e-01
6.510000000000000000e+02 1.831309318834800914e-01
6.515000000000000000e+02 1.830070349646436279e-01
6.520000000000000000e+02 1.828888826978145310e-01
6.525000000000000000e+02 1.827653751076104005e-01
6.530000000000000000e+02 1.826476074409695005e-01
6.540000000000000000e+02 1.824071026047722199e-01
6.545000000000000000e+02 1.822899077887689401e-01
6.550000000000000000e+02 1.821729025384592471e-01
6.555000000000000000e+02 1.820560864278989999e-01
6.560000000000000000e+02 1.819394590324508731e-01
6.565000000000000000e+02 1.818230199287790005e-01
6.570000000000000000e+02 1.817067686948443395e-01
6.575000000000000000e+02 1.815907049099001469e-01
6.580000000000000000e+02 1.814803573436376549e-01
6.585000000000000000e+02 1.813646656626279052e-01
6.590000000000000000e+02 1.812491601803681296e-01
6.595000000000000000e+02 1.811393657380414857e-01
6.600000000000000000e+02 1.810242298835535446e-01
6.605000000000000000e+02 1.809148018676239866e-01
6.610000000000000000e+02 1.808000340055580524e-01
6.615000000000000000e+02 1.806909708028309747e-01
6.620000000000000000e+02 1.805820889843015031e-01
6.625000000000000000e+02 1.804678693149413815e-01
6.630000000000000000e+02 1.803593499125880073e-01
6.635000000000000000e+02 1.802510107078784396e-01
6.640000000000000000e+02 1.801428513091602179e-01
6.645000000000000000e+02 1.800348713259790623e-01
6.650000000000000000e+02 1.799270703690752093e-01
6.655000000000000000e+02 1.798194480503788606e-01
6.660000000000000000e+02 1.797120039830057414e-01
6.665000000000000000e+02 1.796047377812522161e-01
6.675000000000000000e+02 1.793962481478408588e-01
6.680000000000000000e+02 1.792895124511916793e-01
6.685000000000000000e+02 1.791829530933543024e-01
6.690000000000000000e+02 1.790820787173480200e-01
6.695000000000000000e+02 1.789758701223555237e-01
6.700000000000000000e+02 1.788753448768836130e-01
6.705000000000000000e+02 1.787694855516571146e-01
6.710000000000000000e+02 1.786693079658722427e-01
6.715000000000000000e+02 1.785637964264261690e-01
6.720000000000000000e+02 1.784639650385045628e-01
6.730000000000000000e+02 1.782593131669554798e-01
6.735000000000000000e+02 1.781599983183365099e-01
6.740000000000000000e+02 1.780608549086805936e-01
6.745000000000000000e+02 1.779563771794654969e-01
6.750000000000000000e+02 1.778575756446400535e-01
6.755000000000000000e+02 1.777589444847144096e-01
6.760000000000000000e+02 1.776604833487106516e-01
6.765000000000000000e+02 1.775621918867309190e-01
6.770000000000000000e+02 1.774640697499539344e-01
6.775000000000000000e+02 1.773661165906306736e-01
6.780000000000000000e+02 1.772683320620805913e-01
6.785000000000000000e+02 1.771707158186884568e-01
6.790000000000000000e+02 1.770732675158991631e-01
6.795000000000000000e+02 1.769759868102154798e-01
6.800000000000000000e+02 1.768788733591926954e-01
6.805000000000000000e+02 1.767819268214360084e-01
6.810000000000000000e+02 1.766906518576100427e-01
6.815000000000000000e+02 1.765940381273862214e-01
6.820000000000000000e+02 1.764975902970641330e-01
6.825000000000000000e+02 1.764013080294069002e-01
6.830000000000000000e+02 1.763051909882080714e-01
6.835000000000000000e+02 1.762147445647418154e-01
6.840000000000000000e+02 1.761189569959979995e-01
6.845000000000000000e+02 1.760233336557902317e-01
6.850000000000000000e+02 1.759333807000180716e-01
6.855000000000000000e+02 1.758380848594881529e-01
6.860000000000000000e+02 1.757429522587028448e-01
6.870000000000000000e+02 1.755586828050685611e-01
6.875000000000000000e+02 1.754640380093178964e-01
6.880000000000000000e+02 1.753750632865167247e-01
6.885000000000000000e+02 1.752807420991374376e-01
6.890000000000000000e+02 1.751865822009278928e-01
6.895000000000000000e+02 1.750980922971936971e-01
6.900000000000000000e+02 1.750042540884456377e-01
6.905000000000000000e+02 1.749105762068945136e-01
6.910000000000000000e+02 1.748225682926735913e-01
6.915000000000000000e+02 1.747292101992541091e-01
6.920000000000000000e+02 1.746415223118087112e-01
6.925000000000000000e+02 1.745484827517470861e-01
6.930000000000000000e+02 1.744556019365016697e-01
6.935000000000000000e+02 1.743683913856634016e-01
6.940000000000000000e+02 1.742758272313352508e-01
6.945000000000000000e+02 1.741834208829844410e-01
6.950000000000000000e+02 1.740966849084541468e-01
6.955000000000000000e+02 1.740045933656752253e-01
6.960000000000000000e+02 1.739126586985455247e-01
6.970000000000000000e+02 1.737347728655185275e-01
6.975000000000000000e+02 1.736433071192763633e-01
6.980000000000000000e+02 1.735519970198351469e-01
6.985000000000000000e+02 1.734608422611762790e-01
6.990000000000000000e+02 1.733753579567276493e-01
6.995000000000000000e+02 1.732845131321076870e-01
7.000000000000000000e+02 1.731938227402114172e-01
7.005000000000000000e+02 1.731032864786833658e-01
7.010000000000000000e+02 1.730129040460760825e-01
7.015000000000000000e+02 1.729226751418475316e-01
7.020000000000000000e+02 1.728325994663575116e-01
7.025000000000000000e+02 1.727426767208647129e-01
7.030000000000000000e+02 1.726529066075238594e-01
7.035000000000000000e+02 1.725632888293820721e-01
7.040000000000000000e+02 1.724738230903763159e-01
7.045000000000000000e+02 1.723845090953299852e-01
7.050000000000000000e+02 1.722898288337884609e-01
7.055000000000000000e+02 1.722008172241435986e-01
7.060000000000000000e+02 1.721119564737570162e-01
7.065000000000000000e+02 1.720177285893231545e-01
7.070000000000000000e+02 1.719291684497622208e-01
7.075000000000000000e+02 1.718407582926395616e-01
7.080000000000000000e+02 1.717469801033889298e-01
7.085000000000000000e+02 1.716533515165014623e-01
7.090000000000000000e+02 1.715653890739816667e-01
7.095000000000000000e+02 1.714720583571879287e-01
7.100000000000000000e+02 1.713788763496953416e-01
7.105000000000000000e+02 1.712913589914237811e-01
7.110000000000000000e+02 1.711984730876792704e-01
7.115000000000000000e+02 1.711057350079081829e-01
7.120000000000000000e+02 1.710131444573943782e-01
7.125000000000000000e+02 1.709207011422717026e-01
7.130000000000000000e+02 1.708228906123531732e-01
7.135000000000000000e+02 1.707307412940233526e-01
7.140000000000000000e+02 1.706387383306380567e-01
7.145000000000000000e+02 1.705468814317053494e-01
7.150000000000000000e+02 1.704496584366117229e-01
7.155000000000000000e+02 1.703580931872047399e-01
7.160000000000000000e+02 1.702611627275845696e-01
7.165000000000000000e+02 1.701643786302737549e-01
7.170000000000000000e+02 1.700677405976792345e-01
7.185000000000000000e+02 1.697786999248285522e-01
7.190000000000000000e+02 1.696826431919029043e-01
7.195000000000000000e+02 1.695867310482541968e-01
7.200000000000000000e+02 1.694909632012792655e-01
7.205000000000000000e+02 1.693898391856639429e-01
7.210000000000000000e+02 1.692943600991579645e-01
7.215000000000000000e+02 1.691935270324077256e-01
7.220000000000000000e+02 1.690928398588624759e-01
7.225000000000000000e+02 1.689922982792731454e-01
7.230000000000000000e+02 1.688919019952215828e-01
7.235000000000000000e+02 1.687916507091169749e-01
7.240000000000000000e+02 1.686915441241937652e-01
7.245000000000000000e+02 1.685915819445091279e-01
7.250000000000000000e+02 1.684862791867053344e-01
7.260000000000000000e+02 1.682815970092869928e-01
7.265000000000000000e+02 1.681767346922803108e-01
7.270000000000000000e+02 1.680720193817285268e-01
7.275000000000000000e+02 1.679674507756058199e-01
7.280000000000000000e+02 1.678630285727156501e-01
7.285000000000000000e+02 1.677532844706656479e-01
7.290000000000000000e+02 1.676491565424687580e-01
7.295000000000000000e+02 1.675397115370709789e-01
7.300000000000000000e+02 1.674358766733420045e-01
7.305000000000000000e+02 1.673267295416148437e-01
7.310000000000000000e+02 1.672177324116032593e-01
7.315000000000000000e+02 1.671088849758516626e-01
7.320000000000000000e+02 1.670001869277436546e-01
7.325000000000000000e+02 1.668861936260864764e-01
7.330000000000000000e+02 1.667777964622092768e-01
7.335000000000000000e+02 1.666641101660523705e-01
7.340000000000000000e+02 1.665505787558574924e-01
7.345000000000000000e+02 1.664372019153157189e-01
7.350000000000000000e+02 1.663239793289787716e-01
7.355000000000000000e+02 1.662109106822561577e-01
7.360000000000000000e+02 1.660979956614122288e-01
7.365000000000000000e+02 1.659798191868409323e-01
7.370000000000000000e+02 1.658618037446885907e-01
7.375000000000000000e+02 1.657493550641837010e-01
7.380000000000000000e+02 1.656316563589186608e-01
7.385000000000000000e+02 1.655141177117801510e-01
7.390000000000000000e+02 1.653913457604245241e-01
7.395000000000000000e+02 1.652741305832228225e-01
7.400000000000000000e+02 1.651516907788576904e-01
7.405000000000000000e+02 1.650347977540579936e-01
7.410000000000000000e+02 1.649126887563124866e-01
7.415000000000000000e+02 1.647907471521453393e-01
7.420000000000000000e+02 1.646689726020998390e-01
7.430000000000000000e+02 1.644205694672052909e-01
7.435000000000000000e+02 1.642992990038072976e-01
7.440000000000000000e+02 1.641728509661248281e-01
7.445000000000000000e+02 1.640465788393771496e-01
7.450000000000000000e+02 1.639204822658337501e-01
7.455000000000000000e+02 1.637945608887259596e-01
7.460000000000000000e+02 1.636688143522450900e-01
7.465000000000000000e+02 1.635379276664359338e-01
7.470000000000000000e+02 1.634125353141622494e-01
7.475000000000000000e+02 1.632820138902337515e-01
7.480000000000000000e+02 1.631516776493023568e-01
7.485000000000000000e+02 1.630215262119434627e-01
7.490000000000000000e+02 1.628915591997546763e-01
7.495000000000000000e+02 1.627617762353516240e-01
7.500000000000000000e+02 1.626269057413985142e-01
7.505000000000000000e+02 1.624974959080091319e-01
7.510000000000000000e+02 1.623630107635601061e-01
7.515000000000000000e+02 1.622287211019542708e-01
7.525000000000000000e+02 1.619607266045336447e-01
7.530000000000000000e+02 1.618270209600975729e-01
7.535000000000000000e+02 1.616935091812549130e-01
7.540000000000000000e+02 1.615601908664266173e-01
7.545000000000000000e+02 1.614218554088704960e-01
7.550000000000000000e+02 1.612837267010842901e-01
7.555000000000000000e+02 1.611509997873527555e-01
7.560000000000000000e+02 1.610132759262548341e-01
7.565000000000000000e+02 1.608757575193742184e-01
7.570000000000000000e+02 1.607384441324751501e-01
7.575000000000000000e+02 1.605961691278580405e-01
7.580000000000000000e+02 1.604592717669307278e-01
7.590000000000000000e+02 1.601809439947858849e-01
7.595000000000000000e+02 1.600395278490327478e-01
7.600000000000000000e+02 1.598983292063792250e-01
7.605000000000000000e+02 1.597624677487322065e-01
7.610000000000000000e+02 1.596216948661157709e-01
7.615000000000000000e+02 1.594811380927905198e-01
7.620000000000000000e+02 1.593357002594375238e-01
7.625000000000000000e+02 1.591955820882800521e-01
7.630000000000000000e+02 1.590556786117888755e-01
7.635000000000000000e+02 1.589109166016803854e-01
7.640000000000000000e+02 1.587714488602823548e-01
7.645000000000000000e+02 1.586271377290232321e-01
7.650000000000000000e+02 1.584830554611548481e-01
7.655000000000000000e+02 1.583442415883858090e-01
7.660000000000000000e+02 1.582006072263755780e-01
7.665000000000000000e+02 1.580572002204503057e-01
7.670000000000000000e+02 1.579140200648801451e-01
7.675000000000000000e+02 1.577710662553842014e-01
7.680000000000000000e+02 1.576283382891246754e-01
7.685000000000000000e+02 1.574808451003447130e-01
7.690000000000000000e+02 1.573385755000019648e-01
7.695000000000000000e+02 1.571965302248384821e-01
7.700000000000000000e+02 1.570497433196067771e-01
7.705000000000000000e+02 1.569081533315972166e-01
7.710000000000000000e+02 1.567618375519638230e-01
7.715000000000000000e+02 1.566157608881394436e-01
7.720000000000000000e+02 1.564748540254366771e-01
7.725000000000000000e+02 1.563292452896805074e-01
7.730000000000000000e+02 1.561838740477555776e-01
7.735000000000000000e+02 1.560387397553305022e-01
7.740000000000000000e+02 1.558987391984026083e-01
7.745000000000000000e+02 1.557540686009116493e-01
7.750000000000000000e+02 1.556096333498264150e-01
7.755000000000000000e+02 1.554654329071459840e-01
7.765000000000000000e+02 1.551728796594536441e-01
7.770000000000000000e+02 1.550293889064894015e-01
7.775000000000000000e+02 1.548861308057306319e-01
7.780000000000000000e+02 1.547431048270991316e-01
7.785000000000000000e+02 1.546003104420713981e-01
7.790000000000000000e+02 1.544529352531629485e-01
7.795000000000000000e+02 1.543106108519966824e-01
7.800000000000000000e+02 1.541685164484645487e-01
7.805000000000000000e+02 1.540218653033182949e-01
7.810000000000000000e+02 1.538802376455049026e-01
7.815000000000000000e+02 1.537340693803183889e-01
7.820000000000000000e+02 1.535929063120033133e-01
7.825000000000000000e+02 1.534472186936034210e-01
7.830000000000000000e+02 1.533065180713978348e-01
7.835000000000000000e+02 1.531613088799112232e-01
7.840000000000000000e+02 1.530210685731645814e-01
7.845000000000000000e+02 1.528763356019214592e-01
7.850000000000000000e+02 1.527365534926293789e-01
7.855000000000000000e+02 1.525922945480665815e-01
7.860000000000000000e+02 1.524482761411158072e-01
7.865000000000000000e+02 1.523091814323449533e-01
7.870000000000000000e+02 1.521656337652049773e-01
7.875000000000000000e+02 1.520269919941359682e-01
7.880000000000000000e+02 1.518839129057249770e-01
7.885000000000000000e+02 1.517410715907142049e-01
7.890000000000000000e+02 1.516031093400283802e-01
7.895000000000000000e+02 1.514607333654792165e-01
7.900000000000000000e+02 1.513185935212155719e-01
7.905000000000000000e+02 1.511813061071143327e-01
7.910000000000000000e+02 1.510396283938601203e-01
7.915000000000000000e+02 1.508981851823949227e-01
7.920000000000000000e+02 1.507615679626599092e-01
7.925000000000000000e+02 1.506205837012535020e-01
7.930000000000000000e+02 1.504798323275986782e-01
7.935000000000000000e+02 1.503438807011400757e-01
7.940000000000000000e+02 1.502035851247855991e-01
7.945000000000000000e+02 1.500635208364472506e-01
7.950000000000000000e+02 1.499282302428586733e-01
7.955000000000000000e+02 1.497886186269486997e-01
7.960000000000000000e+02 1.496537636308362118e-01
7.965000000000000000e+02 1.495146026325846755e-01
7.970000000000000000e+02 1.493756702942444226e-01
7.975000000000000000e+02 1.492414688380727383e-01
7.980000000000000000e+02 1.491029840382082361e-01
7.985000000000000000e+02 1.489692132515635370e-01
7.990000000000000000e+02 1.488311739653906396e-01
7.995000000000000000e+02 1.486978319044724162e-01
8.000000000000000000e+02 1.485602361190040133e-01
8.005000000000000000e+02 1.484273208513140763e-01
8.010000000000000000e+02 1.482901665652769374e-01
8.015000000000000000e+02 1.481576761695382882e-01
8.020000000000000000e+02 1.480209613932887691e-01
8.025000000000000000e+02 1.478888939593663854e-01
8.030000000000000000e+02 1.477526167148086600e-01
8.035000000000000000e+02 1.476209703436305865e-01
8.040000000000000000e+02 1.474895300727934455e-01
8.045000000000000000e+02 1.473539014676124026e-01
8.050000000000000000e+02 1.472228794489733039e-01
8.055000000000000000e+02 1.470920621573980347e-01
8.060000000000000000e+02 1.469570778605825689e-01
8.065000000000000000e+02 1.468266760348012068e-01
8.070000000000000000e+02 1.466964775745833172e-01
8.075000000000000000e+02 1.465664820342350849e-01
8.080000000000000000e+02 1.464366889693199669e-01
8.090000000000000000e+02 1.461733816267738184e-01
8.095000000000000000e+02 1.460442005925743636e-01
8.100000000000000000e+02 1.459152202521657171e-01
8.105000000000000000e+02 1.457864401673833743e-01
8.110000000000000000e+02 1.456578599012955944e-01
8.115000000000000000e+02 1.455294790181975717e-01
8.120000000000000000e+02 1.454012970836086605e-01
8.130000000000000000e+02 1.451497975838118015e-01
8.135000000000000000e+02 1.450222027713292394e-01
8.140000000000000000e+02 1.448948051976012008e-01
8.145000000000000000e+02 1.447676044341555113e-01
8.150000000000000000e+02 1.446406000537193981e-01
8.155000000000000000e+02 1.445180258978083776e-01
8.160000000000000000e+02 1.443914059561681729e-01
8.165000000000000000e+02 1.442649811386621794e-01
8.170000000000000000e+02 1.441429646796466013e-01
8.175000000000000000e+02 1.440169218398690554e-01
8.180000000000000000e+02 1.438952730306898575e-01
8.185000000000000000e+02 1.437696105492619336e-01
8.190000000000000000e+02 1.436483278332643665e-01
8.195000000000000000e+02 1.435230440996397294e-01
8.200000000000000000e+02 1.434021259286520356e-01
8.205000000000000000e+02 1.432813862377926295e-01
8.210000000000000000e+02 1.431566641753347080e-01
8.215000000000000000e+02 1.430362867368322188e-01
8.220000000000000000e+02 1.429160866572700694e-01
8.225000000000000000e+02 1.427960635693505675e-01
8.230000000000000000e+02 1.426762171067563478e-01
8.235000000000000000e+02 1.425524187796327058e-01
8.240000000000000000e+02 1.424329308076119349e-01
8.245000000000000000e+02 1.423136183547079048e-01
8.250000000000000000e+02 1.421944810585245855e-01
8.255000000000000000e+02 1.420755185576296764e-01
8.260000000000000000e+02 1.419567304915516359e-01
8.265000000000000000e+02 1.418422068112807910e-01
8.270000000000000000e+02 1.417237602803673169e-01
8.275000000000000000e+02 1.416054871214841859e-01
8.280000000000000000e+02 1.414873869779370019e-01
8.285000000000000000e+02 1.413735253240457346e-01
8.290000000000000000e+02 1.412557639384214025e-01
8.295000000000000000e+02 1.411381745164731472e-01
8.300000000000000000e+02 1.410248044213296692e-01
8.305000000000000000e+02 1.409075516995793032e-01
8.310000000000000000e+02 1.407945057537586531e-01
8.315000000000000000e+02 1.406775883774597224e-01
8.320000000000000000e+02 1.405648652766789131e-01
8.325000000000000000e+02 1.404482818981080128e-01
8.330000000000000000e+02 1.403358803448475634e-01
8.335000000000000000e+02 1.402236362629989130e-01
8.345000000000000000e+02 1.399956238698201461e-01
8.350000000000000000e+02 1.398838559432294404e-01
8.355000000000000000e+02 1.397722442384056185e-01
8.360000000000000000e+02 1.396607884475913608e-01
8.365000000000000000e+02 1.395494882638131373e-01
8.370000000000000000e+02 1.394383433808769335e-01
8.375000000000000000e+02 1.393273534933672786e-01
8.380000000000000000e+02 1.392165182966441650e-01
8.385000000000000000e+02 1.391058374868407443e-01
8.390000000000000000e+02 1.389992561109147096e-01
8.395000000000000000e+02 1.388888776577340833e-01
8.400000000000000000e+02 1.387786526948933397e-01
8.405000000000000000e+02 1.386685809215690846e-01
8.410000000000000000e+02 1.385625858638831198e-01
8.415000000000000000e+02 1.384528141021275360e-01
8.420000000000000000e+02 1.383471079897405365e-01
8.425000000000000000e+02 1.382376350857366654e-01
8.430000000000000000e+02 1.381322168057282640e-01
8.435000000000000000e+02 1.380230416113974456e-01
8.440000000000000000e+02 1.379179100563914795e-01
8.445000000000000000e+02 1.378129189673928945e-01
8.450000000000000000e+02 1.377041854974895008e-01
8.455000000000000000e+02 1.375994794917442809e-01
8.460000000000000000e+02 1.374949131474903219e-01
8.465000000000000000e+02 1.373904862007440664e-01
8.470000000000000000e+02 1.372861983881693837e-01
8.475000000000000000e+02 1.371820494470755714e-01
8.480000000000000000e+02 1.370780391154153843e-01
8.485000000000000000e+02 1.369741671317830090e-01
8.490000000000000000e+02 1.368704332354123698e-01
8.495000000000000000e+02 1.367668371661749926e-01
8.500000000000000000e+02 1.366633786645780058e-01
8.505000000000000000e+02 1.365638860897478712e-01
8.510000000000000000e+02 1.364606970926215135e-01
8.515000000000000000e+02 1.363576448968474575e-01
8.520000000000000000e+02 1.362585437566306568e-01
8.525000000000000000e+02 1.361557595627871931e-01
8.530000000000000000e+02 1.360569166995208024e-01
8.535000000000000000e+02 1.359543995172854958e-01
8.540000000000000000e+02 1.358558139736378845e-01
8.545000000000000000e+02 1.357535628174475761e-01
8.550000000000000000e+02 1.356552336407012005e-01
8.555000000000000000e+02 1.355570301141484912e-01
8.560000000000000000e+02 1.354551737717488435e-01
8.565000000000000000e+02 1.353572251988402197e-01
8.570000000000000000e+02 1.352594015827240093e-01
8.575000000000000000e+02 1.351617026956688228e-01
8.580000000000000000e+02 1.350641283104852819e-01
8.585000000000000000e+02 1.349666782005240206e-01
8.590000000000000000e+02 1.348693521396743811e-01
8.595000000000000000e+02 1.347721499023628866e-01
8.600000000000000000e+02 1.346750712635516323e-01
8.605000000000000000e+02 1.345781159987363973e-01
8.610000000000000000e+02 1.344850190207489138e-01
8.615000000000000000e+02 1.343883055600232079e-01
8.620000000000000000e+02 1.342917148097252933e-01
8.625000000000000000e+02 1.341989693065507028e-01
8.630000000000000000e+02 1.341026190575477783e-01
8.635000000000000000e+02 1.340063908600716835e-01
8.640000000000000000e+02 1.339139949316921763e-01
8.650000000000000000e+02 1.337258407443913111e-01
8.655000000000000000e+02 1.336337886997729374e-01
8.660000000000000000e+02 1.335381548157861809e-01
8.665000000000000000e+02 1.334463322691606946e-01
8.670000000000000000e+02 1.333546222696855299e-01
8.675000000000000000e+02 1.332630246182279488e-01
8.680000000000000000e+02 1.331715391161178152e-01
8.685000000000000000e+02 1.330801655651472071e-01
8.690000000000000000e+02 1.329889037675686114e-01
8.695000000000000000e+02 1.328977535260935650e-01
8.700000000000000000e+02 1.328067146438915436e-01
8.705000000000000000e+02 1.327157869245886579e-01
8.710000000000000000e+02 1.326249701722658769e-01
8.715000000000000000e+02 1.325342641914582786e-01
8.720000000000000000e+02 1.324436687871538010e-01
8.725000000000000000e+02 1.323568296691328972e-01
8.730000000000000000e+02 1.322664511120044961e-01
8.735000000000000000e+02 1.321761825544170432e-01
8.740000000000000000e+02 1.320896589632913343e-01
8.745000000000000000e+02 1.319996061185361724e-01
8.750000000000000000e+02 1.319132908583124653e-01
8.755000000000000000e+02 1.318234529778929409e-01
8.760000000000000000e+02 1.317373453211759804e-01
8.765000000000000000e+02 1.316477216600216715e-01
8.770000000000000000e+02 1.315618208827611102e-01
8.775000000000000000e+02 1.314760216384842917e-01
8.780000000000000000e+02 1.313903237518778133e-01
8.790000000000000000e+02 1.312156302043763489e-01
8.795000000000000000e+02 1.311302385979885299e-01
8.800000000000000000e+02 1.310449476476960029e-01
8.805000000000000000e+02 1.309597571801837945e-01
8.810000000000000000e+02 1.308746670225313935e-01
8.815000000000000000e+02 1.307896770022122790e-01
8.820000000000000000e+02 1.307083686291224400e-01
8.825000000000000000e+02 1.306235751381269183e-01
8.830000000000000000e+02 1.305388812735015780e-01
8.835000000000000000e+02 1.304542868642752096e-01
8.840000000000000000e+02 1.303733609288001138e-01
8.845000000000000000e+02 1.302889617062711058e-01
8.850000000000000000e+02 1.302046614327890817e-01
8.855000000000000000e+02 1.301240198997881681e-01
8.860000000000000000e+02 1.300399138160069634e-01
8.865000000000000000e+02 1.299594601391274029e-01
8.870000000000000000e+02 1.298755475867981735e-01
8.875000000000000000e+02 1.297952811244845461e-01
8.880000000000000000e+02 1.297151066352389692e-01
8.885000000000000000e+02 1.296314815619167560e-01
8.890000000000000000e+02 1.295514933339174390e-01
8.895000000000000000e+02 1.294715966092215009e-01
8.900000000000000000e+02 1.293917912330767861e-01
8.905000000000000000e+02 1.293120770510789996e-01
8.910000000000000000e+02 1.292324539091710689e-01
8.915000000000000000e+02 1.291493962876302248e-01
8.925000000000000000e+02 1.289941291885939034e-01
8.930000000000000000e+02 1.289148686733739002e-01
8.935000000000000000e+02 1.288356984331253396e-01
8.940000000000000000e+02 1.287566183158517508e-01
8.945000000000000000e+02 1.286776281698965851e-01
8.950000000000000000e+02 1.285987278439421622e-01
8.955000000000000000e+02 1.285234209446027565e-01
8.960000000000000000e+02 1.284446970708652824e-01
8.965000000000000000e+02 1.283660625685157375e-01
8.970000000000000000e+02 1.282910132388042079e-01
8.975000000000000000e+02 1.282125543040292803e-01
8.980000000000000000e+02 1.281376751869424679e-01
8.985000000000000000e+02 1.280593912353402974e-01
8.990000000000000000e+02 1.279846817596290709e-01
8.995000000000000000e+02 1.279100557284312822e-01
9.000000000000000000e+02 1.278320318063509986e-01
9.005000000000000000e+02 1.277575745672104301e-01
9.010000000000000000e+02 1.276832003534505156e-01
9.015000000000000000e+02 1.276089090268610338e-01
9.020000000000000000e+02 1.275312289043278868e-01
9.025000000000000000e+02 1.274571052479984146e-01
9.030000000000000000e+02 1.273830640634207034e-01
9.035000000000000000e+02 1.273091052136091084e-01
9.040000000000000000e+02 1.272352285618815748e-01
9.045000000000000000e+02 1.271614339718580566e-01
9.050000000000000000e+02 1.270877213074598222e-01
9.055000000000000000e+02 1.270140904329087606e-01
9.060000000000000000e+02 1.269405412127265487e-01
9.065000000000000000e+02 1.268705243670493754e-01
9.070000000000000000e+02 1.267971357644835650e-01
9.075000000000000000e+02 1.267238284142253035e-01
9.080000000000000000e+02 1.266506021819826522e-01
9.085000000000000000e+02 1.265808990437427006e-01
9.090000000000000000e+02 1.265078323699894980e-01
9.095000000000000000e+02 1.264382843587910366e-01
9.100000000000000000e+02 1.263653767198806566e-01
9.105000000000000000e+02 1.262959833224507333e-01
9.110000000000000000e+02 1.262232341970304095e-01
9.115000000000000000e+02 1.261539949023529339e-01
9.120000000000000000e+02 1.260814037713505475e-01
9.125000000000000000e+02 1.260123180706539114e-01
9.130000000000000000e+02 1.259433080388518145e-01
9.135000000000000000e+02 1.258709518040111164e-01
9.140000000000000000e+02 1.258020946093699743e-01
9.145000000000000000e+02 1.257333127096382230e-01
9.150000000000000000e+02 1.256646059813815997e-01
9.155000000000000000e+02 1.255959743014354590e-01
9.160000000000000000e+02 1.255240055173727776e-01
9.165000000000000000e+02 1.254555254270741660e-01
9.170000000000000000e+02 1.253871200151727983e-01
9.175000000000000000e+02 1.253187891595787251e-01
9.180000000000000000e+02 1.252505327384678402e-01
9.190000000000000000e+02 1.251176436049664387e-01
9.195000000000000000e+02 1.250496079096945767e-01
9.200000000000000000e+02 1.249816461662653783e-01
9.205000000000000000e+02 1.249137582541707259e-01
9.210000000000000000e+02 1.248459440531641124e-01
9.215000000000000000e+02 1.247815954850479692e-01
9.220000000000000000e+02 1.247139265070191932e-01
9.225000000000000000e+02 1.246463308828961447e-01
9.230000000000000000e+02 1.245821953992358594e-01
9.235000000000000000e+02 1.245147442918188435e-01
9.240000000000000000e+02 1.244507497998824513e-01
9.245000000000000000e+02 1.243834427421215694e-01
9.250000000000000000e+02 1.243195887830491342e-01
9.255000000000000000e+02 1.242524253099086401e-01
9.260000000000000000e+02 1.241887114268253184e-01
9.265000000000000000e+02 1.241216910752727942e-01
9.270000000000000000e+02 1.240581168132788292e-01
9.275000000000000000e+02 1.239946114699585905e-01
9.280000000000000000e+02 1.239278040284338273e-01
9.285000000000000000e+02 1.238644376292194482e-01
9.290000000000000000e+02 1.238011398137770502e-01
9.295000000000000000e+02 1.237379104714912831e-01
9.300000000000000000e+02 1.236747494919845369e-01
9.305000000000000000e+02 1.236116567651165399e-01
9.310000000000000000e+02 1.235452702684650267e-01
9.315000000000000000e+02 1.234823151481436732e-01
9.320000000000000000e+02 1.234194279498593283e-01
9.325000000000000000e+02 1.233566085644167004e-01
9.330000000000000000e+02 1.232938568828550463e-01
9.335000000000000000e+02 1.232311727964467835e-01
9.340000000000000000e+02 1.231685561966972264e-01
9.345000000000000000e+02 1.231093589061241084e-01
9.350000000000000000e+02 1.230468755355250271e-01
9.355000000000000000e+02 1.229844593290718019e-01
9.360000000000000000e+02 1.229221101791922455e-01
9.365000000000000000e+02 1.228598279785440839e-01
9.370000000000000000e+02 1.228009578408996577e-01
9.375000000000000000e+02 1.227388078057326248e-01
9.380000000000000000e+02 1.226767244007103269e-01
9.385000000000000000e+02 1.226147075194008312e-01
9.390000000000000000e+02 1.225560970103028308e-01
9.395000000000000000e+02 1.224942114522802744e-01
9.400000000000000000e+02 1.224357296180501042e-01
9.405000000000000000e+02 1.223739749663921017e-01
9.410000000000000000e+02 1.223156213967434153e-01
9.415000000000000000e+02 1.222539972362957916e-01
9.420000000000000000e+02 1.221957715226873326e-01
9.425000000000000000e+02 1.221342774400547421e-01
9.430000000000000000e+02 1.220761791756821979e-01
9.435000000000000000e+02 1.220148147592187426e-01
9.440000000000000000e+02 1.219568435390042949e-01
9.450000000000000000e+02 1.218377637993887097e-01
9.455000000000000000e+02 1.217799818809285201e-01
9.460000000000000000e+02 1.217222625245676787e-01
9.465000000000000000e+02 1.216612832688704210e-01
9.470000000000000000e+02 1.216036897544227474e-01
9.475000000000000000e+02 1.215461585054380123e-01
9.480000000000000000e+02 1.214886894238951520e-01
9.485000000000000000e+02 1.214279644652431905e-01
9.490000000000000000e+02 1.213706204334579625e-01
9.495000000000000000e+02 1.213133382749786437e-01
9.500000000000000000e+02 1.212561178926105654e-01
9.505000000000000000e+02 1.211989591893634644e-01
9.510000000000000000e+02 1.211418620684515529e-01
9.515000000000000000e+02 1.210848264332929358e-01
9.520000000000000000e+02 1.210278521875082225e-01
9.525000000000000000e+02 1.209709392349211654e-01
9.530000000000000000e+02 1.209140874795575499e-01
9.535000000000000000e+02 1.208572968256443059e-01
9.540000000000000000e+02 1.208005671776099244e-01
9.545000000000000000e+02 1.207438984400830695e-01
9.550000000000000000e+02 1.206872905178923150e-01
9.555000000000000000e+02 1.206307433160658527e-01
9.560000000000000000e+02 1.205742567398308679e-01
9.565000000000000000e+02 1.205178306946126515e-01
9.570000000000000000e+02 1.204614650860345720e-01
9.575000000000000000e+02 1.204084598197912442e-01
9.580000000000000000e+02 1.203522138173589162e-01
9.585000000000000000e+02 1.202960279708962937e-01
9.590000000000000000e+02 1.202399021868110762e-01
9.595000000000000000e+02 1.201838363717065983e-01
9.600000000000000000e+02 1.201311258896373274e-01
9.605000000000000000e+02 1.200751787545894511e-01
9.610000000000000000e+02 1.200192913107667042e-01
9.615000000000000000e+02 1.199634634655467741e-01
9.620000000000000000e+02 1.199109870457772120e-01
9.625000000000000000e+02 1.198552771471675105e-01
9.630000000000000000e+02 1.197996265717086173e-01
9.635000000000000000e+02 1.197473245983630002e-01
9.640000000000000000e+02 1.196917914240406278e-01
9.645000000000000000e+02 1.196363172991280477e-01
9.650000000000000000e+02 1.195841889656786977e-01
9.655000000000000000e+02 1.195288316998213696e-01
9.660000000000000000e+02 1.194735332113305015e-01
9.665000000000000000e+02 1.194215777162804526e-01
9.670000000000000000e+02 1.193663955481299721e-01
9.675000000000000000e+02 1.193145546381197963e-01
9.680000000000000000e+02 1.192594884338313010e-01
9.685000000000000000e+02 1.192044805576541466e-01
9.690000000000000000e+02 1.191528111624646641e-01
9.695000000000000000e+02 1.190979187169839554e-01
9.700000000000000000e+02 1.190463630309808452e-01
9.705000000000000000e+02 1.189915856633883967e-01
9.710000000000000000e+02 1.189401433392359569e-01
9.715000000000000000e+02 1.188854806981770595e-01
9.725000000000000000e+02 1.187796031255428514e-01
9.730000000000000000e+02 1.187251123926368473e-01
9.735000000000000000e+02 1.186739522525469132e-01
9.740000000000000000e+02 1.186195753729068492e-01
9.745000000000000000e+02 1.185685273891039920e-01
9.750000000000000000e+02 1.185142640164073696e-01
9.755000000000000000e+02 1.184633278479679530e-01
9.760000000000000000e+02 1.184091776373126237e-01
9.765000000000000000e+02 1.183583529447169713e-01
9.770000000000000000e+02 1.183043155526137535e-01
9.775000000000000000e+02 1.182536019977393910e-01
9.780000000000000000e+02 1.181996770821050341e-01
9.785000000000000000e+02 1.181490743282190975e-01
9.790000000000000000e+02 1.180952615483691071e-01
9.795000000000000000e+02 1.180447692601215154e-01
9.800000000000000000e+02 1.179910682767629920e-01
9.805000000000000000e+02 1.179374235299587015e-01
9.810000000000000000e+02 1.178870965954037092e-01
9.815000000000000000e+02 1.178335631375780762e-01
9.820000000000000000e+02 1.177833458351546653e-01
9.825000000000000000e+02 1.177299233304659604e-01
9.830000000000000000e+02 1.176798153296113730e-01
9.835000000000000000e+02 1.176265034435848150e-01
9.840000000000000000e+02 1.175732472029111797e-01
9.845000000000000000e+02 1.175233028146084741e-01
9.850000000000000000e+02 1.174701566922767698e-01
9.855000000000000000e+02 1.174203207839084606e-01
9.860000000000000000e+02 1.173672844488342498e-01
9.865000000000000000e+02 1.173143033417777398e-01
9.870000000000000000e+02 1.172646298169820883e-01
9.875000000000000000e+02 1.172117580019240296e-01
9.880000000000000000e+02 1.171589411662706526e-01
9.885000000000000000e+02 1.171094292929858727e-01
9.890000000000000000e+02 1.170567212570800680e-01
9.895000000000000000e+02 1.170040679534714440e-01
9.900000000000000000e+02 1.169547170040959178e-01
9.905000000000000000e+02 1.169021720109690299e-01
9.910000000000000000e+02 1.168496815045257792e-01
9.915000000000000000e+02 1.167972454028367857e-01
9.920000000000000000e+02 1.167448636241382731e-01
9.925000000000000000e+02 1.166957796339087028e-01
9.930000000000000000e+02 1.166435053553140644e-01
9.935000000000000000e+02 1.165912851565648611e-01
9.940000000000000000e+02 1.165391189565529034e-01
9.945000000000000000e+02 1.164870066743337457e-01
9.950000000000000000e+02 1.164349482291259091e-01
9.955000000000000000e+02 1.163829435403100354e-01
9.960000000000000000e+02 1.163309925274293721e-01
9.965000000000000000e+02 1.162790951101886905e-01
9.970000000000000000e+02 1.162272512084538273e-01
9.975000000000000000e+02 1.161754607422519903e-01
9.980000000000000000e+02 1.161237236317706201e-01
9.985000000000000000e+02 1.160720397973572376e-01
9.990000000000000000e+02 1.160204091595191112e-01
9.995000000000000000e+02 1.159688316389231588e-01
1.000000000000000000e+03 1.159173071563944779e-01
1.000500000000000000e+03 1.158658356329173300e-01
1.001000000000000000e+03 1.158111886073461966e-01
1.001500000000000000e+03 1.157598236473356412e-01
1.002000000000000000e+03 1.157085114091450928e-01
1.002500000000000000e+03 1.156572518143902800e-01
1.003000000000000000e+03 1.156028202877537603e-01
1.003500000000000000e+03 1.155516666225526040e-01
1.004000000000000000e+03 1.155005653654476855e-01
1.004500000000000000e+03 1.154462949344743639e-01
1.005000000000000000e+03 1.153952991342249851e-01
1.005500000000000000e+03 1.153411361148370534e-01
1.006000000000000000e+03 1.152902454571146512e-01
1.006500000000000000e+03 1.152361895308490203e-01
1.007500000000000000e+03 1.151314545522313659e-01
1.008000000000000000e+03 1.150775592867297470e-01
1.009000000000000000e+03 1.149731415869539308e-01
1.009500000000000000e+03 1.149194062690489515e-01
1.010000000000000000e+03 1.148657245178817954e-01
1.010500000000000000e+03 1.148120962539997680e-01
1.011000000000000000e+03 1.147585213981075630e-01
1.011500000000000000e+03 1.147049998710661795e-01
1.012000000000000000e+03 1.146515315938934632e-01
1.012500000000000000e+03 1.145981164877631769e-01
1.013000000000000000e+03 1.145447544740047646e-01
1.013500000000000000e+03 1.144914454741027821e-01
1.014000000000000000e+03 1.144381894096969249e-01
1.014500000000000000e+03 1.143849862025810016e-01
1.015000000000000000e+03 1.143318357747033082e-01
1.015500000000000000e+03 1.142755424040609175e-01
1.016000000000000000e+03 1.142224985117246128e-01
1.016500000000000000e+03 1.141695071641386505e-01
1.017000000000000000e+03 1.141133766296430069e-01
1.017500000000000000e+03 1.140604913461339132e-01
1.018000000000000000e+03 1.140044694938028014e-01
1.018500000000000000e+03 1.139516899607351252e-01
1.019000000000000000e+03 1.138957764720399668e-01
1.019500000000000000e+03 1.138431023770107159e-01
1.020000000000000000e+03 1.137872969346690466e-01
1.020500000000000000e+03 1.137315461767392788e-01
1.021000000000000000e+03 1.136758500228819135e-01
1.021500000000000000e+03 1.136202083929147566e-01
1.022000000000000000e+03 1.135677983266301233e-01
1.022500000000000000e+03 1.135122639509202752e-01
1.023000000000000000e+03 1.134567838610126833e-01
1.023500000000000000e+03 1.134013579773482938e-01
1.024000000000000000e+03 1.133459862205234148e-01
