4.215000000000000000e+02 7.838339527959364617e+00
4.220000000000000000e+02 4.796430200439702141e+00
4.225000000000000000e+02 3.622394267824177394e+00
4.230000000000000000e+02 2.954894242066678167e+00
4.235000000000000000e+02 2.529658828934128412e+00
4.240000000000000000e+02 2.228023922577132776e+00
4.245000000000000000e+02 2.008513983762924671e+00
4.250000000000000000e+02 1.835914451449163876e+00
4.255000000000000000e+02 1.698192493533312142e+00
4.260000000000000000e+02 1.584890638258406037e+00
4.265000000000000000e+02 1.489486199751472784e+00
4.270000000000000000e+02 1.409207511900903320e+00
4.275000000000000000e+02 1.339102508755942056e+00
4.280000000000000000e+02 1.278320319514360648e+00
4.285000000000000000e+02 1.224955435007212934e+00
4.290000000000000000e+02 1.177606838112063459e+00
4.295000000000000000e+02 1.135218288282781929e+00
4.300000000000000000e+02 1.096976359393231792e+00
4.305000000000000000e+02 1.062243068108143174e+00
4.310000000000000000e+02 1.030510027659484740e+00
4.315000000000000000e+02 1.001366444027776303e+00
4.320000000000000000e+02 9.749919452764047589e-01
4.325000000000000000e+02 9.505176250084688139e-01
4.330000000000000000e+02 9.277242808045564892e-01
4.335000000000000000e+02 9.068430426654880971e-01
4.340000000000000000e+02 8.872471873979141943e-01
4.345000000000000000e+02 8.691766249256807075e-01
4.350000000000000000e+02 8.521111809658054037e-01
4.355000000000000000e+02 8.362884690776353214e-01
4.360000000000000000e+02 8.212663841663858655e-01
4.365000000000000000e+02 8.072749883082132039e-01
4.370000000000000000e+02 7.939312923974970460e-01
4.375000000000000000e+02 7.817249507345130910e-01
4.380000000000000000e+02 7.697682331607480499e-01
4.385000000000000000e+02 7.588001516362631316e-01
4.390000000000000000e+02 7.482529742063311895e-01
4.395000000000000000e+02 7.383283701380375375e-01
4.400000000000000000e+02 7.289766849145521421e-01
4.405000000000000000e+02 7.201538699781028230e-01
4.410000000000000000e+02 7.116153533750260163e-01
4.415000000000000000e+02 7.037432653752825340e-01
4.420000000000000000e+02 6.961011526321895238e-01
4.425000000000000000e+02 6.888647993466908703e-01
4.430000000000000000e+02 6.820075873072736217e-01
4.460000000000000000e+02 6.477845104031892953e-01
4.465000000000000000e+02 6.430171103825190748e-01
4.470000000000000000e+02 6.384885256973167333e-01
4.475000000000000000e+02 6.341873730256049058e-01
4.480000000000000000e+02 6.301032189880879653e-01
4.485000000000000000e+02 6.263697002870849406e-01
4.490000000000000000e+02 6.226893486195765881e-01
4.495000000000000000e+02 6.193386451697838746e-01
4.500000000000000000e+02 6.160303535560458510e-01
4.505000000000000000e+02 6.130338917627747852e-01
4.510000000000000000e+02 6.102044598530586006e-01
4.515000000000000000e+02 6.075366679992432184e-01
4.520000000000000000e+02 6.050255803788980868e-01
4.525000000000000000e+02 6.026666842432106819e-01
4.530000000000000000e+02 6.004558623945671636e-01
4.535000000000000000e+02 5.985166246036675020e-01
4.540000000000000000e+02 5.965900846394337487e-01
4.545000000000000000e+02 5.949269795523108861e-01
4.550000000000000000e+02 5.932728059852996338e-01
4.555000000000000000e+02 5.918755227290444232e-01
4.560000000000000000e+02 5.906077380827926548e-01
4.565000000000000000e+02 5.893447430908028695e-01
4.570000000000000000e+02 5.883316458045546593e-01
4.575000000000000000e+02 5.874437937385026398e-01
4.580000000000000000e+02 5.866802989908940225e-01
4.585000000000000000e+02 5.859185486492841655e-01
4.590000000000000000e+02 5.854021284048572804e-01
4.595000000000000000e+02 5.848869110671708338e-01
4.600000000000000000e+02 5.846165869796268177e-01
4.605000000000000000e+02 5.843475627184434584e-01
4.610000000000000000e+02 5.842020142424152462e-01
4.615000000000000000e+02 5.841804996816463147e-01
4.620000000000000000e+02 5.842838240764315350e-01
4.625000000000000000e+02 5.845130446676372049e-01
4.630000000000000000e+02 5.847457357626179020e-01
4.635000000000000000e+02 5.851060975174587897e-01
4.640000000000000000e+02 5.855957255173963594e-01
4.645000000000000000e+02 5.862164943612756529e-01
4.650000000000000000e+02 5.868442920181115019e-01
4.655000000000000000e+02 5.876061803452222732e-01
4.660000000000000000e+02 5.883767699162704146e-01
4.665000000000000000e+02 5.894136604923961853e-01
4.675000000000000000e+02 5.915253521154931748e-01
4.680000000000000000e+02 5.927324672915722514e-01
4.685000000000000000e+02 5.939549076610163292e-01
4.690000000000000000e+02 5.953272760522329010e-01
4.695000000000000000e+02 5.968536653357456867e-01
4.700000000000000000e+02 5.984013606048468326e-01
4.705000000000000000e+02 6.001094320997185649e-01
4.715000000000000000e+02 6.036014753666597565e-01
4.720000000000000000e+02 6.055300352920035545e-01
4.725000000000000000e+02 6.074887253752175864e-01
4.735000000000000000e+02 6.116482714364157580e-01
4.740000000000000000e+02 6.140056375181762727e-01
4.745000000000000000e+02 6.162508035169024234e-01
4.750000000000000000e+02 6.186893787054987826e-01
4.755000000000000000e+02 6.213291551345855313e-01
4.760000000000000000e+02 6.238577864602182776e-01
4.765000000000000000e+02 6.265948834573591419e-01
4.770000000000000000e+02 6.293839552225604095e-01
4.780000000000000000e+02 6.352950269526284055e-01
4.785000000000000000e+02 6.384260202242142412e-01
4.790000000000000000e+02 6.416213986568691796e-01
4.795000000000000000e+02 6.448831835593388240e-01
4.800000000000000000e+02 6.483972264721673540e-01
4.805000000000000000e+02 6.518016524574107295e-01
4.810000000000000000e+02 6.554700399576491865e-01
4.815000000000000000e+02 6.592214284314426020e-01
4.820000000000000000e+02 6.630587342418716723e-01
4.825000000000000000e+02 6.669850194697265477e-01
4.830000000000000000e+02 6.712105698997221648e-01
4.835000000000000000e+02 6.753290201808743731e-01
4.840000000000000000e+02 6.797629931222939348e-01
4.845000000000000000e+02 6.840885347239837877e-01
4.850000000000000000e+02 6.887473677921199799e-01
4.855000000000000000e+02 6.935280466353578310e-01
4.860000000000000000e+02 6.984356237355631158e-01
4.865000000000000000e+02 7.034754497546693575e-01
4.870000000000000000e+02 7.086531965043286752e-01
4.875000000000000000e+02 7.139748821142061219e-01
4.880000000000000000e+02 7.194468986519364506e-01
4.890000000000000000e+02 7.311457710692321754e-01
4.895000000000000000e+02 7.371189130498052577e-01
4.900000000000000000e+02 7.432727107822656443e-01
4.905000000000000000e+02 7.496159733849693252e-01
4.915000000000000000e+02 7.632275873049907400e-01
4.920000000000000000e+02 7.702081778586693517e-01
4.925000000000000000e+02 7.774206982155167367e-01
4.930000000000000000e+02 7.848776851734867721e-01
4.935000000000000000e+02 7.925926437552082149e-01
4.940000000000000000e+02 8.005801453813234936e-01
4.945000000000000000e+02 8.088559384831929266e-01
4.950000000000000000e+02 8.174370734610614253e-01
4.955000000000000000e+02 8.263420442387643394e-01
4.960000000000000000e+02 8.351633519621449731e-01
4.965000000000000000e+02 8.447620045829095092e-01
4.970000000000000000e+02 8.547493065550000324e-01
4.975000000000000000e+02 8.646730109868920877e-01
4.980000000000000000e+02 8.750017917123701361e-01
4.990000000000000000e+02 8.975247740096158333e-01
5.000000000000000000e+02 9.209569139721126563e-01
5.005000000000000000e+02 9.337801088835059327e-01
5.010000000000000000e+02 9.465811954277617568e-01
5.015000000000000000e+02 9.606570002392555985e-01
5.020000000000000000e+02 9.747509034215851020e-01
5.025000000000000000e+02 9.895556682849633301e-01
5.030000000000000000e+02 1.005131535059508030e+00
5.035000000000000000e+02 1.020734695768453992e+00
5.040000000000000000e+02 1.038020117848708956e+00
5.045000000000000000e+02 1.055401006698300170e+00
5.050000000000000000e+02 1.073773182378684687e+00
5.055000000000000000e+02 1.093232430802962174e+00
5.060000000000000000e+02 1.112823122726008584e+00
5.065000000000000000e+02 1.134733210113059387e+00
5.070000000000000000e+02 1.156899214044047719e+00
5.075000000000000000e+02 1.180528806101394101e+00
5.080000000000000000e+02 1.204423601923381382e+00
5.085000000000000000e+02 1.229950434768971146e+00
5.090000000000000000e+02 1.257300500430586387e+00
5.095000000000000000e+02 1.286697844476337060e+00
5.100000000000000000e+02 1.318406988930699963e+00
5.105000000000000000e+02 1.350794755466233177e+00
5.110000000000000000e+02 1.383756554535934047e+00
5.115000000000000000e+02 1.421691641116961780e+00
5.120000000000000000e+02 1.460638987580497705e+00
5.125000000000000000e+02 1.503169536964031661e+00
5.130000000000000000e+02 1.546898676294610864e+00
5.135000000000000000e+02 1.594900803052965221e+00
5.140000000000000000e+02 1.647911490244217347e+00
5.145000000000000000e+02 1.702874280983715627e+00
5.150000000000000000e+02 1.764010049332117580e+00
5.160000000000000000e+02 1.904507697579387093e+00
5.165000000000000000e+02 1.979709629514727176e+00
5.170000000000000000e+02 2.064972831462434044e+00
5.175000000000000000e+02 2.162739751925971898e+00
5.180000000000000000e+02 2.266801578184399979e+00
5.185000000000000000e+02 2.388042481741592837e+00
5.190000000000000000e+02 2.518534330726182713e+00
5.195000000000000000e+02 2.673764378656391827e+00
5.200000000000000000e+02 2.843501008797962637e+00
5.205000000000000000e+02 3.028068537706031460e+00
5.210000000000000000e+02 3.255011461860293220e+00
5.215000000000000000e+02 3.543392384677526596e+00
5.225000000000000000e+02 4.264644156547277021e+00
5.230000000000000000e+02 4.709840133078658120e+00
5.235000000000000000e+02 5.334764066914298830e+00
5.240000000000000000e+02 6.105081084604054631e+00
5.245000000000000000e+02 7.354283630242263392e+00
5.250000000000000000e+02 9.206690412035143822e+00
5.255000000000000000e+02 1.215827035801008904e+01
5.260000000000000000e+02 1.714752830957986873e+01
