6.110000000000000000e+02 4.936644375065213808e+00
6.115000000000000000e+02 3.192589255041699658e+00
6.120000000000000000e+02 2.448883887210806076e+00
6.125000000000000000e+02 2.021551064135536091e+00
6.130000000000000000e+02 1.741583937791318704e+00
6.135000000000000000e+02 1.539824194250536848e+00
6.140000000000000000e+02 1.391696344818156073e+00
6.145000000000000000e+02 1.276843927883178909e+00
6.150000000000000000e+02 1.182431340538741438e+00
6.155000000000000000e+02 1.104577860508859199e+00
6.160000000000000000e+02 1.040194088383674220e+00
6.165000000000000000e+02 9.835991307343403545e-01
6.170000000000000000e+02 9.361852396882142102e-01
6.175000000000000000e+02 8.933037605519152935e-01
6.180000000000000000e+02 8.564703066484566918e-01
6.190000000000000000e+02 7.927911062215509119e-01
6.195000000000000000e+02 7.660327185795369198e-01
6.200000000000000000e+02 7.412963657554856312e-01
6.205000000000000000e+02 7.187680596648358122e-01
6.210000000000000000e+02 6.981366584448706059e-01
6.215000000000000000e+02 6.787884056893634943e-01
6.220000000000000000e+02 6.612638160575271540e-01
6.225000000000000000e+02 6.449988527941636907e-01
6.230000000000000000e+02 6.295607472555375672e-01
6.235000000000000000e+02 6.154223103103552139e-01
6.240000000000000000e+02 6.019181897745284893e-01
6.245000000000000000e+02 5.892418088948875310e-01
6.250000000000000000e+02 5.775340595276020617e-01
6.255000000000000000e+02 5.662664216665620476e-01
6.260000000000000000e+02 5.558120568113849025e-01
6.265000000000000000e+02 5.457091511851340782e-01
6.270000000000000000e+02 5.362983935131102609e-01
6.275000000000000000e+02 5.271715956872684572e-01
6.280000000000000000e+02 5.186407834544181084e-01
6.285000000000000000e+02 5.104957984274103300e-01
6.290000000000000000e+02 5.025609929868215531e-01
6.295000000000000000e+02 4.951116835916272163e-01
6.300000000000000000e+02 4.879707238139370795e-01
6.305000000000000000e+02 4.811172747607355138e-01
6.310000000000000000e+02 4.745324204509281940e-01
6.315000000000000000e+02 4.681989454285003238e-01
6.320000000000000000e+02 4.621011430298123668e-01
6.325000000000000000e+02 4.563350922851405755e-01
6.330000000000000000e+02 4.506627160924668307e-01
6.335000000000000000e+02 4.452893222595317169e-01
6.340000000000000000e+02 4.399947865497994548e-01
6.345000000000000000e+02 4.349711057157411020e-01
6.350000000000000000e+02 4.301066268922444369e-01
6.355000000000000000e+02 4.253930498171238361e-01
6.360000000000000000e+02 4.208226690341581588e-01
6.365000000000000000e+02 4.163883201525661604e-01
6.370000000000000000e+02 4.121650022209470410e-01
6.375000000000000000e+02 4.079807225796595604e-01
6.380000000000000000e+02 4.039908576131219786e-01
6.385000000000000000e+02 4.000338198716394400e-01
6.390000000000000000e+02 3.962564882503677999e-01
6.395000000000000000e+02 3.925773992649361777e-01
6.400000000000000000e+02 3.889923296556337950e-01
6.410000000000000000e+02 3.821538990127945623e-01
6.415000000000000000e+02 3.788262956392808856e-01
6.420000000000000000e+02 3.756402894877877152e-01
6.425000000000000000e+02 3.725276159885106408e-01
6.430000000000000000e+02 3.694854782791602288e-01
6.435000000000000000e+02 3.665112270787812543e-01
6.440000000000000000e+02 3.636023508139262783e-01
6.445000000000000000e+02 3.607564665407538840e-01
6.450000000000000000e+02 3.580251943974447348e-01
6.455000000000000000e+02 3.552974179223393203e-01
6.460000000000000000e+02 3.526777659206316029e-01
6.465000000000000000e+02 3.501105282387242390e-01
6.470000000000000000e+02 3.475939628988832242e-01
6.475000000000000000e+02 3.451264082240155240e-01
6.480000000000000000e+02 3.427536773273081039e-01
6.485000000000000000e+02 3.403784979508329145e-01
6.490000000000000000e+02 3.380933425721951990e-01
6.500000000000000000e+02 3.336019714089774046e-01
6.505000000000000000e+02 3.314809141325013586e-01
6.510000000000000000e+02 3.293538098653704949e-01
6.515000000000000000e+02 3.272633596842425829e-01
6.520000000000000000e+02 3.252491565795043171e-01
6.525000000000000000e+02 3.232281667266476144e-01
6.530000000000000000e+02 3.212800306866671618e-01
6.535000000000000000e+02 3.193632314574146869e-01
6.540000000000000000e+02 3.174769292758249928e-01
6.545000000000000000e+02 3.156575533598517391e-01
6.550000000000000000e+02 3.138292228472493450e-01
6.555000000000000000e+02 3.120650824495682096e-01
6.560000000000000000e+02 3.103272183345232027e-01
6.565000000000000000e+02 3.085801130120270352e-01
6.570000000000000000e+02 3.069277313868396528e-01
6.575000000000000000e+02 3.052648702415141080e-01
6.580000000000000000e+02 3.036258068124002008e-01
6.585000000000000000e+02 3.020427190352932834e-01
6.590000000000000000e+02 3.004490652096494796e-01
6.595000000000000000e+02 2.989093402392185572e-01
6.600000000000000000e+02 2.973903186066511051e-01
6.605000000000000000e+02 2.959223904318080689e-01
6.610000000000000000e+02 2.944429506548051356e-01
6.615000000000000000e+02 2.929828739597399867e-01
6.620000000000000000e+02 2.915712937400739002e-01
6.625000000000000000e+02 2.901774194614006874e-01
6.630000000000000000e+02 2.888008804520112438e-01
6.635000000000000000e+02 2.874413168849468958e-01
6.640000000000000000e+02 2.860983793724963808e-01
6.645000000000000000e+02 2.847993415189819522e-01
6.650000000000000000e+02 2.834882814796930162e-01
6.655000000000000000e+02 2.822197619923172973e-01
6.660000000000000000e+02 2.809658803046478637e-01
6.665000000000000000e+02 2.797263544765225540e-01
6.670000000000000000e+02 2.785268044115593034e-01
6.675000000000000000e+02 2.773148509614223878e-01
6.680000000000000000e+02 2.761417191739247712e-01
6.690000000000000000e+02 2.738086446085455372e-01
6.695000000000000000e+02 2.726975662244856546e-01
6.700000000000000000e+02 2.715738512014828077e-01
6.705000000000000000e+02 2.704619456724333126e-01
6.710000000000000000e+02 2.693851683671427133e-01
6.715000000000000000e+02 2.683192537059900795e-01
6.720000000000000000e+02 2.672640188455724375e-01
6.725000000000000000e+02 2.662192852573510016e-01
6.730000000000000000e+02 2.651848785971999134e-01
6.735000000000000000e+02 2.641828780849870273e-01
6.740000000000000000e+02 2.631683747818423513e-01
6.745000000000000000e+02 2.621854757943504199e-01
6.750000000000000000e+02 2.612117845408623573e-01
6.755000000000000000e+02 2.602471571898756220e-01
6.760000000000000000e+02 2.592914530630105463e-01
6.765000000000000000e+02 2.583654159252674054e-01
6.770000000000000000e+02 2.574476045912421074e-01
6.775000000000000000e+02 2.565174323386895106e-01
6.780000000000000000e+02 2.556159132672874978e-01
6.785000000000000000e+02 2.547423203267896175e-01
6.790000000000000000e+02 2.538562195127780363e-01
6.795000000000000000e+02 2.529974350146290130e-01
6.800000000000000000e+02 2.521263161913539497e-01
6.805000000000000000e+02 2.512819240641140373e-01
6.810000000000000000e+02 2.504444867083828186e-01
6.815000000000000000e+02 2.496139087823725233e-01
6.820000000000000000e+02 2.488088656873024274e-01
6.830000000000000000e+02 2.471992588952832137e-01
6.835000000000000000e+02 2.464131289145373160e-01
6.840000000000000000e+02 2.456330847241900150e-01
6.845000000000000000e+02 2.448769956375950740e-01
6.850000000000000000e+02 2.441087318528190886e-01
6.855000000000000000e+02 2.433639639755559581e-01
6.860000000000000000e+02 2.426246762528349310e-01
6.865000000000000000e+02 2.418908017374493402e-01
6.870000000000000000e+02 2.411622746333966227e-01
6.875000000000000000e+02 2.404560872923732495e-01
6.880000000000000000e+02 2.397379202358493056e-01
6.885000000000000000e+02 2.390416907002967661e-01
6.890000000000000000e+02 2.383502853513124187e-01
6.895000000000000000e+02 2.376636487915342322e-01
6.900000000000000000e+02 2.369981109221176996e-01
6.905000000000000000e+02 2.363207196329994708e-01
6.910000000000000000e+02 2.356640681212748278e-01
6.915000000000000000e+02 2.350117245069761052e-01
6.920000000000000000e+02 2.343636420419447364e-01
6.925000000000000000e+02 2.337197746928609265e-01
6.930000000000000000e+02 2.330957275802277295e-01
6.935000000000000000e+02 2.324755741807686404e-01
6.945000000000000000e+02 2.312467886798753869e-01
6.950000000000000000e+02 2.306380781025913207e-01
6.960000000000000000e+02 2.294468177591295899e-01
6.965000000000000000e+02 2.288639826055348103e-01
6.970000000000000000e+02 2.282845653537175779e-01
6.975000000000000000e+02 2.277232174392000985e-01
6.980000000000000000e+02 2.271504371178380555e-01
6.985000000000000000e+02 2.265954660165444556e-01
6.990000000000000000e+02 2.260435909766435048e-01
6.995000000000000000e+02 2.254947836410929052e-01
7.000000000000000000e+02 2.249490160191295052e-01
7.005000000000000000e+02 2.244203761769721361e-01
7.010000000000000000e+02 2.238945410023596705e-01
7.015000000000000000e+02 2.233714861385124595e-01
7.020000000000000000e+02 2.228511875269575671e-01
7.025000000000000000e+02 2.223336214028180380e-01
7.030000000000000000e+02 2.218324482183638702e-01
7.035000000000000000e+02 2.213337946022592151e-01
7.040000000000000000e+02 2.208376398944069119e-01
7.045000000000000000e+02 2.203439636735861629e-01
7.050000000000000000e+02 2.198661100089436549e-01
7.055000000000000000e+02 2.193905397082852038e-01
7.060000000000000000e+02 2.189172350426622227e-01
7.065000000000000000e+02 2.184461784771604131e-01
7.070000000000000000e+02 2.179773526681569318e-01
7.075000000000000000e+02 2.175237331814368624e-01
7.080000000000000000e+02 2.170721669804506482e-01
7.085000000000000000e+02 2.166226390301287386e-01
7.090000000000000000e+02 2.161751344504919403e-01
7.095000000000000000e+02 2.157423557699969241e-01
7.100000000000000000e+02 2.153114374017328081e-01
7.105000000000000000e+02 2.148823664705607206e-01
7.110000000000000000e+02 2.144551302267642956e-01
7.115000000000000000e+02 2.140421763857673909e-01
7.120000000000000000e+02 2.136185081039923828e-01
7.130000000000000000e+02 2.128133793133410168e-01
7.135000000000000000e+02 2.124070987474760142e-01
7.140000000000000000e+02 2.120146207387075266e-01
7.145000000000000000e+02 2.116236577506210581e-01
7.150000000000000000e+02 2.112342004730998202e-01
7.155000000000000000e+02 2.108582345454576845e-01
7.160000000000000000e+02 2.104836472806030923e-01
7.165000000000000000e+02 2.101104306805397781e-01
7.170000000000000000e+02 2.097385768122628225e-01
7.175000000000000000e+02 2.093680778070784454e-01
7.180000000000000000e+02 2.090106606135298251e-01
7.185000000000000000e+02 2.086544820236997944e-01
7.190000000000000000e+02 2.083111741708578990e-01
7.195000000000000000e+02 2.079574039782655648e-01
7.200000000000000000e+02 2.076163967366991270e-01
7.205000000000000000e+02 2.072765078163193164e-01
7.210000000000000000e+02 2.069491863980297830e-01
7.215000000000000000e+02 2.066114716775943327e-01
7.220000000000000000e+02 2.062862251714908390e-01
7.225000000000000000e+02 2.059619871212111653e-01
7.230000000000000000e+02 2.056500364050237173e-01
7.235000000000000000e+02 2.053277585841860597e-01
7.245000000000000000e+02 2.047196669599834207e-01
7.250000000000000000e+02 2.044113577219565658e-01
7.255000000000000000e+02 2.041150361225329557e-01
7.260000000000000000e+02 2.038195346134397401e-01
7.265000000000000000e+02 2.035358654760208441e-01
7.270000000000000000e+02 2.032419571950922765e-01
7.275000000000000000e+02 2.029598035676749568e-01
7.280000000000000000e+02 2.026892984167358580e-01
7.285000000000000000e+02 2.024085798644837675e-01
7.290000000000000000e+02 2.021394381375362093e-01
7.295000000000000000e+02 2.018709583721078893e-01
7.300000000000000000e+02 2.016139230725949860e-01
7.305000000000000000e+02 2.013467284486102904e-01
7.310000000000000000e+02 2.010909126563479032e-01
7.320000000000000000e+02 2.005917221876389045e-01
7.325000000000000000e+02 2.003482873028444577e-01
7.330000000000000000e+02 2.001053824282765514e-01
7.335000000000000000e+02 1.998735942407242061e-01
7.340000000000000000e+02 1.996317175458511284e-01
7.345000000000000000e+02 1.994009026918597272e-01
7.350000000000000000e+02 1.991810739127000129e-01
7.355000000000000000e+02 1.989511772505567211e-01
7.360000000000000000e+02 1.987322167323847255e-01
7.365000000000000000e+02 1.985136772338186029e-01
7.370000000000000000e+02 1.983059812177353221e-01
7.375000000000000000e+02 1.980986610004802917e-01
7.380000000000000000e+02 1.978917156240788122e-01
7.385000000000000000e+02 1.976851441337085513e-01
7.390000000000000000e+02 1.974892894043946689e-01
7.395000000000000000e+02 1.972937679799594002e-01
7.400000000000000000e+02 1.970985790641708590e-01
7.405000000000000000e+02 1.969140125387436047e-01
7.410000000000000000e+02 1.967297422980877064e-01
7.415000000000000000e+02 1.965457676736526160e-01
7.420000000000000000e+02 1.963620879988319801e-01
7.425000000000000000e+02 1.961889298653780589e-01
7.430000000000000000e+02 1.960160347483889676e-01
7.435000000000000000e+02 1.958434020821712418e-01
7.440000000000000000e+02 1.956812174032516449e-01
7.445000000000000000e+02 1.955192673346807519e-01
7.450000000000000000e+02 1.953575513893892612e-01
7.455000000000000000e+02 1.951960690816339494e-01
7.460000000000000000e+02 1.950449583036097112e-01
7.465000000000000000e+02 1.948940573592621017e-01
7.470000000000000000e+02 1.947534850783811389e-01
7.475000000000000000e+02 1.946029920625847454e-01
7.480000000000000000e+02 1.944628078132962512e-01
7.485000000000000000e+02 1.943228126947273426e-01
7.490000000000000000e+02 1.941930911909257873e-01
7.495000000000000000e+02 1.940534646288892828e-01
7.500000000000000000e+02 1.939240956524700132e-01
7.505000000000000000e+02 1.938049637601644282e-01
7.510000000000000000e+02 1.936759324926809744e-01
7.515000000000000000e+02 1.935571260736468346e-01
7.520000000000000000e+02 1.934384794771038529e-01
7.525000000000000000e+02 1.933199923850045243e-01
7.530000000000000000e+02 1.932117049384982355e-01
7.535000000000000000e+02 1.931035685394729140e-01
7.540000000000000000e+02 1.929955828917216398e-01
7.545000000000000000e+02 1.928877476998254181e-01
7.550000000000000000e+02 1.927900930202194330e-01
7.555000000000000000e+02 1.926925841021058239e-01
7.560000000000000000e+02 1.925952206707538528e-01
7.570000000000000000e+02 1.924109568563950323e-01
7.575000000000000000e+02 1.923240555453063494e-01
7.580000000000000000e+02 1.922372982678086928e-01
7.585000000000000000e+02 1.921607165022254649e-01
7.590000000000000000e+02 1.920742472929105604e-01
7.595000000000000000e+02 1.919979564573617292e-01
7.600000000000000000e+02 1.919218120449693588e-01
7.605000000000000000e+02 1.918458138345562058e-01
7.610000000000000000e+02 1.917800063992741999e-01
7.615000000000000000e+02 1.917143518617777376e-01
7.620000000000000000e+02 1.916488500385080396e-01
7.625000000000000000e+02 1.915835007466780981e-01
7.630000000000000000e+02 1.915183038042704011e-01
7.635000000000000000e+02 1.914633282824211580e-01
7.640000000000000000e+02 1.914085157359728673e-01
7.645000000000000000e+02 1.913538660334364039e-01
7.650000000000000000e+02 1.912993790442103492e-01
7.660000000000000000e+02 1.912009961190221374e-01
7.665000000000000000e+02 1.911571148414150934e-01
7.670000000000000000e+02 1.911134107435265572e-01
7.675000000000000000e+02 1.910698837642298975e-01
7.680000000000000000e+02 1.910366728890567911e-01
7.685000000000000000e+02 1.910036578977486188e-01
7.690000000000000000e+02 1.909606789666330462e-01
7.695000000000000000e+02 1.909280453758594731e-01
7.700000000000000000e+02 1.909057885088185913e-01
7.705000000000000000e+02 1.908735573421130038e-01
7.710000000000000000e+02 1.908517259697361801e-01
7.715000000000000000e+02 1.908198974941464066e-01
7.720000000000000000e+02 1.907984920366052883e-01
7.725000000000000000e+02 1.907773059873330290e-01
7.730000000000000000e+02 1.907665934973064026e-01
7.735000000000000000e+02 1.907458593831836968e-01
7.740000000000000000e+02 1.907356264851134964e-01
7.745000000000000000e+02 1.907256411002484497e-01
7.750000000000000000e+02 1.907055927795566208e-01
7.755000000000000000e+02 1.907064140736953461e-01
7.760000000000000000e+02 1.906971730409311172e-01
7.765000000000000000e+02 1.906881807392461492e-01
7.770000000000000000e+02 1.906898097111293933e-01
7.775000000000000000e+02 1.906813308253456629e-01
7.780000000000000000e+02 1.906835059642139341e-01
7.785000000000000000e+02 1.906859633951611954e-01
7.790000000000000000e+02 1.906887036204993613e-01
7.795000000000000000e+02 1.907021849830375926e-01
7.800000000000000000e+02 1.907055096384739357e-01
7.805000000000000000e+02 1.907196132370155284e-01
7.810000000000000000e+02 1.907235246534667028e-01
7.815000000000000000e+02 1.907382531290678085e-01
7.820000000000000000e+02 1.907533048620286553e-01
7.825000000000000000e+02 1.907686806071266228e-01
7.830000000000000000e+02 1.907843811249410049e-01
7.835000000000000000e+02 1.908110197985992684e-01
7.840000000000000000e+02 1.908273921300392972e-01
7.845000000000000000e+02 1.908547463271862976e-01
7.850000000000000000e+02 1.908717939240744121e-01
7.855000000000000000e+02 1.908998674840064746e-01
7.860000000000000000e+02 1.909283133848783953e-01
7.865000000000000000e+02 1.909571327060959611e-01
7.870000000000000000e+02 1.909863265353093087e-01
7.875000000000000000e+02 1.910158959684723490e-01
7.880000000000000000e+02 1.910566543747463930e-01
7.885000000000000000e+02 1.910870012512521920e-01
7.890000000000000000e+02 1.911285875081199237e-01
7.895000000000000000e+02 1.911597167335344905e-01
7.900000000000000000e+02 1.912021362303343852e-01
7.905000000000000000e+02 1.912449871505164101e-01
7.910000000000000000e+02 1.912882709930062153e-01
7.915000000000000000e+02 1.913319892684382240e-01
7.920000000000000000e+02 1.913761434992541366e-01
7.925000000000000000e+02 1.914207352197979939e-01
7.930000000000000000e+02 1.914657659764178177e-01
7.935000000000000000e+02 1.915223295834771189e-01
7.940000000000000000e+02 1.915682694961799992e-01
7.945000000000000000e+02 1.916258007033677657e-01
7.950000000000000000e+02 1.916726566294349177e-01
7.955000000000000000e+02 1.917311629035338694e-01
7.960000000000000000e+02 1.917901741523564962e-01
7.965000000000000000e+02 1.918384307374924880e-01
7.970000000000000000e+02 1.918984286248156812e-01
7.975000000000000000e+02 1.919589375664061959e-01
7.980000000000000000e+02 1.920199596731383962e-01
7.985000000000000000e+02 1.920814970731364035e-01
7.990000000000000000e+02 1.921549627228362755e-01
7.995000000000000000e+02 1.922175674580767490e-01
8.000000000000000000e+02 1.922806941361397959e-01
8.005000000000000000e+02 1.923443449569178232e-01
8.010000000000000000e+02 1.924200574718307466e-01
8.015000000000000000e+02 1.924847942033473258e-01
8.020000000000000000e+02 1.925616617583499335e-01
8.025000000000000000e+02 1.926274940926727963e-01
8.030000000000000000e+02 1.927055271700472971e-01
8.035000000000000000e+02 1.927724649638090093e-01
8.040000000000000000e+02 1.928516742228197633e-01
8.045000000000000000e+02 1.929314928570109444e-01
8.050000000000000000e+02 1.930119237930596476e-01
8.055000000000000000e+02 1.930811351164974654e-01
8.060000000000000000e+02 1.931627644836280411e-01
8.065000000000000000e+02 1.932450148842286275e-01
8.070000000000000000e+02 1.933278893464827342e-01
8.075000000000000000e+02 1.934113909250017582e-01
8.080000000000000000e+02 1.934955227010971002e-01
8.085000000000000000e+02 1.935802877830562763e-01
8.090000000000000000e+02 1.936656893064225837e-01
8.095000000000000000e+02 1.937517304342793178e-01
8.100000000000000000e+02 1.938384143575342389e-01
8.105000000000000000e+02 1.939257442952128374e-01
8.110000000000000000e+02 1.940137234947511002e-01
8.115000000000000000e+02 1.941023552322944379e-01
8.120000000000000000e+02 1.942039496001906063e-01
8.125000000000000000e+02 1.942939341668956654e-01
8.130000000000000000e+02 1.943845814994525911e-01
8.135000000000000000e+02 1.944758949937534787e-01
8.140000000000000000e+02 1.945678780759725612e-01
8.145000000000000000e+02 1.946605342028863705e-01
8.150000000000000000e+02 1.947538668622023350e-01
8.155000000000000000e+02 1.948604585560490265e-01
8.160000000000000000e+02 1.949551943003718923e-01
8.165000000000000000e+02 1.950506174667344383e-01
8.170000000000000000e+02 1.951467316719213418e-01
8.175000000000000000e+02 1.952435405653731859e-01
8.180000000000000000e+02 1.953410478295404540e-01
8.185000000000000000e+02 1.954392571802437972e-01
8.190000000000000000e+02 1.955381723670396032e-01
8.195000000000000000e+02 1.956377971735864807e-01
8.200000000000000000e+02 1.957381354180222077e-01
8.205000000000000000e+02 1.958391909533420960e-01
8.210000000000000000e+02 1.959409676677847101e-01
8.215000000000000000e+02 1.960434694852209170e-01
8.220000000000000000e+02 1.961467003655492369e-01
8.225000000000000000e+02 1.962375109098407622e-01
8.230000000000000000e+02 1.963421689942809467e-01
8.235000000000000000e+02 1.964475679739422220e-01
8.240000000000000000e+02 1.965404319512888132e-01
8.245000000000000000e+02 1.966472813368518036e-01
8.250000000000000000e+02 1.967415190907521316e-01
8.255000000000000000e+02 1.968498345268039074e-01
8.260000000000000000e+02 1.969454608102187421e-01
8.265000000000000000e+02 1.970417661310388258e-01
8.270000000000000000e+02 1.971387540262300730e-01
8.275000000000000000e+02 1.972500042927672614e-01
8.280000000000000000e+02 1.973484105193088478e-01
8.285000000000000000e+02 1.974338490027433002e-01
8.290000000000000000e+02 1.975336032008672416e-01
8.295000000000000000e+02 1.976340581380417183e-01
8.300000000000000000e+02 1.977214297615512428e-01
8.305000000000000000e+02 1.978232536794292951e-01
8.310000000000000000e+02 1.979119171444815029e-01
8.315000000000000000e+02 1.980012110226576638e-01
8.325000000000000000e+02 1.981817024787749792e-01
8.330000000000000000e+02 1.982729063541334991e-01
8.335000000000000000e+02 1.983647532380039269e-01
8.340000000000000000e+02 1.984431282735135693e-01
8.345000000000000000e+02 1.985362284878891270e-01
8.350000000000000000e+02 1.986157815629510659e-01
8.355000000000000000e+02 1.986959081820096895e-01
8.360000000000000000e+02 1.987623357496371979e-01
8.365000000000000000e+02 1.988435775447482123e-01
8.370000000000000000e+02 1.989110490063015768e-01
8.375000000000000000e+02 1.989934158156873578e-01
8.385000000000000000e+02 1.991165136922070367e-01
8.390000000000000000e+02 1.991860257524087352e-01
8.395000000000000000e+02 1.992415195853308452e-01
8.400000000000000000e+02 1.992974592675370027e-01
8.405000000000000000e+02 1.993538464481776351e-01
8.410000000000000000e+02 1.993960498249967295e-01
8.415000000000000000e+02 1.994386384549335089e-01
8.420000000000000000e+02 1.994816135679146063e-01
8.425000000000000000e+02 1.995249764027526573e-01
8.430000000000000000e+02 1.995539741372875375e-01
8.435000000000000000e+02 1.995833027154097217e-01
8.440000000000000000e+02 1.996129630200185467e-01
8.445000000000000000e+02 1.996281216466397890e-01
8.450000000000000000e+02 1.996435611077606587e-01
8.455000000000000000e+02 1.996592819928544316e-01
8.460000000000000000e+02 1.996603805900565021e-01
8.465000000000000000e+02 1.996617160309609451e-01
8.470000000000000000e+02 1.996483459980331054e-01
8.475000000000000000e+02 1.996501350385009033e-01
8.480000000000000000e+02 1.996222031019147247e-01
8.490000000000000000e+02 1.995668436889642960e-01
8.495000000000000000e+02 1.995394162811879590e-01
8.500000000000000000e+02 1.994971281685366526e-01
8.505000000000000000e+02 1.994399490823896282e-01
8.510000000000000000e+02 1.993828977733143604e-01
8.515000000000000000e+02 1.993259741154193854e-01
8.520000000000000000e+02 1.992541274847444976e-01
8.525000000000000000e+02 1.991823993052152797e-01
8.530000000000000000e+02 1.990957375586291100e-01
8.535000000000000000e+02 1.989941457143657721e-01
8.540000000000000000e+02 1.989077184576736046e-01
8.545000000000000000e+02 1.987913300911097192e-01
8.550000000000000000e+02 1.986750778512903493e-01
8.555000000000000000e+02 1.985589614995362517e-01
8.560000000000000000e+02 1.984279741143475939e-01
8.565000000000000000e+02 1.982821531085938727e-01
8.570000000000000000e+02 1.981365173952112368e-01
8.575000000000000000e+02 1.979910666376687722e-01
8.580000000000000000e+02 1.978308627937847286e-01
8.585000000000000000e+02 1.976559655197906162e-01
8.590000000000000000e+02 1.974813319967759218e-01
8.595000000000000000e+02 1.972920988286866184e-01
8.600000000000000000e+02 1.971031792219408718e-01
8.605000000000000000e+02 1.968997679162471648e-01
8.610000000000000000e+02 1.966967267739799241e-01
8.615000000000000000e+02 1.964793156966004040e-01
8.625000000000000000e+02 1.960311254262968872e-01
8.630000000000000000e+02 1.957857903365743113e-01
8.635000000000000000e+02 1.955410353078330665e-01
8.640000000000000000e+02 1.952968582558959332e-01
8.645000000000000000e+02 1.950387587860362704e-01
8.650000000000000000e+02 1.947813183162543371e-01
8.655000000000000000e+02 1.945101280652201947e-01
8.660000000000000000e+02 1.942253280329212517e-01
8.670000000000000000e+02 1.936582447392431738e-01
8.675000000000000000e+02 1.933759536833979664e-01
8.680000000000000000e+02 1.930661948348024182e-01
8.685000000000000000e+02 1.927715633469566370e-01
8.690000000000000000e+02 1.924638177473421696e-01
8.700000000000000000e+02 1.918374796320320153e-01
8.705000000000000000e+02 1.915189902112839071e-01
8.710000000000000000e+02 1.911878228105348132e-01
8.715000000000000000e+02 1.908578916995775920e-01
8.720000000000000000e+02 1.905291893924236646e-01
8.730000000000000000e+02 1.898618860983445622e-01
8.735000000000000000e+02 1.895099036773299772e-01
8.740000000000000000e+02 1.891727938488286798e-01
8.745000000000000000e+02 1.888236343066869161e-01
8.750000000000000000e+02 1.884759047231560070e-01
8.755000000000000000e+02 1.881295955241290840e-01
8.760000000000000000e+02 1.877715313966605848e-01
8.765000000000000000e+02 1.874149984800106417e-01
8.770000000000000000e+02 1.870599860362066047e-01
8.775000000000000000e+02 1.867064834335696866e-01
8.780000000000000000e+02 1.863415799324489586e-01
8.785000000000000000e+02 1.859782971138804475e-01
8.790000000000000000e+02 1.856166231450412651e-01
8.795000000000000000e+02 1.852565463150574188e-01
8.800000000000000000e+02 1.848980550333779171e-01
8.805000000000000000e+02 1.845285722466089018e-01
8.810000000000000000e+02 1.841607846232271861e-01
8.815000000000000000e+02 1.837946793541475610e-01
8.820000000000000000e+02 1.834302437668914321e-01
8.825000000000000000e+02 1.830674653237101823e-01
8.830000000000000000e+02 1.827063316197333753e-01
8.835000000000000000e+02 1.823346654078374374e-01
8.840000000000000000e+02 1.819647511290983788e-01
8.845000000000000000e+02 1.816086063516786919e-01
8.850000000000000000e+02 1.812420891651923549e-01
8.855000000000000000e+02 1.808772840420690142e-01
8.860000000000000000e+02 1.805141777978843953e-01
8.865000000000000000e+02 1.801409872085213693e-01
8.870000000000000000e+02 1.797813036594808900e-01
8.875000000000000000e+02 1.794116394731741226e-01
8.880000000000000000e+02 1.790553254814358786e-01
8.885000000000000000e+02 1.786891329859215116e-01
8.890000000000000000e+02 1.783361365748225291e-01
8.895000000000000000e+02 1.779733622511065205e-01
8.900000000000000000e+02 1.776123089451871473e-01
8.905000000000000000e+02 1.772529631868438593e-01
8.910000000000000000e+02 1.768953116546213289e-01
8.915000000000000000e+02 1.765393411737119223e-01
8.920000000000000000e+02 1.761850387138713669e-01
8.925000000000000000e+02 1.758323913873762190e-01
8.930000000000000000e+02 1.754813864470114448e-01
8.935000000000000000e+02 1.751211184839170099e-01
8.940000000000000000e+02 1.747734198256180316e-01
8.945000000000000000e+02 1.744273256529960958e-01
8.950000000000000000e+02 1.740828237668015921e-01
8.955000000000000000e+02 1.737292454655649243e-01
8.960000000000000000e+02 1.733879493595482379e-01
8.965000000000000000e+02 1.730376689362186082e-01
8.970000000000000000e+02 1.726995295081189263e-01
8.980000000000000000e+02 1.720174656915640365e-01
8.985000000000000000e+02 1.716839440315165721e-01
8.990000000000000000e+02 1.713416615042070157e-01
8.995000000000000000e+02 1.710111787758886448e-01
9.000000000000000000e+02 1.706720225972531146e-01
9.005000000000000000e+02 1.703445332674159152e-01
9.010000000000000000e+02 1.700084566223617755e-01
9.015000000000000000e+02 1.696839161181080413e-01
9.020000000000000000e+02 1.693508731771052322e-01
9.025000000000000000e+02 1.690292378598335643e-01
9.030000000000000000e+02 1.686991837522393012e-01
9.035000000000000000e+02 1.683804108924501497e-01
9.040000000000000000e+02 1.680533016807147784e-01
9.045000000000000000e+02 1.677373494336467652e-01
9.050000000000000000e+02 1.674131420883633592e-01
9.055000000000000000e+02 1.670999694704228822e-01
9.060000000000000000e+02 1.667786218461894676e-01
9.065000000000000000e+02 1.664681887121489678e-01
9.070000000000000000e+02 1.661590864971464188e-01
9.075000000000000000e+02 1.658419265451426261e-01
9.080000000000000000e+02 1.655355054882031163e-01
9.085000000000000000e+02 1.652303871764889964e-01
9.090000000000000000e+02 1.649173259378561851e-01
9.095000000000000000e+02 1.646148322009512721e-01
9.100000000000000000e+02 1.643136138729440754e-01
9.105000000000000000e+02 1.640136621359219171e-01
9.110000000000000000e+02 1.637059163772296710e-01
9.115000000000000000e+02 1.634085165946555507e-01
9.120000000000000000e+02 1.631123571304923248e-01
9.125000000000000000e+02 1.628174295078428091e-01
9.130000000000000000e+02 1.625237253315677255e-01
9.135000000000000000e+02 1.622312362872671276e-01
9.140000000000000000e+02 1.619399541402779530e-01
9.145000000000000000e+02 1.616498707346871455e-01
9.150000000000000000e+02 1.613609779923597387e-01
9.155000000000000000e+02 1.610732679119801780e-01
9.160000000000000000e+02 1.607953501114736949e-01
9.165000000000000000e+02 1.605099399336835930e-01
9.170000000000000000e+02 1.602256891648941861e-01
9.175000000000000000e+02 1.599425900988602212e-01
9.180000000000000000e+02 1.596690891191913375e-01
9.185000000000000000e+02 1.593882300771197746e-01
9.190000000000000000e+02 1.591168750874097926e-01
9.195000000000000000e+02 1.588382272359086522e-01
9.200000000000000000e+02 1.585689907674128207e-01
9.205000000000000000e+02 1.582925257950289766e-01
9.210000000000000000e+02 1.580253808741531041e-01
9.215000000000000000e+02 1.577510709792050159e-01
9.220000000000000000e+02 1.574859911160058634e-01
9.225000000000000000e+02 1.572219155480109876e-01
9.230000000000000000e+02 1.569588380781187786e-01
9.235000000000000000e+02 1.566967525631750568e-01
9.240000000000000000e+02 1.564356529133645313e-01
9.245000000000000000e+02 1.561755330916133888e-01
9.250000000000000000e+02 1.559163871129980450e-01
9.255000000000000000e+02 1.556582090441643307e-01
9.260000000000000000e+02 1.554009930027532294e-01
9.265000000000000000e+02 1.551447331568326093e-01
9.270000000000000000e+02 1.548894237243412797e-01
9.275000000000000000e+02 1.546428111640446579e-01
9.280000000000000000e+02 1.543893510992232765e-01
9.285000000000000000e+02 1.541368246187849456e-01
9.290000000000000000e+02 1.538928774106057273e-01
9.295000000000000000e+02 1.536421677217268966e-01
9.300000000000000000e+02 1.533999607223878459e-01
9.305000000000000000e+02 1.531586003058167111e-01
9.310000000000000000e+02 1.529105597859036769e-01
9.315000000000000000e+02 1.526709097190065978e-01
9.320000000000000000e+02 1.524320917847495627e-01
9.325000000000000000e+02 1.521941013078930427e-01
9.330000000000000000e+02 1.519569336502256396e-01
9.335000000000000000e+02 1.517205842101817803e-01
9.340000000000000000e+02 1.514850484224700422e-01
9.345000000000000000e+02 1.512503217577014780e-01
9.350000000000000000e+02 1.510163997220258514e-01
9.355000000000000000e+02 1.507832778567707033e-01
9.360000000000000000e+02 1.505581669827346092e-01
9.365000000000000000e+02 1.503266025688778929e-01
9.370000000000000000e+02 1.500958253351062088e-01
9.375000000000000000e+02 1.498729589891918124e-01
9.380000000000000000e+02 1.496437140505814944e-01
9.385000000000000000e+02 1.494223147380060179e-01
9.390000000000000000e+02 1.492016292930250787e-01
9.395000000000000000e+02 1.489746379217134487e-01
9.400000000000000000e+02 1.487553964269875961e-01
9.405000000000000000e+02 1.485368576246686723e-01
9.410000000000000000e+02 1.483190178957174143e-01
9.415000000000000000e+02 1.481018736473333486e-01
9.420000000000000000e+02 1.478854213127098749e-01
9.425000000000000000e+02 1.476696573507912669e-01
9.430000000000000000e+02 1.474614065170420374e-01
9.435000000000000000e+02 1.472469825469362448e-01
9.440000000000000000e+02 1.470332366249775535e-01
9.445000000000000000e+02 1.468269164372314473e-01
9.450000000000000000e+02 1.466144905091103234e-01
9.455000000000000000e+02 1.464094332897267203e-01
9.460000000000000000e+02 1.461983143494937909e-01
9.465000000000000000e+02 1.459945077287766457e-01
9.470000000000000000e+02 1.457913097393077062e-01
9.475000000000000000e+02 1.455887174808019602e-01
9.480000000000000000e+02 1.453801492310531351e-01
9.485000000000000000e+02 1.451787835966517060e-01
9.490000000000000000e+02 1.449780149838291454e-01
9.495000000000000000e+02 1.447843484270031067e-01
9.500000000000000000e+02 1.445847419929969790e-01
9.505000000000000000e+02 1.443857242903016369e-01
9.510000000000000000e+02 1.441872925511207271e-01
9.515000000000000000e+02 1.439958599835818032e-01
9.520000000000000000e+02 1.437985690026686580e-01
9.525000000000000000e+02 1.436082271309309377e-01
9.530000000000000000e+02 1.434120665212745560e-01
9.535000000000000000e+02 1.432228054755180779e-01
9.540000000000000000e+02 1.430340704432704058e-01
9.545000000000000000e+02 1.428458591100372765e-01
9.550000000000000000e+02 1.426581691756022841e-01
9.555000000000000000e+02 1.424709983539129976e-01
9.560000000000000000e+02 1.422843443729680246e-01
9.565000000000000000e+02 1.420982049747054055e-01
9.570000000000000000e+02 1.419125779148917577e-01
9.575000000000000000e+02 1.417274609630134463e-01
9.580000000000000000e+02 1.415489902584535775e-01
9.585000000000000000e+02 1.413648663263344374e-01
9.590000000000000000e+02 1.411873442856232397e-01
9.595000000000000000e+02 1.410042050028372518e-01
9.600000000000000000e+02 1.408276236806399462e-01
9.605000000000000000e+02 1.406515001504440865e-01
9.610000000000000000e+02 1.404758325491853865e-01
9.615000000000000000e+02 1.403006190243970830e-01
9.620000000000000000e+02 1.401258577341316647e-01
9.625000000000000000e+02 1.399515468468838786e-01
9.630000000000000000e+02 1.397776845415139579e-01
9.635000000000000000e+02 1.396042690071721826e-01
9.640000000000000000e+02 1.394312984432224123e-01
9.645000000000000000e+02 1.392646605831721340e-01
9.650000000000000000e+02 1.390925561292038204e-01
9.655000000000000000e+02 1.389267449559872802e-01
9.660000000000000000e+02 1.387554998560571462e-01
9.665000000000000000e+02 1.385905089640948884e-01
9.670000000000000000e+02 1.384259172015327721e-01
9.675000000000000000e+02 1.382617230666836616e-01
9.680000000000000000e+02 1.380979250657266566e-01
9.685000000000000000e+02 1.379345217126524414e-01
9.690000000000000000e+02 1.377715115292124370e-01
9.695000000000000000e+02 1.376088930448654546e-01
9.700000000000000000e+02 1.374466647967251542e-01
9.705000000000000000e+02 1.372905080510101183e-01
9.710000000000000000e+02 1.371290392242397460e-01
9.715000000000000000e+02 1.369736066209605307e-01
9.725000000000000000e+02 1.366581780723184480e-01
9.730000000000000000e+02 1.365038141669358274e-01
9.735000000000000000e+02 1.363497987951478030e-01
9.740000000000000000e+02 1.361961307452395631e-01
9.745000000000000000e+02 1.360428088113331546e-01
9.750000000000000000e+02 1.358898317933496802e-01
9.755000000000000000e+02 1.357371984969750478e-01
9.760000000000000000e+02 1.355904188398661669e-01
9.765000000000000000e+02 1.354384542655158730e-01
9.770000000000000000e+02 1.352923115839225754e-01
9.775000000000000000e+02 1.351410112545637643e-01
9.780000000000000000e+02 1.349955013144372995e-01
9.785000000000000000e+02 1.348502991065006762e-01
9.790000000000000000e+02 1.347054036390405163e-01
9.795000000000000000e+02 1.345608139247456980e-01
9.800000000000000000e+02 1.344165289806827646e-01
9.805000000000000000e+02 1.342725478282691676e-01
9.810000000000000000e+02 1.341288694932505354e-01
9.815000000000000000e+02 1.339854930056743332e-01
9.820000000000000000e+02 1.338477590519515370e-01
9.825000000000000000e+02 1.337049696435292367e-01
9.830000000000000000e+02 1.335677942854760492e-01
9.835000000000000000e+02 1.334308905121219524e-01
9.840000000000000000e+02 1.332942575132058105e-01
9.845000000000000000e+02 1.331526178573521069e-01
9.850000000000000000e+02 1.330165367077241201e-01
9.855000000000000000e+02 1.328859751099755737e-01
9.860000000000000000e+02 1.327504171720786663e-01
9.865000000000000000e+02 1.326151260065711879e-01
9.870000000000000000e+02 1.324801008227745880e-01
9.875000000000000000e+02 1.323505425471712404e-01
9.880000000000000000e+02 1.322160345014615490e-01
9.885000000000000000e+02 1.320869677026708655e-01
9.890000000000000000e+02 1.319581397760047625e-01
9.895000000000000000e+02 1.318295500630979611e-01
9.900000000000000000e+02 1.317011979080469908e-01
9.905000000000000000e+02 1.315730826573984769e-01
9.910000000000000000e+02 1.314452036601373164e-01
9.915000000000000000e+02 1.313175602676749376e-01
9.920000000000000000e+02 1.311952494603151054e-01
9.925000000000000000e+02 1.310680639556228433e-01
9.930000000000000000e+02 1.309461877817456321e-01
9.935000000000000000e+02 1.308245227720262194e-01
9.940000000000000000e+02 1.306980139118044670e-01
9.945000000000000000e+02 1.305767801443156739e-01
9.950000000000000000e+02 1.304557559011744472e-01
9.955000000000000000e+02 1.303349406496777385e-01
9.960000000000000000e+02 1.302193464087333385e-01
9.965000000000000000e+02 1.300989371433699804e-01
9.970000000000000000e+02 1.299787353123320610e-01
9.975000000000000000e+02 1.298637225227986525e-01
9.980000000000000000e+02 1.297488961904789961e-01
9.985000000000000000e+02 1.296292929350014167e-01
9.990000000000000000e+02 1.295148477578879909e-01
9.995000000000000000e+02 1.294005876984581360e-01
1.000000000000000000e+03 1.292865123214810563e-01
1.000500000000000000e+03 1.291775460549632326e-01
1.001000000000000000e+03 1.290638292858238556e-01
1.001500000000000000e+03 1.289502959265995952e-01
1.002000000000000000e+03 1.288418428089239121e-01
1.002500000000000000e+03 1.287286655972158800e-01
1.003000000000000000e+03 1.286205497444496970e-01
1.003500000000000000e+03 1.285125976317293695e-01
1.004000000000000000e+03 1.284048089027186312e-01
1.004500000000000000e+03 1.282971832021033154e-01
1.005000000000000000e+03 1.281897201755854143e-01
1.005500000000000000e+03 1.280872563396018293e-01
1.006000000000000000e+03 1.279801090585508949e-01
1.006500000000000000e+03 1.278779438979982253e-01
1.007000000000000000e+03 1.277711110382572235e-01
1.007500000000000000e+03 1.276692433086250023e-01
1.008000000000000000e+03 1.275675199348309252e-01
1.008500000000000000e+03 1.274659406259137373e-01
1.009000000000000000e+03 1.273645050916775989e-01
1.010000000000000000e+03 1.271668302540736872e-01
1.010500000000000000e+03 1.270658166047996529e-01
1.011000000000000000e+03 1.269696969301985501e-01
1.011500000000000000e+03 1.268737049265727945e-01
1.012000000000000000e+03 1.267778403546115651e-01
1.012500000000000000e+03 1.266821029755845762e-01
1.013000000000000000e+03 1.265864925513394967e-01
1.013500000000000000e+03 1.264910088443007008e-01
1.014000000000000000e+03 1.263956516174676026e-01
1.014500000000000000e+03 1.263051238658672859e-01
1.015000000000000000e+03 1.262100119791297603e-01
1.015500000000000000e+03 1.261197159555546565e-01
1.016000000000000000e+03 1.260295323665106548e-01
1.016500000000000000e+03 1.259394610152651250e-01
1.017000000000000000e+03 1.258495017055287768e-01
1.017500000000000000e+03 1.257596542414544383e-01
1.018000000000000000e+03 1.256699184276357517e-01
1.018500000000000000e+03 1.255849475708146479e-01
1.019000000000000000e+03 1.254954283072058363e-01
1.019500000000000000e+03 1.254106619480817308e-01
1.020000000000000000e+03 1.253259948279977776e-01
1.020500000000000000e+03 1.252414267835655903e-01
1.021000000000000000e+03 1.251569576517435889e-01
1.021500000000000000e+03 1.250725872698357499e-01
1.022000000000000000e+03 1.249883154754909964e-01
1.022500000000000000e+03 1.249087517045068124e-01
1.023000000000000000e+03 1.248246711514194723e-01
1.023500000000000000e+03 1.247452880576523093e-01
1.024000000000000000e+03 1.246659926878489200e-01
