7.040000000000000000e+02 8.120320702677997105e+00
7.045000000000000000e+02 5.742098198563191147e+00
7.050000000000000000e+02 4.402334737647467300e+00
7.055000000000000000e+02 3.557943597263362623e+00
7.060000000000000000e+02 3.021938916986168788e+00
7.065000000000000000e+02 2.643194503026625952e+00
7.070000000000000000e+02 2.337992551136336861e+00
7.075000000000000000e+02 2.118327828937121460e+00
7.080000000000000000e+02 1.928202207201816787e+00
7.085000000000000000e+02 1.781200183581860497e+00
7.090000000000000000e+02 1.656139940055739501e+00
7.095000000000000000e+02 1.548254152334173517e+00
7.100000000000000000e+02 1.454101655149923067e+00
7.105000000000000000e+02 1.375099080129978280e+00
7.115000000000000000e+02 1.243024362252534765e+00
7.120000000000000000e+02 1.187062226396330189e+00
7.125000000000000000e+02 1.137929952534197486e+00
7.130000000000000000e+02 1.092324604877038752e+00
7.135000000000000000e+02 1.051709617648102890e+00
7.140000000000000000e+02 1.013622153285781868e+00
7.145000000000000000e+02 9.793209543576023579e-01
7.150000000000000000e+02 9.482155641187761663e-01
7.155000000000000000e+02 9.186345687535714122e-01
7.160000000000000000e+02 8.916028073811459453e-01
7.165000000000000000e+02 8.657646452578061647e-01
7.170000000000000000e+02 8.429283104537393934e-01
7.175000000000000000e+02 8.209034494722153852e-01
7.180000000000000000e+02 7.996807715582506804e-01
7.185000000000000000e+02 7.807218930759165509e-01
7.190000000000000000e+02 7.623229202043330099e-01
7.195000000000000000e+02 7.451308518085666410e-01
7.200000000000000000e+02 7.290186165285982289e-01
7.205000000000000000e+02 7.138771347392575128e-01
7.210000000000000000e+02 6.990779980559840290e-01
7.215000000000000000e+02 6.856375024746143021e-01
7.220000000000000000e+02 6.724413188672183628e-01
7.225000000000000000e+02 6.599535177712437806e-01
7.230000000000000000e+02 6.476865022193878385e-01
7.235000000000000000e+02 6.364595120747150725e-01
7.245000000000000000e+02 6.152249448669377951e-01
7.250000000000000000e+02 6.051708525693451080e-01
7.255000000000000000e+02 5.955749422439496898e-01
7.260000000000000000e+02 5.864032065743217670e-01
7.265000000000000000e+02 5.776250751217451018e-01
7.270000000000000000e+02 5.692129800737621981e-01
7.275000000000000000e+02 5.611419872364994399e-01
7.280000000000000000e+02 5.531222630133425522e-01
7.285000000000000000e+02 5.456781406913389088e-01
7.290000000000000000e+02 5.382659326423110402e-01
7.295000000000000000e+02 5.313709446961096816e-01
7.300000000000000000e+02 5.244927313303314742e-01
7.305000000000000000e+02 5.178619645259077142e-01
7.310000000000000000e+02 5.116761794956679044e-01
7.315000000000000000e+02 5.054902065065977057e-01
7.320000000000000000e+02 4.995117009083759330e-01
7.325000000000000000e+02 4.937292218241809416e-01
7.330000000000000000e+02 4.881321943630905769e-01
7.335000000000000000e+02 4.827108270748879937e-01
7.340000000000000000e+02 4.774560388247758302e-01
7.345000000000000000e+02 4.723593938430308836e-01
7.350000000000000000e+02 4.674130438909887553e-01
7.355000000000000000e+02 4.624519127911126404e-01
7.360000000000000000e+02 4.577893273100615001e-01
7.365000000000000000e+02 4.532563111113155352e-01
7.370000000000000000e+02 4.488469149169077022e-01
7.375000000000000000e+02 4.445555659382331992e-01
7.380000000000000000e+02 4.403770377637004074e-01
7.385000000000000000e+02 4.361735277034494707e-01
7.390000000000000000e+02 4.322097184521410118e-01
7.395000000000000000e+02 4.283447216867533602e-01
7.400000000000000000e+02 4.245744571781658872e-01
7.405000000000000000e+02 4.207754524377229077e-01
7.410000000000000000e+02 4.171862840331060363e-01
7.415000000000000000e+02 4.136808208353411342e-01
7.420000000000000000e+02 4.102558246540523035e-01
7.425000000000000000e+02 4.069082305415787082e-01
7.430000000000000000e+02 4.036351350444785657e-01
7.440000000000000000e+02 3.972004851490070210e-01
7.445000000000000000e+02 3.941371793249271449e-01
7.450000000000000000e+02 3.911380896600347157e-01
7.455000000000000000e+02 3.882009784685568343e-01
7.460000000000000000e+02 3.853237161044309467e-01
7.465000000000000000e+02 3.825042743385719812e-01
7.470000000000000000e+02 3.797407202259213133e-01
7.475000000000000000e+02 3.771180588404600131e-01
7.480000000000000000e+02 3.744590658682362960e-01
7.485000000000000000e+02 3.718507359448751659e-01
7.490000000000000000e+02 3.692914617739076477e-01
7.495000000000000000e+02 3.668598700729857054e-01
7.500000000000000000e+02 3.643926091593437944e-01
7.505000000000000000e+02 3.619700391753136182e-01
7.510000000000000000e+02 3.596664996881016041e-01
7.515000000000000000e+02 3.573279023046739278e-01
7.520000000000000000e+02 3.551030977074762229e-01
7.525000000000000000e+02 3.529153267741485522e-01
7.530000000000000000e+02 3.506931685396670328e-01
7.535000000000000000e+02 3.485776391314662215e-01
7.540000000000000000e+02 3.464961408305518575e-01
7.545000000000000000e+02 3.444477596599340163e-01
7.550000000000000000e+02 3.424316158028658519e-01
7.555000000000000000e+02 3.404468619761757964e-01
7.560000000000000000e+02 3.384926818973596485e-01
7.565000000000000000e+02 3.365682888390619798e-01
7.570000000000000000e+02 3.346729242651786396e-01
7.575000000000000000e+02 3.328663731582228169e-01
7.580000000000000000e+02 3.310259370886295960e-01
7.585000000000000000e+02 3.292124346055988471e-01
7.590000000000000000e+02 3.274829491656757741e-01
7.595000000000000000e+02 3.257773528928908924e-01
7.600000000000000000e+02 3.240390494706212321e-01
7.605000000000000000e+02 3.223804127311393763e-01
7.610000000000000000e+02 3.207440429963194228e-01
7.615000000000000000e+02 3.191294401216003829e-01
7.620000000000000000e+02 3.175361196392216256e-01
7.625000000000000000e+02 3.160157435452843333e-01
7.630000000000000000e+02 3.144628636511127562e-01
7.635000000000000000e+02 3.129299168378655849e-01
7.640000000000000000e+02 3.114664884052316118e-01
7.645000000000000000e+02 3.099714519658561818e-01
7.650000000000000000e+02 3.085438013574780536e-01
7.655000000000000000e+02 3.071331732929777902e-01
7.660000000000000000e+02 3.057392278578592859e-01
7.665000000000000000e+02 3.043616346263888772e-01
7.670000000000000000e+02 3.030000723229749338e-01
7.675000000000000000e+02 3.016999022045577239e-01
7.680000000000000000e+02 3.003689018558644008e-01
7.685000000000000000e+02 2.990530315674146955e-01
7.690000000000000000e+02 2.977960177436271838e-01
7.695000000000000000e+02 2.965525083271049467e-01
7.700000000000000000e+02 2.953222602296904920e-01
7.705000000000000000e+02 2.941050364896750646e-01
7.710000000000000000e+02 2.929006060741844442e-01
7.715000000000000000e+02 2.917087436893140429e-01
7.720000000000000000e+02 2.905702906979632516e-01
7.725000000000000000e+02 2.894024457453860388e-01
7.730000000000000000e+02 2.882866913562078803e-01
7.735000000000000000e+02 2.871817855210017090e-01
7.740000000000000000e+02 2.860875514907662565e-01
7.745000000000000000e+02 2.850038165540543789e-01
7.750000000000000000e+02 2.839304119188161279e-01
7.755000000000000000e+02 2.829052604807918425e-01
7.760000000000000000e+02 2.818516281592343686e-01
7.765000000000000000e+02 2.808451647218783154e-01
7.770000000000000000e+02 2.798476462564808975e-01
7.775000000000000000e+02 2.788589395935461845e-01
7.780000000000000000e+02 2.778789143468520240e-01
7.785000000000000000e+02 2.769074428388473286e-01
7.790000000000000000e+02 2.759799416569089781e-01
7.795000000000000000e+02 2.750600772576731190e-01
7.800000000000000000e+02 2.741128530930849183e-01
7.810000000000000000e+02 2.723452622206357088e-01
7.815000000000000000e+02 2.714549124115563927e-01
7.820000000000000000e+02 2.706053513779346220e-01
7.825000000000000000e+02 2.697288657614047569e-01
7.830000000000000000e+02 2.688923991422899618e-01
7.835000000000000000e+02 2.680622128114047431e-01
7.840000000000000000e+02 2.672707581500511909e-01
7.845000000000000000e+02 2.664526243808761352e-01
7.850000000000000000e+02 2.656725424316324080e-01
7.855000000000000000e+02 2.648979172662036530e-01
7.860000000000000000e+02 2.641286851447105510e-01
7.865000000000000000e+02 2.633647833757776224e-01
7.870000000000000000e+02 2.626371656017875145e-01
7.875000000000000000e+02 2.618834986995067782e-01
7.880000000000000000e+02 2.611655290544357966e-01
7.885000000000000000e+02 2.604521908038821554e-01
7.890000000000000000e+02 2.597735441818935231e-01
7.895000000000000000e+02 2.590691001595610277e-01
7.900000000000000000e+02 2.583988264366128274e-01
7.905000000000000000e+02 2.577325723439914951e-01
7.910000000000000000e+02 2.570702978065361743e-01
7.915000000000000000e+02 2.564119633126616948e-01
7.920000000000000000e+02 2.557864194348430931e-01
7.925000000000000000e+02 2.551643566037707922e-01
7.930000000000000000e+02 2.545457427127104100e-01
7.935000000000000000e+02 2.539305460728784603e-01
7.940000000000000000e+02 2.533469034213339244e-01
7.945000000000000000e+02 2.527662687168323319e-01
7.950000000000000000e+02 2.521886163638104028e-01
7.955000000000000000e+02 2.516139210742129317e-01
7.960000000000000000e+02 2.510696704409085545e-01
7.970000000000000000e+02 2.499889241297705289e-01
7.975000000000000000e+02 2.494523881147185929e-01
7.980000000000000000e+02 2.489183836721403642e-01
7.985000000000000000e+02 2.484136608183558081e-01
7.990000000000000000e+02 2.479111461828311103e-01
7.995000000000000000e+02 2.474373287903623153e-01
8.000000000000000000e+02 2.469390479154380535e-01
8.005000000000000000e+02 2.464691733297626197e-01
8.010000000000000000e+02 2.460011878025172571e-01
8.020000000000000000e+02 2.450967166032994304e-01
8.025000000000000000e+02 2.446599715112746931e-01
8.030000000000000000e+02 2.442248341555556534e-01
8.035000000000000000e+02 2.438168482147196059e-01
8.040000000000000000e+02 2.433847868417746974e-01
8.045000000000000000e+02 2.429796460202927055e-01
8.050000000000000000e+02 2.426011130060082843e-01
8.055000000000000000e+02 2.421985844242861563e-01
8.060000000000000000e+02 2.418224575729155668e-01
8.065000000000000000e+02 2.414474791624582339e-01
8.070000000000000000e+02 2.410985258310626156e-01
8.075000000000000000e+02 2.407257376525208381e-01
8.080000000000000000e+02 2.403787924878922622e-01
8.085000000000000000e+02 2.400574417171598973e-01
8.090000000000000000e+02 2.397123253124945341e-01
8.095000000000000000e+02 2.393926426204223967e-01
8.100000000000000000e+02 2.390737530339727968e-01
8.105000000000000000e+02 2.387800027889383225e-01
8.110000000000000000e+02 2.384626191530108408e-01
8.115000000000000000e+02 2.381702348683177040e-01
8.120000000000000000e+02 2.378784985830727783e-01
8.125000000000000000e+02 2.376115055658462871e-01
8.130000000000000000e+02 2.373450394693867038e-01
8.135000000000000000e+02 2.370790987881496725e-01
8.140000000000000000e+02 2.368136820222961070e-01
8.145000000000000000e+02 2.365726761166462300e-01
8.150000000000000000e+02 2.363320913728229056e-01
8.155000000000000000e+02 2.360919267472074701e-01
8.160000000000000000e+02 2.358759398622675696e-01
8.165000000000000000e+02 2.356365667277573461e-01
8.170000000000000000e+02 2.354449690119835292e-01
8.175000000000000000e+02 2.352299835954811402e-01
8.180000000000000000e+02 2.350389459766807354e-01
8.185000000000000000e+02 2.348245870417798864e-01
8.190000000000000000e+02 2.346576630075948577e-01
8.195000000000000000e+02 2.344674166247206204e-01
8.200000000000000000e+02 2.343009369859114233e-01
8.205000000000000000e+02 2.341346679153377963e-01
8.210000000000000000e+02 2.339686090241945293e-01
8.220000000000000000e+02 2.336605441339171529e-01
8.225000000000000000e+02 2.335185012499451651e-01
8.230000000000000000e+02 2.334000340326412015e-01
8.235000000000000000e+02 2.332583218079704868e-01
8.240000000000000000e+02 2.331401638647265240e-01
8.245000000000000000e+02 2.330221568568191237e-01
8.250000000000000000e+02 2.329043005138891342e-01
8.255000000000000000e+02 2.328099648736767779e-01
8.260000000000000000e+02 2.327157739579006068e-01
8.265000000000000000e+02 2.326217275365091708e-01
8.270000000000000000e+02 2.325278253800553974e-01
8.275000000000000000e+02 2.324340672596933166e-01
8.280000000000000000e+02 2.323638366343162565e-01
8.285000000000000000e+02 2.322937596364819113e-01
8.290000000000000000e+02 2.322238360988715944e-01
8.295000000000000000e+02 2.321774838592501056e-01
8.300000000000000000e+02 2.321078756825669387e-01
8.305000000000000000e+02 2.320618641032166085e-01
8.310000000000000000e+02 2.320160310587347785e-01
8.315000000000000000e+02 2.319938612947333445e-01
8.320000000000000000e+02 2.319484019648176409e-01
8.325000000000000000e+02 2.319266472820142033e-01
8.330000000000000000e+02 2.319051125695854310e-01
8.335000000000000000e+02 2.318837979551767181e-01
8.340000000000000000e+02 2.318627035681064541e-01
8.345000000000000000e+02 2.318654628157323372e-01
8.350000000000000000e+02 2.318448342883777380e-01
8.355000000000000000e+02 2.318481176979694525e-01
8.360000000000000000e+02 2.318516801883483691e-01
8.365000000000000000e+02 2.318555221829112778e-01
8.370000000000000000e+02 2.318834428056436858e-01
8.375000000000000000e+02 2.318878785213299709e-01
8.380000000000000000e+02 2.319164687963807536e-01
8.385000000000000000e+02 2.319454157890510348e-01
8.390000000000000000e+02 2.319747203609370534e-01
8.395000000000000000e+02 2.320043833796331667e-01
8.400000000000000000e+02 2.320584551918794536e-01
8.405000000000000000e+02 2.320888801091355036e-01
8.410000000000000000e+02 2.321438088208329087e-01
8.415000000000000000e+02 2.321991933389242480e-01
8.420000000000000000e+02 2.322550351591501361e-01
8.425000000000000000e+02 2.323113357880118579e-01
8.430000000000000000e+02 2.323680967428523592e-01
8.435000000000000000e+02 2.324497272792503677e-01
8.445000000000000000e+02 2.325901896268325053e-01
8.450000000000000000e+02 2.326734940445371880e-01
8.455000000000000000e+02 2.327573812361247441e-01
8.460000000000000000e+02 2.328418536150308471e-01
8.465000000000000000e+02 2.329269136134142215e-01
8.470000000000000000e+02 2.330374010356321135e-01
8.475000000000000000e+02 2.331237062768564405e-01
8.480000000000000000e+02 2.332355784567139712e-01
8.485000000000000000e+02 2.333231402250183495e-01
8.490000000000000000e+02 2.334364099881087173e-01
8.495000000000000000e+02 2.335504198163751710e-01
8.500000000000000000e+02 2.336651733991640667e-01
8.505000000000000000e+02 2.337806744571731543e-01
8.510000000000000000e+02 2.338969267427760124e-01
8.515000000000000000e+02 2.340139340403440404e-01
8.520000000000000000e+02 2.341572594795204854e-01
8.525000000000000000e+02 2.342758636617678913e-01
8.530000000000000000e+02 2.344209544590036831e-01
8.535000000000000000e+02 2.345411728557475484e-01
8.540000000000000000e+02 2.346880484451663584e-01
8.545000000000000000e+02 2.348358670890251798e-01
8.550000000000000000e+02 2.349585788643089035e-01
8.555000000000000000e+02 2.351082126390413307e-01
8.560000000000000000e+02 2.352588056543032935e-01
8.565000000000000000e+02 2.354103635942040307e-01
8.570000000000000000e+02 2.355628921966052280e-01
8.575000000000000000e+02 2.357163972537545116e-01
8.580000000000000000e+02 2.358974743863598289e-01
8.585000000000000000e+02 2.360530410404733104e-01
8.590000000000000000e+02 2.362096024549027729e-01
8.595000000000000000e+02 2.363671646513541558e-01
8.600000000000000000e+02 2.365527013415414104e-01
8.605000000000000000e+02 2.367123769661128585e-01
8.610000000000000000e+02 2.369002378188414804e-01
8.615000000000000000e+02 2.370620542079920068e-01
8.620000000000000000e+02 2.372522695729035735e-01
8.625000000000000000e+02 2.374162546173894661e-01
8.630000000000000000e+02 2.376088554587161283e-01
8.635000000000000000e+02 2.378027148129235879e-01
8.640000000000000000e+02 2.379700555298351894e-01
8.645000000000000000e+02 2.381663487528196121e-01
8.650000000000000000e+02 2.383639262174621076e-01
8.660000000000000000e+02 2.387347519904075566e-01
8.665000000000000000e+02 2.389361240145871923e-01
8.670000000000000000e+02 2.391388161298408643e-01
8.675000000000000000e+02 2.393428377479994706e-01
8.680000000000000000e+02 2.395195353940316185e-01
8.685000000000000000e+02 2.397261286143132497e-01
8.690000000000000000e+02 2.399340793141807315e-01
8.695000000000000000e+02 2.401433973120146170e-01
8.700000000000000000e+02 2.403540925336103973e-01
8.705000000000000000e+02 2.405369343388995551e-01
8.710000000000000000e+02 2.407502937847845748e-01
8.715000000000000000e+02 2.409650599690625616e-01
8.720000000000000000e+02 2.411812432523642025e-01
8.725000000000000000e+02 2.413988541102660701e-01
8.730000000000000000e+02 2.415880627596077579e-01
8.735000000000000000e+02 2.418084355979271405e-01
8.740000000000000000e+02 2.420302671712973031e-01
8.750000000000000000e+02 2.424480160567215048e-01
8.755000000000000000e+02 2.426741610494082269e-01
8.760000000000000000e+02 2.428712273723858950e-01
8.765000000000000000e+02 2.431002573839847192e-01
8.770000000000000000e+02 2.432999803953352913e-01
8.775000000000000000e+02 2.435319376064893904e-01
8.780000000000000000e+02 2.437343561453547136e-01
8.785000000000000000e+02 2.439692836667014531e-01
8.790000000000000000e+02 2.441744374334806067e-01
8.800000000000000000e+02 2.446203089121700425e-01
8.805000000000000000e+02 2.448295789324732019e-01
8.810000000000000000e+02 2.450401989228291610e-01
8.815000000000000000e+02 2.452521785159964551e-01
8.820000000000000000e+02 2.454655274486071959e-01
8.825000000000000000e+02 2.456802555625860474e-01
8.830000000000000000e+02 2.458963728065858001e-01
8.835000000000000000e+02 2.461138892374483966e-01
8.840000000000000000e+02 2.463328150216906876e-01
8.845000000000000000e+02 2.465204007410828624e-01
8.850000000000000000e+02 2.467420415175141934e-01
8.855000000000000000e+02 2.469321058187659013e-01
8.860000000000000000e+02 2.471564995713587676e-01
8.865000000000000000e+02 2.473490770951778384e-01
8.870000000000000000e+02 2.475428623238066783e-01
8.875000000000000000e+02 2.477713887399626835e-01
8.880000000000000000e+02 2.479677396193515071e-01
8.885000000000000000e+02 2.481653234673422692e-01
8.890000000000000000e+02 2.483302423608173826e-01
8.895000000000000000e+02 2.485301883973555226e-01
8.900000000000000000e+02 2.487313916407064285e-01
8.905000000000000000e+02 2.488995804800557543e-01
8.910000000000000000e+02 2.491031924604051873e-01
8.915000000000000000e+02 2.492735579003884372e-01
8.920000000000000000e+02 2.494449632118739546e-01
8.925000000000000000e+02 2.496174147053924763e-01
8.930000000000000000e+02 2.497909187512999118e-01
8.935000000000000000e+02 2.499654817804811413e-01
8.940000000000000000e+02 2.501411102850661927e-01
8.945000000000000000e+02 2.502825787797766655e-01
8.950000000000000000e+02 2.504602354386527008e-01
8.955000000000000000e+02 2.506035146653978751e-01
8.960000000000000000e+02 2.507476530723488084e-01
8.965000000000000000e+02 2.508926552720970315e-01
8.970000000000000000e+02 2.510385259172921990e-01
8.975000000000000000e+02 2.511493880871919493e-01
8.980000000000000000e+02 2.512968992212460395e-01
8.985000000000000000e+02 2.514092054692900757e-01
8.990000000000000000e+02 2.515221915231961591e-01
8.995000000000000000e+02 2.516358604850864045e-01
9.000000000000000000e+02 2.517502154814298398e-01
9.005000000000000000e+02 2.518652596632692253e-01
9.010000000000000000e+02 2.519444449222991711e-01
9.015000000000000000e+02 2.520241472321867460e-01
9.020000000000000000e+02 2.521043684887601666e-01
9.025000000000000000e+02 2.521851106012288901e-01
9.030000000000000000e+02 2.522663754922956358e-01
9.035000000000000000e+02 2.523112231800806460e-01
9.040000000000000000e+02 2.523934568301003933e-01
9.045000000000000000e+02 2.524391284615129516e-01
9.050000000000000000e+02 2.524851810117678119e-01
9.055000000000000000e+02 2.524944103938642215e-01
9.060000000000000000e+02 2.525411614191765408e-01
9.065000000000000000e+02 2.525509754105593196e-01
9.070000000000000000e+02 2.525610578968290332e-01
9.075000000000000000e+02 2.525714092967261126e-01
9.080000000000000000e+02 2.525445781884659846e-01
9.085000000000000000e+02 2.525554188508223330e-01
9.090000000000000000e+02 2.525289955413324572e-01
9.100000000000000000e+02 2.524391316024616749e-01
9.105000000000000000e+02 2.523756437346231229e-01
9.110000000000000000e+02 2.523499072633239027e-01
9.115000000000000000e+02 2.522490895887724571e-01
9.120000000000000000e+02 2.521860230689475513e-01
9.125000000000000000e+02 2.520854589583907401e-01
9.130000000000000000e+02 2.519850227724084180e-01
9.135000000000000000e+02 2.518847143147844303e-01
9.140000000000000000e+02 2.517845333897446025e-01
9.145000000000000000e+02 2.516468709876725773e-01
9.150000000000000000e+02 2.515093590363131626e-01
9.155000000000000000e+02 2.513719972891605980e-01
9.160000000000000000e+02 2.512347855002473040e-01
9.165000000000000000e+02 2.510602144315936535e-01
9.170000000000000000e+02 2.508858514626051139e-01
9.175000000000000000e+02 2.506742812412862675e-01
9.180000000000000000e+02 2.505003714560238848e-01
9.185000000000000000e+02 2.502893473237758348e-01
9.190000000000000000e+02 2.500786232421743360e-01
9.195000000000000000e+02 2.498310057185863520e-01
9.200000000000000000e+02 2.496209351821832012e-01
9.205000000000000000e+02 2.493740977154494387e-01
9.210000000000000000e+02 2.490907098500720063e-01
9.215000000000000000e+02 2.488447932665514284e-01
9.220000000000000000e+02 2.485624853187149153e-01
9.225000000000000000e+02 2.482807595051167993e-01
9.230000000000000000e+02 2.479996140289085493e-01
9.235000000000000000e+02 2.476825159958933043e-01
9.240000000000000000e+02 2.473661875684227407e-01
9.245000000000000000e+02 2.470506258627406804e-01
9.250000000000000000e+02 2.466996271975213650e-01
9.255000000000000000e+02 2.463496133617293082e-01
9.260000000000000000e+02 2.460005799887072797e-01
9.265000000000000000e+02 2.456525227389196875e-01
9.270000000000000000e+02 2.452697306241641562e-01
9.275000000000000000e+02 2.448881581694283271e-01
9.280000000000000000e+02 2.445077991296246422e-01
9.285000000000000000e+02 2.441286473046985483e-01
9.290000000000000000e+02 2.437155385213106706e-01
9.295000000000000000e+02 2.433039030622188847e-01
9.300000000000000000e+02 2.428937323808141313e-01
9.305000000000000000e+02 2.424503145344501509e-01
9.310000000000000000e+02 2.420086488901458943e-01
9.315000000000000000e+02 2.415687240862982033e-01
9.320000000000000000e+02 2.411305288654023715e-01
9.325000000000000000e+02 2.406599971934196558e-01
9.330000000000000000e+02 2.401914990273597006e-01
9.335000000000000000e+02 2.397250198563647683e-01
9.340000000000000000e+02 2.392605453158994366e-01
9.345000000000000000e+02 2.387646960158228415e-01
9.350000000000000000e+02 2.383043536362975112e-01
9.360000000000000000e+02 2.372910073804440634e-01
9.365000000000000000e+02 2.368043381361000232e-01
9.370000000000000000e+02 2.362874547070517028e-01
9.375000000000000000e+02 2.357731644528938131e-01
9.380000000000000000e+02 2.352614457269115167e-01
9.385000000000000000e+02 2.347203813062836431e-01
9.390000000000000000e+02 2.341822231168443902e-01
9.400000000000000000e+02 2.331145216084548610e-01
9.405000000000000000e+02 2.325849271954948116e-01
9.410000000000000000e+02 2.320581368150904100e-01
9.415000000000000000e+02 2.315033884206966486e-01
9.420000000000000000e+02 2.309517769699050149e-01
9.425000000000000000e+02 2.304032728299486854e-01
9.430000000000000000e+02 2.298277087233168980e-01
9.435000000000000000e+02 2.292855234516440466e-01
9.440000000000000000e+02 2.287166126367247698e-01
9.445000000000000000e+02 2.281510802856791253e-01
9.450000000000000000e+02 2.275888928444387282e-01
9.455000000000000000e+02 2.270300172285552309e-01
9.460000000000000000e+02 2.264744208147433657e-01
9.465000000000000000e+02 2.258933179214012155e-01
9.470000000000000000e+02 2.253158213376019459e-01
9.475000000000000000e+02 2.247418936031944925e-01
9.480000000000000000e+02 2.241714978060400654e-01
9.485000000000000000e+02 2.236045975717002865e-01
9.490000000000000000e+02 2.230411570533704924e-01
9.495000000000000000e+02 2.224535739808208290e-01
9.500000000000000000e+02 2.218971359623983508e-01
9.505000000000000000e+02 2.213168700501742525e-01
9.510000000000000000e+02 2.207403031010839456e-01
9.515000000000000000e+02 2.201673956357597384e-01
9.520000000000000000e+02 2.195981087680103361e-01
9.525000000000000000e+02 2.190060005701742196e-01
9.530000000000000000e+02 2.184440270040056697e-01
9.535000000000000000e+02 2.178595360012152982e-01
9.540000000000000000e+02 2.173047188207562763e-01
9.545000000000000000e+02 2.167276819326750814e-01
9.550000000000000000e+02 2.161544064175272006e-01
9.555000000000000000e+02 2.155848512173259013e-01
9.560000000000000000e+02 2.150189759047576588e-01
9.565000000000000000e+02 2.144318384681266898e-01
9.570000000000000000e+02 2.138733835582334597e-01
9.575000000000000000e+02 2.133184889109350779e-01
9.580000000000000000e+02 2.127427556771497030e-01
9.585000000000000000e+02 2.121708630158717079e-01
9.590000000000000000e+02 2.116267663837035906e-01
9.595000000000000000e+02 2.110622487186928076e-01
9.600000000000000000e+02 2.105014469656785736e-01
9.605000000000000000e+02 2.099443201677810011e-01
9.610000000000000000e+02 2.093908280032113489e-01
9.615000000000000000e+02 2.088178027379349599e-01
9.620000000000000000e+02 2.082716295196930800e-01
9.625000000000000000e+02 2.077289717601439045e-01
9.630000000000000000e+02 2.071671703806349518e-01
9.635000000000000000e+02 2.066315929654000405e-01
9.640000000000000000e+02 2.060771270337447558e-01
9.645000000000000000e+02 2.055484757369696047e-01
9.650000000000000000e+02 2.050011858734659687e-01
9.655000000000000000e+02 2.044575071741626393e-01
9.660000000000000000e+02 2.039390428498156493e-01
9.665000000000000000e+02 2.034023083682789945e-01
9.670000000000000000e+02 2.028690690414717834e-01
9.675000000000000000e+02 2.023392867743329104e-01
9.680000000000000000e+02 2.018129240559210780e-01
9.685000000000000000e+02 2.012899439479099162e-01
9.690000000000000000e+02 2.007703100733580492e-01
9.695000000000000000e+02 2.002334198788271180e-01
9.700000000000000000e+02 1.997205184904706499e-01
9.705000000000000000e+02 1.992108558403271890e-01
9.710000000000000000e+02 1.987043977145805385e-01
9.715000000000000000e+02 1.981811284223856939e-01
9.720000000000000000e+02 1.976811192633318448e-01
9.725000000000000000e+02 1.971645174332258554e-01
9.730000000000000000e+02 1.966708202290146645e-01
9.735000000000000000e+02 1.961607445576067643e-01
9.740000000000000000e+02 1.956732263764702773e-01
9.745000000000000000e+02 1.951695397536490628e-01
9.750000000000000000e+02 1.946880715883954061e-01
9.755000000000000000e+02 1.941906409381178311e-01
9.760000000000000000e+02 1.936963568753229670e-01
9.765000000000000000e+02 1.932237936862398475e-01
9.770000000000000000e+02 1.927355717765857901e-01
9.775000000000000000e+02 1.922503994975946484e-01
9.780000000000000000e+02 1.917682449952626544e-01
9.785000000000000000e+02 1.913071720236720341e-01
9.790000000000000000e+02 1.908308332973416288e-01
9.795000000000000000e+02 1.903574209154778318e-01
9.800000000000000000e+02 1.898869048246380753e-01
9.805000000000000000e+02 1.894192554057872457e-01
9.810000000000000000e+02 1.889719268664700191e-01
9.815000000000000000e+02 1.885098040776219397e-01
9.820000000000000000e+02 1.880504628904783870e-01
9.825000000000000000e+02 1.875938753264839443e-01
9.830000000000000000e+02 1.871400138032467686e-01
9.835000000000000000e+02 1.866888511273253892e-01
9.840000000000000000e+02 1.862403604871808172e-01
9.845000000000000000e+02 1.857945154462765647e-01
9.850000000000000000e+02 1.853512899363382038e-01
9.855000000000000000e+02 1.849106582507526186e-01
9.860000000000000000e+02 1.844725950381210788e-01
9.865000000000000000e+02 1.840370752959429035e-01
9.870000000000000000e+02 1.836040743644435369e-01
9.875000000000000000e+02 1.831735679205319101e-01
9.885000000000000000e+02 1.823357619223890669e-01
9.890000000000000000e+02 1.819124938131720104e-01
9.895000000000000000e+02 1.814916271691585647e-01
9.900000000000000000e+02 1.810731392505717796e-01
9.905000000000000000e+02 1.806570076209275122e-01
9.910000000000000000e+02 1.802432101418266208e-01
9.915000000000000000e+02 1.798317249678653140e-01
9.920000000000000000e+02 1.794225305416425886e-01
9.925000000000000000e+02 1.790156055888792452e-01
9.930000000000000000e+02 1.786109291136309118e-01
9.935000000000000000e+02 1.782084803936056783e-01
9.940000000000000000e+02 1.778082389755748227e-01
9.945000000000000000e+02 1.774101846708751040e-01
9.950000000000000000e+02 1.770288642123069855e-01
9.955000000000000000e+02 1.766350343317746319e-01
9.960000000000000000e+02 1.762433333990865436e-01
9.965000000000000000e+02 1.758537422295620156e-01
9.970000000000000000e+02 1.754662418821310299e-01
9.975000000000000000e+02 1.750808136553494432e-01
9.980000000000000000e+02 1.747114804844598357e-01
9.985000000000000000e+02 1.743300560016924350e-01
9.990000000000000000e+02 1.739506497273840269e-01
9.995000000000000000e+02 1.735732438702600744e-01
1.000000000000000000e+03 1.732115292584592015e-01
1.000500000000000000e+03 1.728379894885504475e-01
1.001000000000000000e+03 1.724663988282118532e-01
1.001500000000000000e+03 1.721102077375699368e-01
1.002000000000000000e+03 1.717423846384275310e-01
1.002500000000000000e+03 1.713764611819411920e-01
1.003000000000000000e+03 1.710256538566349849e-01
1.003500000000000000e+03 1.706634029498505789e-01
1.004000000000000000e+03 1.703160849856868442e-01
1.004500000000000000e+03 1.699574456143670698e-01
1.005500000000000000e+03 1.692584719499461154e-01
1.006000000000000000e+03 1.689179611420398575e-01
1.006500000000000000e+03 1.685663674507399956e-01
1.007000000000000000e+03 1.682291770754511528e-01
1.007500000000000000e+03 1.678810202496064663e-01
1.008000000000000000e+03 1.675470965698419856e-01
1.008500000000000000e+03 1.672147522933771779e-01
1.009000000000000000e+03 1.668716115419525137e-01
1.009500000000000000e+03 1.665424562151688881e-01
1.010000000000000000e+03 1.662148429348082601e-01
1.010500000000000000e+03 1.658887597094269861e-01
1.011000000000000000e+03 1.655520997390692584e-01
1.011500000000000000e+03 1.652291061849579801e-01
1.012000000000000000e+03 1.649076069634358155e-01
1.012500000000000000e+03 1.645875906041598113e-01
1.013000000000000000e+03 1.642690457610101185e-01
1.013500000000000000e+03 1.639519612103568780e-01
1.014000000000000000e+03 1.636363258493576667e-01
1.014500000000000000e+03 1.633221286942787565e-01
1.015000000000000000e+03 1.630093588788518733e-01
1.015500000000000000e+03 1.626980056526523000e-01
1.016500000000000000e+03 1.620909145541175878e-01
1.017000000000000000e+03 1.617836882349960037e-01
1.017500000000000000e+03 1.614778370998277701e-01
1.018500000000000000e+03 1.608813951528612063e-01
1.019000000000000000e+03 1.605795511312126389e-01
1.019500000000000000e+03 1.602901057391097894e-01
1.020000000000000000e+03 1.599908660797514648e-01
1.020500000000000000e+03 1.597038954151591694e-01
1.021000000000000000e+03 1.594072231103925985e-01
1.021500000000000000e+03 1.591226922108613384e-01
1.022000000000000000e+03 1.588285509925615457e-01
1.022500000000000000e+03 1.585464255913369980e-01
1.023000000000000000e+03 1.582654643830403995e-01
1.023500000000000000e+03 1.579750264201666421e-01
1.024000000000000000e+03 1.576964209595493882e-01
