3.320000000000000000e+02 1.924449118413946280e+01
3.325000000000000000e+02 1.216634039364742392e+01
3.330000000000000000e+02 9.057927066561097362e+00
3.335000000000000000e+02 7.253064762634776841e+00
3.340000000000000000e+02 6.060160313130402265e+00
3.345000000000000000e+02 5.208634486062746483e+00
3.350000000000000000e+02 4.601494058802251708e+00
3.355000000000000000e+02 4.116038368555516413e+00
3.360000000000000000e+02 3.737817853753161224e+00
3.365000000000000000e+02 3.418494276476923055e+00
3.370000000000000000e+02 3.157002839336962907e+00
3.375000000000000000e+02 2.937763079806372080e+00
3.380000000000000000e+02 2.750535296020824028e+00
3.385000000000000000e+02 2.582257886042864659e+00
3.390000000000000000e+02 2.440836012479762562e+00
3.395000000000000000e+02 2.315432346904681360e+00
3.400000000000000000e+02 2.203287419354188259e+00
3.405000000000000000e+02 2.102267099300105357e+00
3.410000000000000000e+02 2.010690627698330957e+00
3.415000000000000000e+02 1.929742483577879364e+00
3.420000000000000000e+02 1.852988825438411924e+00
3.425000000000000000e+02 1.786415152633803682e+00
3.430000000000000000e+02 1.722613444848939190e+00
3.435000000000000000e+02 1.664924473965290863e+00
3.440000000000000000e+02 1.612424047743292066e+00
3.445000000000000000e+02 1.563006851478371928e+00
3.450000000000000000e+02 1.516411998248548665e+00
3.455000000000000000e+02 1.473553463588524792e+00
3.460000000000000000e+02 1.433953255151867889e+00
3.465000000000000000e+02 1.396233482722331498e+00
3.470000000000000000e+02 1.361182435353208486e+00
3.475000000000000000e+02 1.327649624018563124e+00
3.480000000000000000e+02 1.296337713615595133e+00
3.485000000000000000e+02 1.267009648836798341e+00
3.490000000000000000e+02 1.239462427000760592e+00
3.495000000000000000e+02 1.212870065137371167e+00
3.500000000000000000e+02 1.187807502788547742e+00
3.505000000000000000e+02 1.164131981603440336e+00
3.510000000000000000e+02 1.141718771770214635e+00
3.515000000000000000e+02 1.119941859259024008e+00
3.520000000000000000e+02 1.099274712473093718e+00
3.525000000000000000e+02 1.079625132294758316e+00
3.530000000000000000e+02 1.060911330792197571e+00
3.535000000000000000e+02 1.043060465487464228e+00
3.540000000000000000e+02 1.026007418287921746e+00
3.545000000000000000e+02 1.009693772226647024e+00
3.550000000000000000e+02 9.937013782228836245e-01
3.555000000000000000e+02 9.787295290124526925e-01
3.560000000000000000e+02 9.640179742145282837e-01
3.565000000000000000e+02 9.502114207999051709e-01
3.570000000000000000e+02 9.366165405622846052e-01
3.575000000000000000e+02 9.235335714539109064e-01
3.580000000000000000e+02 9.112155235223595717e-01
3.585000000000000000e+02 8.990530792949661398e-01
3.590000000000000000e+02 8.873157465090750762e-01
3.595000000000000000e+02 8.762336199129128200e-01
3.600000000000000000e+02 8.652658830163486581e-01
3.605000000000000000e+02 8.548931611827064181e-01
3.610000000000000000e+02 8.446134401704979977e-01
3.615000000000000000e+02 8.348765494243860497e-01
3.620000000000000000e+02 8.252149314512561284e-01
3.625000000000000000e+02 8.160506057910525968e-01
3.630000000000000000e+02 8.071483772835550408e-01
3.635000000000000000e+02 7.984958136986943789e-01
3.640000000000000000e+02 7.900812977694282591e-01
3.645000000000000000e+02 7.818939596358972510e-01
3.650000000000000000e+02 7.741027569969237687e-01
3.655000000000000000e+02 7.663348324745301587e-01
3.660000000000000000e+02 7.589350342025571461e-01
3.665000000000000000e+02 7.515514525548935287e-01
3.670000000000000000e+02 7.445109020000268973e-01
3.675000000000000000e+02 7.376370023557842215e-01
3.680000000000000000e+02 7.309231911964899631e-01
3.685000000000000000e+02 7.245120182082714910e-01
3.690000000000000000e+02 7.180964516735421910e-01
3.695000000000000000e+02 7.119651533287348899e-01
3.700000000000000000e+02 7.059644900099613096e-01
3.705000000000000000e+02 7.000898263534349741e-01
3.710000000000000000e+02 6.944689597817783611e-01
3.715000000000000000e+02 6.888303297830522531e-01
3.720000000000000000e+02 6.834316728536459218e-01
3.725000000000000000e+02 6.781372707409236700e-01
3.730000000000000000e+02 6.730650049059696549e-01
3.735000000000000000e+02 6.679666805283255293e-01
3.740000000000000000e+02 6.630794156496500058e-01
3.745000000000000000e+02 6.582792730408225657e-01
3.750000000000000000e+02 6.535636649091893791e-01
3.755000000000000000e+02 6.490398235023103757e-01
3.760000000000000000e+02 6.445915172034359930e-01
3.765000000000000000e+02 6.402166451079256415e-01
3.770000000000000000e+02 6.359131880058211950e-01
3.775000000000000000e+02 6.317811458485874665e-01
3.780000000000000000e+02 6.277131172467653730e-01
3.785000000000000000e+02 6.238059478089140741e-01
3.790000000000000000e+02 6.198593745870537575e-01
3.795000000000000000e+02 6.160673119668652609e-01
3.800000000000000000e+02 6.123299074636644468e-01
3.805000000000000000e+02 6.087380670068958111e-01
3.810000000000000000e+02 6.051954055609196637e-01
3.815000000000000000e+02 6.017008045794789428e-01
3.820000000000000000e+02 5.983412495110539409e-01
3.825000000000000000e+02 5.950249995231610134e-01
3.830000000000000000e+02 5.917511287412354770e-01
3.835000000000000000e+02 5.886030562592217130e-01
3.840000000000000000e+02 5.854932144614858336e-01
3.845000000000000000e+02 5.824208346859846008e-01
3.850000000000000000e+02 5.794660844651196019e-01
3.855000000000000000e+02 5.765451601044949692e-01
3.860000000000000000e+02 5.736574219011738585e-01
3.865000000000000000e+02 5.708800667051652233e-01
3.870000000000000000e+02 5.681326968424691426e-01
3.875000000000000000e+02 5.654907104824453690e-01
3.880000000000000000e+02 5.628758202277118761e-01
3.885000000000000000e+02 5.603617446453199591e-01
3.890000000000000000e+02 5.577988169370355909e-01
3.895000000000000000e+02 5.554066530850478856e-01
3.900000000000000000e+02 5.529648646083555885e-01
3.905000000000000000e+02 5.506173441085981946e-01
3.910000000000000000e+02 5.483614583691973632e-01
3.915000000000000000e+02 5.461252245532727256e-01
3.920000000000000000e+02 5.439083643731735807e-01
3.925000000000000000e+02 5.417787197492212048e-01
3.930000000000000000e+02 5.396665669128695164e-01
3.935000000000000000e+02 5.375716734630593407e-01
3.940000000000000000e+02 5.355600082897901126e-01
3.945000000000000000e+02 5.336295354370859112e-01
3.950000000000000000e+02 5.317132752854065725e-01
3.955000000000000000e+02 5.298110604036413429e-01
3.960000000000000000e+02 5.279866795560653747e-01
3.965000000000000000e+02 5.261749432387923253e-01
3.970000000000000000e+02 5.244386466033527094e-01
3.975000000000000000e+02 5.227137170825555401e-01
3.980000000000000000e+02 5.210000372638116106e-01
3.985000000000000000e+02 5.193590002925302374e-01
3.990000000000000000e+02 5.177891445464234410e-01
3.995000000000000000e+02 5.161677625196643415e-01
4.000000000000000000e+02 5.146767549853757950e-01
4.005000000000000000e+02 5.131939100136411191e-01
4.010000000000000000e+02 5.117191589694870535e-01
4.015000000000000000e+02 5.103115380026751469e-01
4.020000000000000000e+02 5.089111375282111549e-01
4.025000000000000000e+02 5.075179012822376157e-01
4.030000000000000000e+02 5.061898333037678777e-01
4.035000000000000000e+02 5.049258945177826918e-01
4.040000000000000000e+02 5.036676560523258850e-01
4.045000000000000000e+02 5.024150797789954659e-01
4.050000000000000000e+02 5.012249952255319885e-01
4.055000000000000000e+02 5.000399226965770438e-01
4.060000000000000000e+02 4.989161667095703412e-01
4.065000000000000000e+02 4.977968345888008073e-01
4.070000000000000000e+02 4.967377521847267108e-01
4.075000000000000000e+02 4.956825634914219236e-01
4.080000000000000000e+02 4.946866605526136218e-01
4.085000000000000000e+02 4.936941756573814954e-01
4.090000000000000000e+02 4.927050922232650287e-01
4.095000000000000000e+02 4.917742066912909049e-01
4.100000000000000000e+02 4.908463006163451547e-01
4.105000000000000000e+02 4.899758243914734690e-01
4.110000000000000000e+02 4.891079541089915494e-01
4.115000000000000000e+02 4.882968353140686446e-01
4.120000000000000000e+02 4.874879951702662528e-01
4.125000000000000000e+02 4.866814246662620747e-01
4.130000000000000000e+02 4.859308628115107109e-01
4.135000000000000000e+02 4.851822886796556822e-01
4.140000000000000000e+02 4.844892173215631925e-01
4.145000000000000000e+02 4.837978943228928852e-01
4.150000000000000000e+02 4.831616497759181339e-01
4.155000000000000000e+02 4.825269554975433195e-01
4.160000000000000000e+02 4.818938058867788810e-01
4.165000000000000000e+02 4.813153019181273251e-01
4.170000000000000000e+02 4.807381852491607321e-01
4.175000000000000000e+02 4.801624508955689152e-01
4.180000000000000000e+02 4.796410287302135256e-01
4.185000000000000000e+02 4.791208713429056520e-01
4.190000000000000000e+02 4.786548392203835434e-01
4.195000000000000000e+02 4.781899933607122177e-01
4.200000000000000000e+02 4.777263296152656769e-01
4.205000000000000000e+02 4.773166520423199333e-01
4.210000000000000000e+02 4.769081171793930207e-01
4.215000000000000000e+02 4.765007212577691553e-01
4.220000000000000000e+02 4.761472695064911109e-01
4.225000000000000000e+02 4.757949565415278692e-01
4.230000000000000000e+02 4.754966333633566800e-01
4.235000000000000000e+02 4.751994882000035725e-01
4.240000000000000000e+02 4.749035182775515063e-01
4.245000000000000000e+02 4.746087208408839020e-01
4.250000000000000000e+02 4.743680975131313593e-01
4.255000000000000000e+02 4.741287269138071414e-01
4.260000000000000000e+02 4.738906070715743768e-01
4.265000000000000000e+02 4.737069177630721106e-01
4.270000000000000000e+02 4.735246012868475352e-01
4.275000000000000000e+02 4.733436567493509717e-01
4.280000000000000000e+02 4.732175035127840212e-01
4.285000000000000000e+02 4.730928877540367949e-01
4.290000000000000000e+02 4.729698100437330632e-01
4.295000000000000000e+02 4.728482709896767444e-01
4.300000000000000000e+02 4.727820878736641030e-01
4.305000000000000000e+02 4.727176557097967358e-01
4.310000000000000000e+02 4.726549770716865773e-01
4.315000000000000000e+02 4.725940545869043441e-01
4.320000000000000000e+02 4.725891934313773413e-01
4.325000000000000000e+02 4.725863506321487106e-01
4.330000000000000000e+02 4.725855314129765450e-01
4.335000000000000000e+02 4.726414821408860267e-01
4.340000000000000000e+02 4.726448673998986938e-01
4.345000000000000000e+02 4.727053385777653660e-01
4.350000000000000000e+02 4.727681632936105993e-01
4.355000000000000000e+02 4.728887456719180760e-01
4.360000000000000000e+02 4.729564704738667968e-01
4.365000000000000000e+02 4.730823273612890234e-01
4.370000000000000000e+02 4.732109341545568393e-01
4.375000000000000000e+02 4.733423041729210579e-01
4.380000000000000000e+02 4.735327981690243271e-01
4.385000000000000000e+02 4.736699301402403917e-01
4.390000000000000000e+02 4.738666281396724522e-01
4.395000000000000000e+02 4.740665639913667628e-01
4.400000000000000000e+02 4.742697570344577840e-01
4.405000000000000000e+02 4.744762268714800557e-01
4.410000000000000000e+02 4.746859933720994351e-01
4.415000000000000000e+02 4.749569782254753347e-01
4.420000000000000000e+02 4.752317823339487490e-01
4.425000000000000000e+02 4.755104327807350151e-01
4.430000000000000000e+02 4.757929570340359571e-01
4.435000000000000000e+02 4.760793829531501098e-01
4.440000000000000000e+02 4.763697387947108952e-01
4.445000000000000000e+02 4.767235281953050019e-01
4.450000000000000000e+02 4.770220971584975267e-01
4.455000000000000000e+02 4.773847211338060892e-01
4.460000000000000000e+02 4.777519632221134405e-01
4.465000000000000000e+02 4.781238620756874114e-01
4.470000000000000000e+02 4.785004569321366086e-01
4.475000000000000000e+02 4.788817876248505079e-01
4.480000000000000000e+02 4.792678945936421631e-01
4.485000000000000000e+02 4.797207038791764799e-01
4.490000000000000000e+02 4.801168023386250261e-01
4.495000000000000000e+02 4.805803498441089117e-01
4.505000000000000000e+02 4.814611075417777331e-01
4.510000000000000000e+02 4.819413161518639743e-01
4.515000000000000000e+02 4.824273043412626860e-01
4.520000000000000000e+02 4.829191291800523644e-01
4.525000000000000000e+02 4.834168486792549402e-01
4.530000000000000000e+02 4.839205218097581418e-01
4.535000000000000000e+02 4.844956485596688123e-01
4.540000000000000000e+02 4.850117902686875704e-01
4.545000000000000000e+02 4.855340728093355263e-01
4.550000000000000000e+02 4.861291828103803114e-01
4.555000000000000000e+02 4.866643312851425818e-01
4.560000000000000000e+02 4.872732633130376634e-01
4.565000000000000000e+02 4.878215572981998704e-01
4.570000000000000000e+02 4.884446154319811439e-01
4.580000000000000000e+02 4.896438434607907619e-01
4.585000000000000000e+02 4.902889119853724997e-01
4.590000000000000000e+02 4.909416385602367594e-01
4.595000000000000000e+02 4.915315817672897825e-01
4.600000000000000000e+02 4.921994245354296416e-01
4.605000000000000000e+02 4.928751950387330605e-01
4.610000000000000000e+02 4.935589885145603706e-01
4.620000000000000000e+02 4.948781138780174449e-01
4.625000000000000000e+02 4.955860625660085672e-01
4.630000000000000000e+02 4.963024268258625638e-01
4.635000000000000000e+02 4.970273111174334235e-01
4.640000000000000000e+02 4.977608219019081237e-01
4.645000000000000000e+02 4.984276003710876868e-01
4.650000000000000000e+02 4.991781548056890561e-01
4.655000000000000000e+02 4.999376603839046362e-01
4.660000000000000000e+02 5.007062319321247124e-01
4.665000000000000000e+02 5.014063654056309938e-01
4.670000000000000000e+02 5.021928562086387382e-01
4.675000000000000000e+02 5.029887634205334468e-01
4.680000000000000000e+02 5.037149071698063807e-01
4.685000000000000000e+02 5.045294322395911246e-01
4.695000000000000000e+02 5.061069207908645007e-01
4.700000000000000000e+02 5.068689630280560632e-01
4.705000000000000000e+02 5.077221937267141216e-01
4.710000000000000000e+02 5.085028965019570135e-01
4.720000000000000000e+02 5.101761175263960224e-01
4.725000000000000000e+02 5.109854478572686265e-01
4.730000000000000000e+02 5.118043695229318457e-01
4.735000000000000000e+02 5.126330091178595838e-01
4.740000000000000000e+02 5.134714957683493841e-01
4.745000000000000000e+02 5.143199611965416640e-01
4.750000000000000000e+02 5.151785397864860894e-01
4.755000000000000000e+02 5.159588527177093598e-01
4.760000000000000000e+02 5.168373961758027102e-01
4.765000000000000000e+02 5.176366351798198373e-01
4.770000000000000000e+02 5.185356763873663066e-01
4.775000000000000000e+02 5.193543485926054304e-01
4.780000000000000000e+02 5.201826025331287573e-01
4.785000000000000000e+02 5.210205635923679246e-01
4.790000000000000000e+02 5.218683596377319267e-01
4.795000000000000000e+02 5.227261210828535454e-01
4.800000000000000000e+02 5.235939809517787813e-01
4.805000000000000000e+02 5.244720749451442510e-01
4.810000000000000000e+02 5.252645814904437493e-01
4.815000000000000000e+02 5.261628321261478947e-01
4.820000000000000000e+02 5.269743568373720377e-01
4.825000000000000000e+02 5.277952331867417080e-01
4.830000000000000000e+02 5.286255809917743687e-01
4.835000000000000000e+02 5.294655223983580905e-01
4.840000000000000000e+02 5.302150396193671122e-01
4.845000000000000000e+02 5.310738138559623067e-01
4.850000000000000000e+02 5.318410002038688189e-01
4.855000000000000000e+02 5.326168446819707913e-01
4.860000000000000000e+02 5.334014529164512464e-01
4.865000000000000000e+02 5.341949325044608177e-01
4.870000000000000000e+02 5.349973930604751127e-01
4.875000000000000000e+02 5.358089462639706868e-01
4.880000000000000000e+02 5.365239518011192255e-01
4.885000000000000000e+02 5.372468590647175857e-01
4.890000000000000000e+02 5.379777590081136207e-01
4.895000000000000000e+02 5.387167442044279442e-01
4.900000000000000000e+02 5.393554629593706462e-01
4.905000000000000000e+02 5.401101923613998990e-01
4.910000000000000000e+02 5.407634794033389092e-01
4.915000000000000000e+02 5.414238446878461009e-01
4.920000000000000000e+02 5.419803061963676116e-01
4.925000000000000000e+02 5.426543850497184129e-01
4.930000000000000000e+02 5.432234286696265846e-01
4.935000000000000000e+02 5.437985532226791152e-01
4.940000000000000000e+02 5.443798178352799999e-01
4.945000000000000000e+02 5.449672825637336127e-01
4.950000000000000000e+02 5.454462511718014550e-01
4.955000000000000000e+02 5.459303388019459691e-01
4.960000000000000000e+02 5.464195896716467216e-01
4.965000000000000000e+02 5.467976597297581343e-01
4.970000000000000000e+02 5.472967920819696852e-01
4.975000000000000000e+02 5.476837418332617391e-01
4.980000000000000000e+02 5.479570196554656158e-01
4.985000000000000000e+02 5.483519605513141881e-01
4.990000000000000000e+02 5.486323325391089245e-01
4.995000000000000000e+02 5.489160656275916539e-01
5.000000000000000000e+02 5.492031804832517849e-01
5.005000000000000000e+02 5.493735716677378145e-01
5.010000000000000000e+02 5.495465609641597693e-01
5.015000000000000000e+02 5.497221605074923412e-01
5.020000000000000000e+02 5.497792162881229849e-01
5.025000000000000000e+02 5.498382322880528417e-01
5.030000000000000000e+02 5.498992144506099633e-01
5.035000000000000000e+02 5.499621687894888922e-01
5.040000000000000000e+02 5.499048265607828778e-01
5.045000000000000000e+02 5.498489488453038865e-01
5.050000000000000000e+02 5.496719116625027324e-01
5.055000000000000000e+02 5.494959891555606379e-01
5.060000000000000000e+02 5.493211806544576747e-01
5.065000000000000000e+02 5.490245411498080319e-01
5.070000000000000000e+02 5.488518229569746554e-01
5.075000000000000000e+02 5.484340410930819143e-01
5.080000000000000000e+02 5.481401766469951031e-01
5.085000000000000000e+02 5.477241732618316483e-01
5.090000000000000000e+02 5.471861337989025742e-01
5.095000000000000000e+02 5.467719689011428796e-01
5.100000000000000000e+02 5.461132198110615343e-01
5.105000000000000000e+02 5.455783390864670235e-01
5.110000000000000000e+02 5.449221325570910990e-01
5.115000000000000000e+02 5.442672942401131086e-01
5.120000000000000000e+02 5.434919418734104335e-01
5.125000000000000000e+02 5.427184417718147191e-01
5.130000000000000000e+02 5.419467877388414179e-01
5.135000000000000000e+02 5.410560421905714623e-01
5.140000000000000000e+02 5.401677848830668260e-01
5.145000000000000000e+02 5.391618944459782847e-01
5.150000000000000000e+02 5.381592865759895483e-01
5.155000000000000000e+02 5.371599456556889196e-01
5.160000000000000000e+02 5.360451644741411892e-01
5.165000000000000000e+02 5.348164937964983157e-01
5.170000000000000000e+02 5.337106049977984323e-01
5.175000000000000000e+02 5.324918893155069499e-01
5.180000000000000000e+02 5.311620949884132692e-01
5.185000000000000000e+02 5.298387426925482702e-01
5.190000000000000000e+02 5.285217834328675979e-01
5.195000000000000000e+02 5.270969163290426529e-01
5.200000000000000000e+02 5.256797160285194837e-01
5.205000000000000000e+02 5.241573796996603640e-01
5.210000000000000000e+02 5.226440722280470963e-01
5.215000000000000000e+02 5.211397072763814808e-01
5.220000000000000000e+02 5.195338624508469838e-01
5.225000000000000000e+02 5.179383807036641585e-01
5.230000000000000000e+02 5.162445398279955633e-01
5.235000000000000000e+02 5.145625392918767860e-01
5.240000000000000000e+02 5.128922435789408096e-01
5.245000000000000000e+02 5.111275873108600543e-01
5.250000000000000000e+02 5.092711885683325335e-01
5.255000000000000000e+02 5.075336844171687289e-01
5.260000000000000000e+02 5.057059642495523866e-01
5.265000000000000000e+02 5.037907025155141660e-01
5.270000000000000000e+02 5.018917101621453991e-01
5.275000000000000000e+02 5.000087581529394365e-01
5.280000000000000000e+02 4.980425401484239178e-01
5.285000000000000000e+02 4.960938760645093315e-01
5.290000000000000000e+02 4.941625056077668665e-01
5.295000000000000000e+02 4.921521317320830535e-01
5.300000000000000000e+02 4.900655638088167732e-01
5.305000000000000000e+02 4.880934421772114007e-01
5.310000000000000000e+02 4.860465767968851214e-01
5.315000000000000000e+02 4.839277595917230723e-01
5.320000000000000000e+02 4.819213606205076661e-01
5.325000000000000000e+02 4.798444022157746791e-01
5.330000000000000000e+02 4.776996444779557094e-01
5.335000000000000000e+02 4.755775168937150799e-01
5.340000000000000000e+02 4.734776208949696974e-01
5.345000000000000000e+02 4.713995677786745331e-01
5.350000000000000000e+02 4.692584052895825697e-01
5.355000000000000000e+02 4.671403407424682408e-01
5.360000000000000000e+02 4.649624626652015813e-01
5.365000000000000000e+02 4.628903428581632173e-01
5.370000000000000000e+02 4.606791373071469353e-01
5.375000000000000000e+02 4.585727963047196987e-01
5.380000000000000000e+02 4.564109822117248805e-01
5.385000000000000000e+02 4.542736703063030013e-01
5.390000000000000000e+02 4.521603965215539311e-01
5.395000000000000000e+02 4.499952325334678482e-01
5.400000000000000000e+02 4.478551289027648541e-01
5.405000000000000000e+02 4.457396008321202197e-01
5.410000000000000000e+02 4.436481766819345696e-01
5.415000000000000000e+02 4.415087476514965026e-01
5.420000000000000000e+02 4.393943535471712680e-01
5.425000000000000000e+02 4.373045047094444859e-01
5.430000000000000000e+02 4.351698617620139986e-01
5.435000000000000000e+02 4.331285678443811960e-01
5.440000000000000000e+02 4.310433240914328668e-01
5.445000000000000000e+02 4.289825020075667128e-01
5.450000000000000000e+02 4.268803045799900997e-01
5.460000000000000000e+02 4.228145752999650786e-01
5.465000000000000000e+02 4.207856193899907615e-01
5.470000000000000000e+02 4.187184655273679112e-01
5.475000000000000000e+02 4.167373241541749151e-01
5.480000000000000000e+02 4.147186708451848780e-01
5.485000000000000000e+02 4.127239533828949702e-01
5.490000000000000000e+02 4.107526974424532962e-01
5.495000000000000000e+02 4.088044418766327848e-01
5.500000000000000000e+02 4.068215404949970249e-01
5.505000000000000000e+02 4.049186870560452789e-01
5.510000000000000000e+02 4.029817913971326937e-01
5.515000000000000000e+02 4.010675941590626237e-01
5.520000000000000000e+02 3.991756508810341275e-01
5.525000000000000000e+02 3.973055293045137382e-01
5.530000000000000000e+02 3.954039415958719439e-01
5.535000000000000000e+02 3.935768851429464754e-01
5.540000000000000000e+02 3.917188940673241859e-01
5.545000000000000000e+02 3.898824082269627955e-01
5.550000000000000000e+02 3.880670118134553759e-01
5.555000000000000000e+02 3.862723002916852999e-01
5.560000000000000000e+02 3.844978800084305481e-01
5.565000000000000000e+02 3.826950741555320556e-01
5.570000000000000000e+02 3.809606998224254748e-01
5.575000000000000000e+02 3.791984046873219105e-01
5.580000000000000000e+02 3.775025768637603196e-01
5.585000000000000000e+02 3.757792853183058446e-01
5.590000000000000000e+02 3.740752424047245617e-01
5.595000000000000000e+02 3.723900891406714542e-01
5.600000000000000000e+02 3.707234759352543985e-01
5.605000000000000000e+02 3.690750622742878795e-01
5.610000000000000000e+02 3.674013835659034610e-01
5.615000000000000000e+02 3.657889040285646765e-01
5.620000000000000000e+02 3.641936442441804367e-01
5.625000000000000000e+02 3.625737161624447702e-01
5.635000000000000000e+02 3.594269591898341942e-01
5.640000000000000000e+02 3.578584352933800727e-01
5.645000000000000000e+02 3.563066003767934031e-01
5.655000000000000000e+02 3.532905055394506277e-01
5.660000000000000000e+02 3.517865349863061875e-01
5.665000000000000000e+02 3.502981199514617061e-01
5.670000000000000000e+02 3.488249921186833413e-01
5.675000000000000000e+02 3.473299726257574327e-01
5.680000000000000000e+02 3.458870626409978333e-01
5.685000000000000000e+02 3.444586656528142443e-01
5.690000000000000000e+02 3.430445383372470181e-01
5.695000000000000000e+02 3.416444431003819449e-01
5.700000000000000000e+02 3.402232827680843341e-01
5.705000000000000000e+02 3.388509478712045664e-01
5.710000000000000000e+02 3.374919583548492974e-01
5.715000000000000000e+02 3.361123849673905428e-01
5.720000000000000000e+02 3.347798099464398547e-01
5.725000000000000000e+02 3.334599402154411751e-01
5.730000000000000000e+02 3.321199552834772639e-01
5.735000000000000000e+02 3.308252446856728146e-01
5.740000000000000000e+02 3.295107258340761458e-01
5.745000000000000000e+02 3.282403800570592445e-01
5.750000000000000000e+02 3.269505273935159329e-01
5.755000000000000000e+02 3.257037871560323761e-01
5.760000000000000000e+02 3.244378358623618563e-01
5.765000000000000000e+02 3.232139749437177856e-01
5.770000000000000000e+02 3.219711933145754656e-01
5.775000000000000000e+02 3.207695167181213725e-01
5.780000000000000000e+02 3.195492043323616693e-01
5.785000000000000000e+02 3.183690465723862384e-01
5.790000000000000000e+02 3.171705325865827874e-01
5.795000000000000000e+02 3.160112560889366540e-01
5.800000000000000000e+02 3.148338976435223757e-01
5.805000000000000000e+02 3.136948912511454690e-01
5.810000000000000000e+02 3.125656614825296220e-01
5.815000000000000000e+02 3.114187495557849128e-01
5.820000000000000000e+02 3.103089237897843633e-01
5.825000000000000000e+02 3.091816773110230288e-01
5.830000000000000000e+02 3.080907043433918080e-01
5.835000000000000000e+02 3.070088308402084132e-01
5.840000000000000000e+02 3.059099176437733436e-01
5.845000000000000000e+02 3.048461145934940331e-01
5.850000000000000000e+02 3.037910369370286912e-01
5.855000000000000000e+02 3.027445659865167782e-01
5.860000000000000000e+02 3.016815453812111136e-01
5.865000000000000000e+02 3.006521737472787059e-01
5.870000000000000000e+02 2.996310628777433815e-01
5.875000000000000000e+02 2.986181029095467121e-01
5.880000000000000000e+02 2.976131860367318693e-01
5.885000000000000000e+02 2.966162064609191851e-01
5.890000000000000000e+02 2.956270603432225030e-01
5.895000000000000000e+02 2.946456457575828414e-01
5.900000000000000000e+02 2.936718626454475345e-01
5.905000000000000000e+02 2.927056127717641565e-01
5.910000000000000000e+02 2.917467996822332155e-01
5.915000000000000000e+02 2.908179773857267336e-01
5.920000000000000000e+02 2.898735554420258653e-01
5.925000000000000000e+02 2.889362938665431813e-01
5.930000000000000000e+02 2.880281652774679402e-01
5.935000000000000000e+02 2.871047644912383956e-01
5.940000000000000000e+02 2.862099480320413614e-01
5.945000000000000000e+02 2.853000713647831921e-01
5.950000000000000000e+02 2.844182458974908734e-01
5.955000000000000000e+02 2.835215681368235541e-01
5.960000000000000000e+02 2.826524233888718651e-01
5.965000000000000000e+02 2.817894195430456494e-01
5.970000000000000000e+02 2.809118663742150579e-01
5.975000000000000000e+02 2.800610993461001841e-01
5.980000000000000000e+02 2.792162600110965065e-01
5.985000000000000000e+02 2.783772803085065584e-01
5.990000000000000000e+02 2.775440932789063897e-01
5.995000000000000000e+02 2.767166330411998665e-01
6.000000000000000000e+02 2.758948347702462334e-01
6.005000000000000000e+02 2.750981163542927099e-01
6.010000000000000000e+02 2.742872969828216712e-01
6.015000000000000000e+02 2.734819530672505383e-01
6.020000000000000000e+02 2.727010514015760778e-01
6.025000000000000000e+02 2.719063275340657393e-01
6.030000000000000000e+02 2.711356363838322570e-01
6.035000000000000000e+02 2.703513036362738542e-01
6.040000000000000000e+02 2.695906043320336898e-01
6.045000000000000000e+02 2.688347518553746429e-01
6.050000000000000000e+02 2.680836955476155747e-01
6.055000000000000000e+02 2.673193463226180566e-01
6.060000000000000000e+02 2.665778670722918631e-01
6.065000000000000000e+02 2.658410349554517493e-01
6.070000000000000000e+02 2.651264446594644997e-01
6.075000000000000000e+02 2.643986349495822119e-01
6.080000000000000000e+02 2.636753326454163160e-01
6.085000000000000000e+02 2.629564920263646188e-01
6.090000000000000000e+02 2.622592052773791149e-01
6.095000000000000000e+02 2.615490296180720819e-01
6.100000000000000000e+02 2.608600782994681677e-01
6.105000000000000000e+02 2.601751747155480188e-01
6.110000000000000000e+02 2.594776193371803874e-01
6.115000000000000000e+02 2.588008104291169564e-01
6.120000000000000000e+02 2.581279331779521846e-01
6.125000000000000000e+02 2.574589503271098589e-01
6.130000000000000000e+02 2.567938251176147268e-01
6.135000000000000000e+02 2.561325212795138584e-01
6.140000000000000000e+02 2.554750030234811953e-01
6.145000000000000000e+02 2.548371140188931960e-01
6.150000000000000000e+02 2.541869542419132877e-01
6.155000000000000000e+02 2.535561455343793846e-01
6.160000000000000000e+02 2.529132108746611762e-01
6.165000000000000000e+02 2.522893549413312564e-01
6.170000000000000000e+02 2.516688786626237184e-01
6.175000000000000000e+02 2.510517523204887080e-01
6.180000000000000000e+02 2.504379465650316550e-01
6.185000000000000000e+02 2.498274324086185438e-01
6.190000000000000000e+02 2.492201812201067512e-01
6.195000000000000000e+02 2.486161647191785784e-01
6.200000000000000000e+02 2.480153549707946881e-01
6.205000000000000000e+02 2.474324177526932844e-01
6.210000000000000000e+02 2.468378464805625894e-01
6.215000000000000000e+02 2.462609130612574415e-01
6.220000000000000000e+02 2.456868999795953634e-01
6.225000000000000000e+02 2.451014465079845439e-01
6.230000000000000000e+02 2.445332891996775670e-01
6.235000000000000000e+02 2.439679806919673177e-01
6.240000000000000000e+02 2.434054979418060760e-01
6.245000000000000000e+02 2.428598139337020678e-01
6.250000000000000000e+02 2.423028312095501791e-01
6.255000000000000000e+02 2.417486074025378961e-01
6.260000000000000000e+02 2.412108709340146928e-01
6.265000000000000000e+02 2.406620178676471267e-01
6.270000000000000000e+02 2.401294503752188503e-01
6.275000000000000000e+02 2.395993987357303290e-01
6.280000000000000000e+02 2.390718438807208079e-01
6.285000000000000000e+02 2.385467669449382322e-01
6.290000000000000000e+02 2.380241492635376543e-01
6.295000000000000000e+02 2.375039723693312399e-01
6.300000000000000000e+02 2.369862179900813770e-01
6.305000000000000000e+02 2.364839343925893844e-01
6.310000000000000000e+02 2.359708980785008847e-01
6.315000000000000000e+02 2.354731547844353956e-01
6.320000000000000000e+02 2.349776223469303704e-01
6.325000000000000000e+02 2.344842851070063627e-01
6.330000000000000000e+02 2.339931275613859607e-01
6.335000000000000000e+02 2.335041343604920550e-01
6.340000000000000000e+02 2.330172903064780254e-01
6.345000000000000000e+02 2.325325803512885703e-01
6.350000000000000000e+02 2.320624415783683614e-01
6.355000000000000000e+02 2.315818896186985776e-01
6.360000000000000000e+02 2.311157514890240239e-01
6.365000000000000000e+02 2.306515621782304348e-01
6.370000000000000000e+02 2.301893087800363225e-01
6.375000000000000000e+02 2.297289785079170976e-01
6.380000000000000000e+02 2.292705586936681639e-01
6.385000000000000000e+02 2.288140367859893831e-01
6.395000000000000000e+02 2.279185355229679522e-01
6.400000000000000000e+02 2.274794152312800410e-01
6.405000000000000000e+02 2.270302439931442262e-01
6.410000000000000000e+02 2.265946366083638475e-01
6.415000000000000000e+02 2.261607410638496740e-01
6.420000000000000000e+02 2.257285467809040380e-01
6.425000000000000000e+02 2.253096048800154183e-01
6.430000000000000000e+02 2.248807269494535466e-01
6.435000000000000000e+02 2.244535194628888286e-01
6.440000000000000000e+02 2.240393725746127884e-01
6.445000000000000000e+02 2.236267704040836857e-01
6.450000000000000000e+02 2.232157039533156362e-01
6.455000000000000000e+02 2.228061642973706291e-01
6.460000000000000000e+02 2.223981425835908354e-01
6.465000000000000000e+02 2.219916300308445445e-01
6.470000000000000000e+02 2.215866179287762361e-01
6.475000000000000000e+02 2.211941452559671728e-01
6.480000000000000000e+02 2.208030589903455521e-01
6.485000000000000000e+02 2.204023985229790206e-01
6.490000000000000000e+02 2.200141092235325946e-01
6.495000000000000000e+02 2.196271834458192185e-01
6.500000000000000000e+02 2.192524270531730213e-01
6.505000000000000000e+02 2.188681601127005494e-01
6.510000000000000000e+02 2.184852348912911524e-01
6.515000000000000000e+02 2.181143220730678844e-01
6.520000000000000000e+02 2.177446479858487771e-01
6.525000000000000000e+02 2.173762062707175202e-01
6.530000000000000000e+02 2.170089906139081593e-01
6.535000000000000000e+02 2.166429947463935080e-01
6.540000000000000000e+02 2.162782124434760589e-01
6.545000000000000000e+02 2.159250608953497130e-01
6.550000000000000000e+02 2.155626453407741838e-01
6.555000000000000000e+02 2.152117667948066360e-01
6.560000000000000000e+02 2.148619965167722912e-01
6.565000000000000000e+02 2.145133291726074032e-01
6.570000000000000000e+02 2.141657594635881789e-01
6.575000000000000000e+02 2.138294681409206033e-01
6.580000000000000000e+02 2.134840391338759802e-01
6.585000000000000000e+02 2.131498025972699828e-01
6.590000000000000000e+02 2.128165679515064135e-01
6.595000000000000000e+02 2.124742935605667682e-01
6.600000000000000000e+02 2.121530862152115615e-01
6.605000000000000000e+02 2.118228301361171351e-01
6.610000000000000000e+02 2.114935579702937329e-01
6.615000000000000000e+02 2.111751598557021492e-01
6.620000000000000000e+02 2.108576672818023579e-01
6.625000000000000000e+02 2.105410763938523333e-01
6.630000000000000000e+02 2.102253833594426857e-01
6.635000000000000000e+02 2.099105843683300998e-01
6.640000000000000000e+02 2.095966756322729663e-01
6.645000000000000000e+02 2.092933482978500681e-01
6.650000000000000000e+02 2.089811758037875555e-01
6.655000000000000000e+02 2.086795131727065544e-01
6.660000000000000000e+02 2.083786622364294239e-01
6.665000000000000000e+02 2.080881899701705895e-01
6.670000000000000000e+02 2.077889219042673985e-01
6.675000000000000000e+02 2.074999662818097501e-01
6.680000000000000000e+02 2.072022688211984098e-01
6.685000000000000000e+02 2.069148181664568764e-01
6.690000000000000000e+02 2.066281012828716512e-01
6.695000000000000000e+02 2.063421154200868468e-01
6.700000000000000000e+02 2.060662243628722523e-01
6.705000000000000000e+02 2.057816639600267283e-01
6.710000000000000000e+02 2.055071379181505897e-01
6.715000000000000000e+02 2.052332773582635217e-01
6.720000000000000000e+02 2.049600799337607249e-01
6.725000000000000000e+02 2.046875433090493968e-01
6.730000000000000000e+02 2.044248721140688729e-01
6.735000000000000000e+02 2.041628061161418484e-01
6.740000000000000000e+02 2.038921857338202859e-01
6.745000000000000000e+02 2.036313486630829672e-01
6.755000000000000000e+02 2.031205540269606646e-01
6.760000000000000000e+02 2.028614840399075858e-01
6.765000000000000000e+02 2.026120444825474098e-01
6.770000000000000000e+02 2.023631494678424236e-01
6.775000000000000000e+02 2.021147972968348749e-01
6.780000000000000000e+02 2.018669862775092361e-01
6.785000000000000000e+02 2.016286631559257581e-01
6.790000000000000000e+02 2.013908345482253448e-01
6.795000000000000000e+02 2.011445923437094330e-01
6.800000000000000000e+02 2.009077691900678364e-01
6.805000000000000000e+02 2.006803012798037966e-01
6.810000000000000000e+02 2.004444362267644442e-01
6.815000000000000000e+02 2.002178837759437113e-01
6.820000000000000000e+02 1.999829713494521155e-01
6.825000000000000000e+02 1.997573291498759285e-01
6.830000000000000000e+02 1.995408987419855784e-01
6.835000000000000000e+02 1.993161237201213631e-01
6.840000000000000000e+02 1.990917899790269896e-01
6.845000000000000000e+02 1.988766090973906331e-01
6.850000000000000000e+02 1.986618308561953483e-01
6.855000000000000000e+02 1.984474541967578554e-01
6.860000000000000000e+02 1.982421401475884248e-01
6.865000000000000000e+02 1.980285462177253653e-01
6.870000000000000000e+02 1.978239797138479916e-01
6.875000000000000000e+02 1.976197776378455229e-01
6.880000000000000000e+02 1.974159390781625167e-01
6.885000000000000000e+02 1.972124631261770733e-01
6.890000000000000000e+02 1.970179161385670619e-01
6.895000000000000000e+02 1.968151470226038591e-01
6.900000000000000000e+02 1.966212751623684640e-01
6.905000000000000000e+02 1.964277325060572454e-01
6.910000000000000000e+02 1.962430284625159560e-01
6.915000000000000000e+02 1.960501276705576279e-01
6.920000000000000000e+02 1.958660369545105473e-01
6.930000000000000000e+02 1.954987524002800015e-01
6.935000000000000000e+02 1.953155571860744899e-01
6.940000000000000000e+02 1.951326590998848642e-01
6.945000000000000000e+02 1.949584782864113575e-01
6.950000000000000000e+02 1.947845692360491432e-01
6.955000000000000000e+02 1.946109313417093145e-01
6.960000000000000000e+02 1.944375639980765458e-01
6.965000000000000000e+02 1.942644666016016541e-01
6.970000000000000000e+02 1.941000042007377246e-01
6.975000000000000000e+02 1.939357893829764812e-01
6.980000000000000000e+02 1.937718216075024480e-01
6.985000000000000000e+02 1.936081003350589580e-01
6.990000000000000000e+02 1.934446250279404367e-01
6.995000000000000000e+02 1.932897126406293575e-01
7.000000000000000000e+02 1.931267178141244101e-01
7.005000000000000000e+02 1.929722664858773140e-01
7.015000000000000000e+02 1.926723233093335652e-01
7.020000000000000000e+02 1.925185386034043711e-01
7.025000000000000000e+02 1.923732457106925031e-01
7.030000000000000000e+02 1.922281607857519725e-01
7.035000000000000000e+02 1.920832833848356291e-01
7.040000000000000000e+02 1.919386130654569533e-01
7.045000000000000000e+02 1.917941493863851987e-01
7.050000000000000000e+02 1.916581251669622343e-01
7.055000000000000000e+02 1.915222937529530434e-01
7.060000000000000000e+02 1.913866547347144176e-01
7.065000000000000000e+02 1.912512077037627489e-01
7.070000000000000000e+02 1.911159522527699772e-01
7.075000000000000000e+02 1.909808879755595379e-01
7.080000000000000000e+02 1.908542141215843202e-01
7.085000000000000000e+02 1.907277203404825205e-01
7.090000000000000000e+02 1.906014062515989094e-01
7.095000000000000000e+02 1.904752714753509268e-01
7.100000000000000000e+02 1.903493156332251857e-01
7.105000000000000000e+02 1.902317168212490917e-01
7.110000000000000000e+02 1.901061132433558287e-01
7.115000000000000000e+02 1.899888582900309819e-01
7.120000000000000000e+02 1.898717731318638746e-01
7.125000000000000000e+02 1.897548574139185373e-01
7.130000000000000000e+02 1.896381107822573409e-01
7.135000000000000000e+02 1.895296922809380780e-01
7.140000000000000000e+02 1.894132796045972511e-01
7.145000000000000000e+02 1.893051893256814944e-01
7.150000000000000000e+02 1.891972617137659962e-01
7.155000000000000000e+02 1.890894964363694641e-01
7.160000000000000000e+02 1.889818931619472731e-01
7.165000000000000000e+02 1.888825997487096620e-01
7.170000000000000000e+02 1.887753176403888788e-01
7.175000000000000000e+02 1.886763423262078909e-01
7.180000000000000000e+02 1.885775253062850765e-01
7.190000000000000000e+02 1.883803649094338561e-01
7.195000000000000000e+02 1.882820209148401147e-01
7.200000000000000000e+02 1.881838339791670200e-01
7.205000000000000000e+02 1.880939475839392416e-01
7.210000000000000000e+02 1.879960733233337900e-01
7.215000000000000000e+02 1.879064992387703692e-01
7.220000000000000000e+02 1.878170812570616743e-01
7.225000000000000000e+02 1.877278190940242508e-01
7.230000000000000000e+02 1.876387124663309591e-01
7.235000000000000000e+02 1.875497610915070057e-01
7.240000000000000000e+02 1.874691139271012774e-01
7.245000000000000000e+02 1.873804730203895985e-01
7.250000000000000000e+02 1.873001386777985444e-01
7.255000000000000000e+02 1.872118071478646451e-01
7.260000000000000000e+02 1.871317845700133375e-01
7.265000000000000000e+02 1.870519185434256493e-01
7.270000000000000000e+02 1.869722088147943995e-01
7.275000000000000000e+02 1.869008179142016002e-01
7.280000000000000000e+02 1.868214221782346640e-01
7.285000000000000000e+02 1.867421819940744687e-01
7.290000000000000000e+02 1.866712676769462509e-01
7.295000000000000000e+02 1.865923400279650424e-01
7.300000000000000000e+02 1.865217434262382845e-01
7.305000000000000000e+02 1.864513070889507185e-01
7.310000000000000000e+02 1.863810307993258586e-01
7.315000000000000000e+02 1.863109143414574953e-01
7.320000000000000000e+02 1.862409575003058371e-01
7.325000000000000000e+02 1.861711600616959006e-01
7.330000000000000000e+02 1.861097205202421889e-01
7.335000000000000000e+02 1.860402448162880307e-01
7.345000000000000000e+02 1.859099802875576191e-01
7.350000000000000000e+02 1.858491995646847084e-01
7.360000000000000000e+02 1.857199125154190555e-01
7.365000000000000000e+02 1.856596264484169923e-01
7.370000000000000000e+02 1.855995065701651625e-01
7.375000000000000000e+02 1.855395527142434109e-01
7.385000000000000000e+02 1.854283929260911457e-01
7.390000000000000000e+02 1.853689411840960533e-01
7.395000000000000000e+02 1.853096548229877238e-01
7.400000000000000000e+02 1.852588006840275026e-01
7.405000000000000000e+02 1.851998496830822571e-01
7.410000000000000000e+02 1.851493421151857721e-01
7.415000000000000000e+02 1.850990108692922576e-01
7.420000000000000000e+02 1.850405643938521638e-01
7.425000000000000000e+02 1.849905789809389023e-01
7.430000000000000000e+02 1.849407695531877782e-01
7.435000000000000000e+02 1.848911360068408727e-01
7.440000000000000000e+02 1.848416782392305335e-01
7.445000000000000000e+02 1.847923961487822064e-01
7.450000000000000000e+02 1.847432896350110487e-01
7.455000000000000000e+02 1.846943585985248715e-01
7.460000000000000000e+02 1.846456029410208921e-01
7.465000000000000000e+02 1.845970225652872609e-01
7.470000000000000000e+02 1.845486173752032832e-01
7.475000000000000000e+02 1.845087511856530471e-01
7.480000000000000000e+02 1.844607027876977445e-01
7.485000000000000000e+02 1.844128293133117102e-01
7.490000000000000000e+02 1.843735161270161904e-01
7.495000000000000000e+02 1.843259989922607922e-01
7.500000000000000000e+02 1.842870569158095162e-01
7.505000000000000000e+02 1.842398958446543056e-01
7.510000000000000000e+02 1.842013246961044237e-01
7.515000000000000000e+02 1.841545194219463832e-01
7.520000000000000000e+02 1.841163190293251539e-01
7.525000000000000000e+02 1.840783080956736317e-01
7.530000000000000000e+02 1.840320394963136097e-01
7.535000000000000000e+02 1.839943991033748116e-01
7.540000000000000000e+02 1.839569481042484522e-01
7.545000000000000000e+02 1.839112156982900814e-01
7.550000000000000000e+02 1.838741350476210679e-01
7.555000000000000000e+02 1.838372437374483637e-01
7.560000000000000000e+02 1.838005417612474102e-01
7.565000000000000000e+02 1.837555259453884093e-01
7.570000000000000000e+02 1.837191941135024598e-01
7.575000000000000000e+02 1.836830515782021944e-01
7.580000000000000000e+02 1.836470983383954592e-01
7.585000000000000000e+02 1.836113343943752696e-01
7.595000000000000000e+02 1.835318212114098735e-01
7.600000000000000000e+02 1.834966165058877496e-01
7.605000000000000000e+02 1.834616010846108480e-01
7.610000000000000000e+02 1.834267749547347504e-01
7.615000000000000000e+02 1.833921381248113935e-01
7.620000000000000000e+02 1.833490952675330687e-01
7.625000000000000000e+02 1.833148282733265411e-01
7.630000000000000000e+02 1.832807505860978292e-01
7.635000000000000000e+02 1.832468622199153463e-01
7.640000000000000000e+02 1.832131631902545743e-01
7.645000000000000000e+02 1.831710153849371026e-01
7.650000000000000000e+02 1.831376861518307919e-01
7.655000000000000000e+02 1.831045462826592640e-01
7.660000000000000000e+02 1.830629322663325509e-01
7.665000000000000000e+02 1.830301621812638890e-01
7.670000000000000000e+02 1.829975814997422401e-01
7.675000000000000000e+02 1.829565010803768099e-01
7.680000000000000000e+02 1.829242901941795507e-01
7.685000000000000000e+02 1.828835628705647587e-01
7.690000000000000000e+02 1.828517217826748364e-01
7.695000000000000000e+02 1.828113474624477874e-01
7.700000000000000000e+02 1.827798761862155508e-01
7.705000000000000000e+02 1.827398547867487844e-01
7.710000000000000000e+02 1.827087533459197388e-01
7.715000000000000000e+02 1.826690847943455154e-01
7.720000000000000000e+02 1.826295887407906049e-01
7.725000000000000000e+02 1.825902651470975580e-01
7.730000000000000000e+02 1.825598941353798188e-01
7.735000000000000000e+02 1.825209232244077995e-01
7.740000000000000000e+02 1.824821246886690618e-01
7.745000000000000000e+02 1.824434984945458027e-01
7.750000000000000000e+02 1.824050446095417111e-01
7.755000000000000000e+02 1.823579432459461747e-01
7.760000000000000000e+02 1.823198258967435037e-01
7.765000000000000000e+02 1.822818807424040066e-01
7.770000000000000000e+02 1.822441077548494770e-01
7.775000000000000000e+02 1.821976565809801663e-01
7.780000000000000000e+02 1.821602197662264833e-01
7.785000000000000000e+02 1.821140900393840856e-01
7.790000000000000000e+02 1.820681176395424761e-01
7.795000000000000000e+02 1.820311806549273492e-01
7.800000000000000000e+02 1.819855292779059552e-01
7.805000000000000000e+02 1.819400349908123771e-01
7.810000000000000000e+02 1.818946977101961182e-01
7.815000000000000000e+02 1.818495173534951381e-01
7.820000000000000000e+02 1.818044938390376564e-01
7.825000000000000000e+02 1.817507088706467322e-01
7.830000000000000000e+02 1.817059920594810973e-01
7.840000000000000000e+02 1.816080911784734853e-01
7.845000000000000000e+02 1.815548949268916412e-01
7.850000000000000000e+02 1.815018429501321084e-01
7.855000000000000000e+02 1.814489351219809310e-01
7.860000000000000000e+02 1.813961713169525425e-01
7.865000000000000000e+02 1.813435514102895163e-01
7.870000000000000000e+02 1.812910752779610668e-01
7.875000000000000000e+02 1.812387427966622444e-01
7.880000000000000000e+02 1.811775762238794496e-01
7.885000000000000000e+02 1.811165439408309041e-01
7.895000000000000000e+02 1.810038705655900027e-01
7.905000000000000000e+02 1.808737545163805194e-01
7.910000000000000000e+02 1.808133912952980538e-01
7.915000000000000000e+02 1.807441587632791780e-01
7.920000000000000000e+02 1.806840582191040767e-01
7.925000000000000000e+02 1.806150819291861831e-01
7.930000000000000000e+02 1.805462323597687435e-01
7.935000000000000000e+02 1.804775093272937281e-01
7.940000000000000000e+02 1.804089126487748718e-01
7.945000000000000000e+02 1.803314258276641768e-01
7.950000000000000000e+02 1.802630790038640407e-01
7.955000000000000000e+02 1.801858386421607838e-01
7.960000000000000000e+02 1.801087208541686246e-01
7.965000000000000000e+02 1.800317254379211196e-01
7.975000000000000000e+02 1.798690802455859272e-01
7.980000000000000000e+02 1.797834301728905015e-01
7.985000000000000000e+02 1.797069207270319546e-01
7.990000000000000000e+02 1.796215129098135133e-01
7.995000000000000000e+02 1.795272090326905101e-01
8.000000000000000000e+02 1.794420442932121718e-01
8.005000000000000000e+02 1.793570003493916709e-01
8.010000000000000000e+02 1.792630637803355742e-01
8.015000000000000000e+02 1.791692508160920849e-01
8.020000000000000000e+02 1.790755612291121956e-01
8.025000000000000000e+02 1.789729904309467490e-01
8.030000000000000000e+02 1.788795493229819455e-01
8.035000000000000000e+02 1.787772329527287929e-01
8.040000000000000000e+02 1.786750454412551758e-01
8.045000000000000000e+02 1.785729865487566959e-01
8.050000000000000000e+02 1.784710560360244502e-01
8.055000000000000000e+02 1.783602732576035910e-01
8.060000000000000000e+02 1.782496279267986039e-01
8.065000000000000000e+02 1.781391197879723387e-01
8.070000000000000000e+02 1.780287485861210550e-01
8.075000000000000000e+02 1.779185140668726739e-01
8.080000000000000000e+02 1.777994649486073775e-01
8.085000000000000000e+02 1.776805646688548734e-01
8.090000000000000000e+02 1.775618129511960241e-01
8.095000000000000000e+02 1.774432095198943959e-01
8.100000000000000000e+02 1.773247540998953153e-01
8.105000000000000000e+02 1.771975325178877236e-01
8.110000000000000000e+02 1.770704741419208417e-01
8.115000000000000000e+02 1.769435786667267752e-01
8.120000000000000000e+02 1.768168457877931365e-01
8.125000000000000000e+02 1.766813974579319879e-01
8.130000000000000000e+02 1.765461299159115094e-01
8.135000000000000000e+02 1.764110428163283562e-01
8.140000000000000000e+02 1.762761358146438251e-01
8.145000000000000000e+02 1.761414085671781649e-01
8.150000000000000000e+02 1.759980353220532978e-01
8.155000000000000000e+02 1.758548629134675800e-01
8.160000000000000000e+02 1.757118909439449872e-01
8.165000000000000000e+02 1.755691190170280969e-01
8.170000000000000000e+02 1.754265467372730924e-01
8.175000000000000000e+02 1.752754079643897844e-01
8.180000000000000000e+02 1.751244927110948701e-01
8.185000000000000000e+02 1.749738005131395435e-01
8.190000000000000000e+02 1.748146059356490978e-01
8.195000000000000000e+02 1.746643714812447234e-01
8.200000000000000000e+02 1.745056612479575220e-01
8.205000000000000000e+02 1.743471996587298289e-01
8.210000000000000000e+02 1.741889861661932437e-01
8.215000000000000000e+02 1.740310202245315963e-01
8.220000000000000000e+02 1.738646631723577696e-01
8.225000000000000000e+02 1.736985828212249117e-01
8.230000000000000000e+02 1.735327785208303220e-01
8.235000000000000000e+02 1.733672496228500226e-01
8.240000000000000000e+02 1.732019954809322360e-01
8.245000000000000000e+02 1.730284578190669498e-01
8.250000000000000000e+02 1.728637669318412173e-01
8.255000000000000000e+02 1.726908240030614883e-01
8.260000000000000000e+02 1.725181858959428938e-01
8.265000000000000000e+02 1.723373626095984490e-01
8.270000000000000000e+02 1.721653488318297676e-01
8.275000000000000000e+02 1.719851836942438983e-01
8.280000000000000000e+02 1.718053555204854255e-01
8.285000000000000000e+02 1.716258634024399321e-01
8.290000000000000000e+02 1.714467064352219738e-01
8.295000000000000000e+02 1.712678837171628665e-01
8.300000000000000000e+02 1.710810331767585457e-01
8.305000000000000000e+02 1.709028943402804701e-01
8.310000000000000000e+02 1.707167633793713057e-01
8.315000000000000000e+02 1.705310004026166781e-01
8.320000000000000000e+02 1.703456043496602290e-01
8.325000000000000000e+02 1.701523099720601007e-01
8.330000000000000000e+02 1.699676638098469306e-01
8.335000000000000000e+02 1.697751569320324616e-01
8.340000000000000000e+02 1.695912562150436453e-01
8.345000000000000000e+02 1.693995321418751698e-01
8.350000000000000000e+02 1.692082078987061367e-01
8.360000000000000000e+02 1.688186313187713394e-01
8.365000000000000000e+02 1.686285193484865497e-01
8.370000000000000000e+02 1.684307211688819417e-01
8.380000000000000000e+02 1.680444668926080465e-01
8.385000000000000000e+02 1.678479483165008779e-01
8.390000000000000000e+02 1.676518605885006230e-01
8.395000000000000000e+02 1.674482272821407602e-01
8.400000000000000000e+02 1.672530180110463338e-01
8.405000000000000000e+02 1.670582353059206770e-01
8.410000000000000000e+02 1.668559668006863450e-01
8.415000000000000000e+02 1.666620538087257575e-01
8.420000000000000000e+02 1.664606949171126005e-01
8.425000000000000000e+02 1.662597994892724418e-01
8.430000000000000000e+02 1.660593659190052751e-01
8.435000000000000000e+02 1.658593926077183700e-01
8.440000000000000000e+02 1.656598779643795039e-01
8.445000000000000000e+02 1.654608204054730802e-01
8.450000000000000000e+02 1.652544815783491550e-01
8.455000000000000000e+02 1.650563548612125619e-01
8.460000000000000000e+02 1.648586804392759286e-01
8.465000000000000000e+02 1.646537851946963948e-01
8.470000000000000000e+02 1.644493827006136277e-01
8.475000000000000000e+02 1.642530979828952797e-01
8.480000000000000000e+02 1.640496533661856271e-01
8.485000000000000000e+02 1.638466962164543128e-01
8.490000000000000000e+02 1.636442247594290800e-01
8.495000000000000000e+02 1.634422372297142934e-01
8.500000000000000000e+02 1.632407318707314869e-01
8.505000000000000000e+02 1.630397069346641858e-01
8.510000000000000000e+02 1.628391606824020621e-01
8.515000000000000000e+02 1.626316398631287297e-01
8.520000000000000000e+02 1.624320673070336896e-01
8.525000000000000000e+02 1.622329681813737545e-01
8.530000000000000000e+02 1.620269547442592661e-01
8.535000000000000000e+02 1.618288186192925748e-01
8.540000000000000000e+02 1.616238083167782502e-01
8.545000000000000000e+02 1.614193079220733740e-01
8.550000000000000000e+02 1.612226134968808011e-01
8.555000000000000000e+02 1.610191050302191285e-01
8.560000000000000000e+02 1.608161007708815149e-01
8.565000000000000000e+02 1.606208320517609478e-01
8.570000000000000000e+02 1.604188086859394402e-01
8.575000000000000000e+02 1.602172839144524186e-01
8.580000000000000000e+02 1.600162558546062430e-01
8.585000000000000000e+02 1.598157226335200076e-01
8.590000000000000000e+02 1.596156823880581221e-01
8.595000000000000000e+02 1.594161332647665574e-01
8.600000000000000000e+02 1.592170734198059823e-01
8.605000000000000000e+02 1.590185010188896186e-01
8.610000000000000000e+02 1.588204142372183492e-01
8.615000000000000000e+02 1.586228112594172124e-01
8.620000000000000000e+02 1.584256902794738686e-01
8.625000000000000000e+02 1.582290495006748177e-01
8.630000000000000000e+02 1.580259301193649435e-01
8.635000000000000000e+02 1.578302650153748099e-01
8.640000000000000000e+02 1.576350746911000522e-01
8.645000000000000000e+02 1.574403573868937978e-01
8.650000000000000000e+02 1.572392374120008263e-01
8.655000000000000000e+02 1.570454811829211927e-01
8.660000000000000000e+02 1.568521926641442410e-01
8.665000000000000000e+02 1.566593701321092880e-01
8.670000000000000000e+02 1.564602196094924680e-01
8.675000000000000000e+02 1.562683438532158908e-01
8.680000000000000000e+02 1.560769288826271972e-01
8.685000000000000000e+02 1.558792413701240998e-01
8.690000000000000000e+02 1.556887626009463288e-01
8.695000000000000000e+02 1.554987394964005010e-01
8.700000000000000000e+02 1.553024986148138775e-01
8.705000000000000000e+02 1.551134012999456357e-01
8.710000000000000000e+02 1.549181226615647389e-01
8.715000000000000000e+02 1.547299442293509630e-01
8.720000000000000000e+02 1.545422130738205169e-01
8.725000000000000000e+02 1.543483542405665876e-01
8.730000000000000000e+02 1.541615318207809893e-01
8.735000000000000000e+02 1.539751517627554467e-01
8.740000000000000000e+02 1.537826970182158137e-01
8.745000000000000000e+02 1.535972157032241547e-01
8.750000000000000000e+02 1.534121719094422576e-01
8.755000000000000000e+02 1.532211057763031292e-01
8.760000000000000000e+02 1.530369508840324910e-01
8.765000000000000000e+02 1.528532287453486516e-01
8.770000000000000000e+02 1.526635359807259062e-01
8.775000000000000000e+02 1.524806930502809188e-01
8.780000000000000000e+02 1.522982781773134509e-01
8.785000000000000000e+02 1.521099437681977529e-01
8.790000000000000000e+02 1.519283985555791305e-01
8.795000000000000000e+02 1.517472767744642292e-01
8.800000000000000000e+02 1.515665769223519810e-01
8.805000000000000000e+02 1.513800244071965839e-01
8.810000000000000000e+02 1.512001817554418093e-01
8.815000000000000000e+02 1.510207564977540384e-01
8.820000000000000000e+02 1.508417471610749294e-01
8.825000000000000000e+02 1.506631522794980582e-01
8.830000000000000000e+02 1.504787866245467787e-01
8.835000000000000000e+02 1.503010337479770420e-01
8.840000000000000000e+02 1.501236909018655863e-01
8.845000000000000000e+02 1.499467566488294490e-01
8.850000000000000000e+02 1.497702295584148191e-01
8.855000000000000000e+02 1.495941082070528505e-01
8.860000000000000000e+02 1.494183911780184448e-01
8.865000000000000000e+02 1.492430770613862590e-01
8.870000000000000000e+02 1.490681644539907091e-01
8.875000000000000000e+02 1.488936519593820895e-01
8.880000000000000000e+02 1.487195381877870481e-01
8.885000000000000000e+02 1.485458217560672034e-01
8.890000000000000000e+02 1.483725012876767613e-01
8.900000000000000000e+02 1.480329882228677840e-01
8.905000000000000000e+02 1.478608309254859643e-01
8.910000000000000000e+02 1.476890642148869226e-01
8.915000000000000000e+02 1.475176867465632646e-01
8.920000000000000000e+02 1.473525777903771372e-01
8.925000000000000000e+02 1.471819585259434016e-01
8.930000000000000000e+02 1.470117245714547272e-01
8.935000000000000000e+02 1.468477074438555852e-01
8.940000000000000000e+02 1.466782240692378059e-01
8.945000000000000000e+02 1.465149237008760430e-01
8.950000000000000000e+02 1.463461859220512862e-01
8.955000000000000000e+02 1.461835975864901604e-01
8.960000000000000000e+02 1.460156004646087913e-01
8.965000000000000000e+02 1.458537194780574753e-01
8.970000000000000000e+02 1.456864581189725727e-01
8.975000000000000000e+02 1.455252798397928815e-01
8.980000000000000000e+02 1.453644437944440759e-01
8.985000000000000000e+02 1.452039488923357879e-01
8.990000000000000000e+02 1.450381290541726542e-01
8.995000000000000000e+02 1.448783278098928484e-01
9.000000000000000000e+02 1.447188644127261614e-01
9.005000000000000000e+02 1.445597377911380654e-01
9.010000000000000000e+02 1.444009468782283256e-01
9.015000000000000000e+02 1.442424906117056593e-01
9.020000000000000000e+02 1.440843679338630889e-01
9.025000000000000000e+02 1.439265777915510469e-01
9.030000000000000000e+02 1.437691191361539222e-01
9.035000000000000000e+02 1.436119909235636927e-01
9.040000000000000000e+02 1.434551921141556108e-01
9.050000000000000000e+02 1.431480714957480693e-01
9.055000000000000000e+02 1.429922406946345370e-01
9.060000000000000000e+02 1.428367352323451633e-01
9.065000000000000000e+02 1.426870059204489172e-01
9.070000000000000000e+02 1.425321342246004541e-01
9.075000000000000000e+02 1.423830098020255064e-01
9.080000000000000000e+02 1.422287680291734469e-01
9.085000000000000000e+02 1.420802448531986728e-01
9.090000000000000000e+02 1.419266291914941802e-01
9.095000000000000000e+02 1.417787036491676700e-01
9.100000000000000000e+02 1.416310691671441857e-01
9.105000000000000000e+02 1.414837248963111971e-01
9.110000000000000000e+02 1.413313366568444696e-01
9.115000000000000000e+02 1.411845829687469189e-01
9.120000000000000000e+02 1.410381169226312403e-01
9.125000000000000000e+02 1.408919376828645098e-01
9.130000000000000000e+02 1.407460444170955394e-01
9.135000000000000000e+02 1.406004362962391119e-01
9.140000000000000000e+02 1.404551124944595220e-01
9.145000000000000000e+02 1.403100721891537284e-01
9.150000000000000000e+02 1.401705475037202109e-01
9.155000000000000000e+02 1.400260593723028912e-01
9.160000000000000000e+02 1.398818523292707783e-01
9.165000000000000000e+02 1.397431222617193380e-01
9.170000000000000000e+02 1.395994627229752150e-01
9.175000000000000000e+02 1.394560818920272671e-01
9.180000000000000000e+02 1.393181397662923149e-01
9.185000000000000000e+02 1.391804512086246004e-01
9.190000000000000000e+02 1.390378775282282153e-01
9.195000000000000000e+02 1.389007054027821819e-01
9.200000000000000000e+02 1.387637847686732651e-01
9.205000000000000000e+02 1.386220115756941207e-01
9.210000000000000000e+02 1.384856031373924434e-01
9.215000000000000000e+02 1.383494441365228922e-01
9.220000000000000000e+02 1.382135339047947387e-01
9.225000000000000000e+02 1.380778717763161689e-01
9.230000000000000000e+02 1.379424570875831813e-01
9.235000000000000000e+02 1.378072891774685671e-01
9.240000000000000000e+02 1.376773928092413501e-01
9.245000000000000000e+02 1.375427054807208116e-01
9.250000000000000000e+02 1.374082629947836476e-01
9.255000000000000000e+02 1.372790579011280709e-01
9.260000000000000000e+02 1.371450922424559682e-01
9.265000000000000000e+02 1.370113695105699692e-01
9.270000000000000000e+02 1.368828503253369522e-01
9.275000000000000000e+02 1.367545518387371928e-01
9.280000000000000000e+02 1.366215324714764867e-01
9.285000000000000000e+02 1.364936838110413220e-01
9.290000000000000000e+02 1.363660541786009817e-01
9.295000000000000000e+02 1.362386430303824392e-01
9.300000000000000000e+02 1.361114498244039295e-01
9.305000000000000000e+02 1.359844740204681768e-01
9.310000000000000000e+02 1.358577150801543454e-01
9.315000000000000000e+02 1.357311724668105457e-01
9.320000000000000000e+02 1.356048456455475892e-01
9.325000000000000000e+02 1.354787340832308284e-01
9.330000000000000000e+02 1.353576787849741225e-01
9.335000000000000000e+02 1.352319863504756747e-01
9.340000000000000000e+02 1.351065076131603426e-01
9.345000000000000000e+02 1.349860549222753059e-01
9.350000000000000000e+02 1.348657960900527530e-01
9.355000000000000000e+02 1.347409359089110081e-01
9.360000000000000000e+02 1.346210724755192711e-01
9.365000000000000000e+02 1.345014015390027795e-01
9.370000000000000000e+02 1.343819226559424540e-01
9.375000000000000000e+02 1.342626353842614473e-01
9.380000000000000000e+02 1.341435392832207585e-01
9.385000000000000000e+02 1.340246339134132658e-01
9.390000000000000000e+02 1.339059188367600350e-01
9.395000000000000000e+02 1.337873936165043243e-01
9.400000000000000000e+02 1.336690578172065880e-01
9.405000000000000000e+02 1.335556165710014009e-01
9.410000000000000000e+02 1.334376495182077460e-01
9.415000000000000000e+02 1.333245592375331690e-01
9.420000000000000000e+02 1.332069592931280633e-01
9.425000000000000000e+02 1.330942184278112450e-01
9.430000000000000000e+02 1.329769839631924910e-01
9.435000000000000000e+02 1.328645909720149176e-01
9.440000000000000000e+02 1.327523673194223597e-01
9.445000000000000000e+02 1.326403126427315171e-01
9.450000000000000000e+02 1.325284265802706696e-01
9.455000000000000000e+02 1.324167087713771507e-01
9.460000000000000000e+02 1.323051588563931014e-01
9.465000000000000000e+02 1.321983840917010933e-01
9.470000000000000000e+02 1.320871609545325176e-01
9.475000000000000000e+02 1.319761046568819762e-01
9.480000000000000000e+02 1.318697993166135229e-01
9.485000000000000000e+02 1.317590677509123120e-01
9.490000000000000000e+02 1.316530713143508335e-01
9.495000000000000000e+02 1.315472252314754398e-01
9.500000000000000000e+02 1.314415292012074687e-01
9.505000000000000000e+02 1.313359829232476905e-01
9.515000000000000000e+02 1.311253384269426836e-01
9.520000000000000000e+02 1.310202396118771151e-01
9.525000000000000000e+02 1.309152893556748687e-01
9.530000000000000000e+02 1.308104873619000685e-01
9.535000000000000000e+02 1.307103386459655681e-01
9.540000000000000000e+02 1.306058251864704589e-01
9.545000000000000000e+02 1.305059508286781911e-01
9.550000000000000000e+02 1.304017247862944429e-01
9.555000000000000000e+02 1.303021237279878841e-01
9.560000000000000000e+02 1.302026556945698466e-01
9.565000000000000000e+02 1.301033204362632978e-01
9.570000000000000000e+02 1.300041177038954721e-01
9.575000000000000000e+02 1.299050472488960106e-01
9.580000000000000000e+02 1.298061088232952964e-01
9.585000000000000000e+02 1.297073021797222614e-01
9.590000000000000000e+02 1.296086270714035538e-01
9.595000000000000000e+02 1.295145106760753340e-01
9.600000000000000000e+02 1.294160915406066537e-01
9.605000000000000000e+02 1.293222185105103728e-01
9.615000000000000000e+02 1.291304238670314686e-01
9.620000000000000000e+02 1.290369113587283567e-01
9.625000000000000000e+02 1.289435166822086309e-01
9.630000000000000000e+02 1.288502396288122021e-01
9.635000000000000000e+02 1.287570799903547669e-01
9.640000000000000000e+02 1.286640375591265595e-01
9.645000000000000000e+02 1.285754816309281345e-01
9.650000000000000000e+02 1.284826673144157105e-01
9.655000000000000000e+02 1.283943283187177209e-01
9.660000000000000000e+02 1.283017413307935006e-01
9.665000000000000000e+02 1.282136185194362732e-01
9.670000000000000000e+02 1.281256009829151721e-01
9.675000000000000000e+02 1.280333507056141962e-01
9.680000000000000000e+02 1.279455482459445070e-01
9.685000000000000000e+02 1.278578505217624894e-01
9.690000000000000000e+02 1.277745800413570276e-01
9.695000000000000000e+02 1.276870862245140792e-01
9.700000000000000000e+02 1.275996966233996222e-01
9.705000000000000000e+02 1.275167192253914283e-01
9.710000000000000000e+02 1.274295325186330652e-01
9.715000000000000000e+02 1.273467482154302388e-01
9.720000000000000000e+02 1.272597637363512002e-01
9.725000000000000000e+02 1.271771718912575733e-01
9.730000000000000000e+02 1.270946738239420448e-01
9.735000000000000000e+02 1.270122693827646643e-01
9.740000000000000000e+02 1.269299584164054195e-01
9.745000000000000000e+02 1.268477407738628771e-01
9.750000000000000000e+02 1.267698840618866341e-01
9.755000000000000000e+02 1.266878482195072375e-01
9.760000000000000000e+02 1.266059052561169240e-01
9.765000000000000000e+02 1.265283101614592953e-01
9.770000000000000000e+02 1.264507994411102620e-01
9.775000000000000000e+02 1.263691254738831538e-01
9.780000000000000000e+02 1.262917869230953116e-01
9.785000000000000000e+02 1.262145323451903667e-01
9.790000000000000000e+02 1.261373616085438021e-01
9.795000000000000000e+02 1.260602745818014403e-01
9.800000000000000000e+02 1.259874995813187182e-01
9.805000000000000000e+02 1.259105757877523046e-01
9.810000000000000000e+02 1.258337353164993289e-01
9.815000000000000000e+02 1.257611956627691374e-01
9.820000000000000000e+02 1.256845176658255570e-01
9.825000000000000000e+02 1.256121332202018714e-01
9.830000000000000000e+02 1.255398245836765458e-01
9.835000000000000000e+02 1.254675916397602620e-01
9.840000000000000000e+02 1.253954342722001236e-01
9.845000000000000000e+02 1.253233523649801839e-01
9.850000000000000000e+02 1.252513458023208626e-01
9.855000000000000000e+02 1.251794144686775856e-01
9.860000000000000000e+02 1.251117468861822069e-01
9.865000000000000000e+02 1.250399624624669304e-01
9.870000000000000000e+02 1.249724357016869514e-01
9.875000000000000000e+02 1.249007977427348259e-01
9.880000000000000000e+02 1.248334113722492228e-01
9.885000000000000000e+02 1.247660937102326312e-01
9.890000000000000000e+02 1.246988446523684679e-01
9.895000000000000000e+02 1.246316640945511756e-01
9.900000000000000000e+02 1.245645519328856948e-01
9.905000000000000000e+02 1.244975080636866321e-01
9.910000000000000000e+02 1.244305323834777738e-01
9.915000000000000000e+02 1.243677837539349240e-01
9.920000000000000000e+02 1.243009415103685372e-01
9.925000000000000000e+02 1.242383213887008481e-01
9.935000000000000000e+02 1.241091201769026903e-01
9.940000000000000000e+02 1.240466910420048446e-01
9.945000000000000000e+02 1.239843246815010708e-01
9.950000000000000000e+02 1.239220210007565964e-01
9.955000000000000000e+02 1.238597799053267889e-01
9.960000000000000000e+02 1.237976013009566417e-01
9.965000000000000000e+02 1.237396226575871450e-01
9.970000000000000000e+02 1.236775666783205552e-01
9.975000000000000000e+02 1.236155729105619938e-01
9.980000000000000000e+02 1.235577731383030731e-01
9.990000000000000000e+02 1.234382199570386446e-01
9.995000000000000000e+02 1.233805967119127878e-01
1.000000000000000000e+03 1.233230316215583877e-01
1.000500000000000000e+03 1.232655245988929782e-01
1.001000000000000000e+03 1.232080755570079539e-01
1.001500000000000000e+03 1.231506844091684733e-01
1.002000000000000000e+03 1.230933510688130145e-01
1.002500000000000000e+03 1.230360754495521958e-01
1.003000000000000000e+03 1.229829740470823884e-01
1.003500000000000000e+03 1.229258120909400981e-01
1.004000000000000000e+03 1.228728216721929889e-01
1.004500000000000000e+03 1.228157730419941057e-01
1.005000000000000000e+03 1.227628932764151248e-01
1.005500000000000000e+03 1.227100682217503319e-01
1.006500000000000000e+03 1.226004733012460990e-01
1.007000000000000000e+03 1.225478128756246760e-01
1.007500000000000000e+03 1.224952068375665809e-01
1.008000000000000000e+03 1.224467607922278822e-01
1.008500000000000000e+03 1.223942623133444790e-01
1.009000000000000000e+03 1.223418179836331388e-01
1.009500000000000000e+03 1.222894277234817528e-01
1.010000000000000000e+03 1.222411937734681903e-01
1.010500000000000000e+03 1.221889104438863421e-01
1.011000000000000000e+03 1.221407818579384602e-01
1.011500000000000000e+03 1.220886051478541068e-01
1.012000000000000000e+03 1.220405816209564204e-01
1.012500000000000000e+03 1.219926102920910888e-01
1.013500000000000000e+03 1.218927257251839064e-01
1.014000000000000000e+03 1.218449109752983428e-01
1.014500000000000000e+03 1.217971481252498600e-01
1.015000000000000000e+03 1.217494371012071558e-01
1.016000000000000000e+03 1.216582663018189042e-01
1.016500000000000000e+03 1.216107098903280587e-01
1.017000000000000000e+03 1.215632050123686136e-01
1.017500000000000000e+03 1.215198469229694517e-01
1.018000000000000000e+03 1.214724444731525854e-01
1.019000000000000000e+03 1.213818880528108324e-01
1.019500000000000000e+03 1.213387336369556035e-01
1.020000000000000000e+03 1.212915351875396841e-01
1.020500000000000000e+03 1.212484821906836957e-01
1.021000000000000000e+03 1.212054798594356803e-01
1.021500000000000000e+03 1.211625281262379006e-01
1.022000000000000000e+03 1.211155321351355812e-01
1.022500000000000000e+03 1.210726812710754274e-01
1.023000000000000000e+03 1.210298808016373046e-01
1.023500000000000000e+03 1.209871306598211682e-01
1.024000000000000000e+03 1.209444307787655437e-01
