1.245000000000000000e+02 5.922239325304213509e+01
1.250000000000000000e+02 4.175902500228165337e+01
1.255000000000000000e+02 3.223353132181488689e+01
1.260000000000000000e+02 2.538938482803591157e+01
1.265000000000000000e+02 2.109624010466885835e+01
1.270000000000000000e+02 1.810215502697834467e+01
1.275000000000000000e+02 1.568060940288022387e+01
1.280000000000000000e+02 1.387068334120040802e+01
1.285000000000000000e+02 1.245542750436003310e+01
1.290000000000000000e+02 1.123982931533385710e+01
1.295000000000000000e+02 1.025488479066902592e+01
1.300000000000000000e+02 9.394022034880846306e+00
1.305000000000000000e+02 8.676137584327744179e+00
1.310000000000000000e+02 8.066114673609348529e+00
1.315000000000000000e+02 7.517459435941934665e+00
1.320000000000000000e+02 7.043037348901806993e+00
1.325000000000000000e+02 6.627755946800946596e+00
1.330000000000000000e+02 6.247388311471685718e+00
1.335000000000000000e+02 5.910499464652644974e+00
1.340000000000000000e+02 5.609540944224402637e+00
1.345000000000000000e+02 5.330373301893428284e+00
1.350000000000000000e+02 5.078855585519487015e+00
1.355000000000000000e+02 4.850797298473655594e+00
1.360000000000000000e+02 4.637268287539807687e+00
1.365000000000000000e+02 4.442409260789163206e+00
1.370000000000000000e+02 4.263709037644777489e+00
1.375000000000000000e+02 4.099107816263495074e+00
1.380000000000000000e+02 3.943376443494551520e+00
1.385000000000000000e+02 3.799301817578141005e+00
1.390000000000000000e+02 3.668400848502332501e+00
1.395000000000000000e+02 3.543544073732919575e+00
1.400000000000000000e+02 3.426925600775741376e+00
1.405000000000000000e+02 3.315552193692169691e+00
1.410000000000000000e+02 3.213200199190443307e+00
1.415000000000000000e+02 3.116883323431888009e+00
1.420000000000000000e+02 3.026057360238192828e+00
1.425000000000000000e+02 2.938705945287989341e+00
1.430000000000000000e+02 2.857599924848246431e+00
1.435000000000000000e+02 2.780699982108481905e+00
1.440000000000000000e+02 2.707674862998036058e+00
1.445000000000000000e+02 2.638228559293293696e+00
1.450000000000000000e+02 2.572095608985695225e+00
1.455000000000000000e+02 2.510027887614041386e+00
1.465000000000000000e+02 2.393036992731477852e+00
1.470000000000000000e+02 2.338694000919804505e+00
1.475000000000000000e+02 2.287352487426205894e+00
1.480000000000000000e+02 2.237297696347133158e+00
1.485000000000000000e+02 2.189899669871640420e+00
1.490000000000000000e+02 2.144928254393168920e+00
1.495000000000000000e+02 2.100965185397041246e+00
1.505000000000000000e+02 2.019379888210098173e+00
1.510000000000000000e+02 1.980909006176148734e+00
1.515000000000000000e+02 1.943699319549097915e+00
1.520000000000000000e+02 1.908158908732782155e+00
1.525000000000000000e+02 1.874165092838201208e+00
1.530000000000000000e+02 1.841183860214399726e+00
1.535000000000000000e+02 1.809174009487272583e+00
1.540000000000000000e+02 1.778481832193006040e+00
1.545000000000000000e+02 1.749018365268254716e+00
1.550000000000000000e+02 1.720350391281373348e+00
1.555000000000000000e+02 1.692786899478560869e+00
1.560000000000000000e+02 1.666258062308320520e+00
1.565000000000000000e+02 1.640390067802372620e+00
1.570000000000000000e+02 1.615459511731419662e+00
1.575000000000000000e+02 1.591124971834134927e+00
1.580000000000000000e+02 1.567917621484383517e+00
1.585000000000000000e+02 1.545228933497577728e+00
1.590000000000000000e+02 1.523299377101067220e+00
1.595000000000000000e+02 1.502087271710160765e+00
1.600000000000000000e+02 1.481318165291776179e+00
1.605000000000000000e+02 1.461209120557223073e+00
1.620000000000000000e+02 1.404510454970446354e+00
1.625000000000000000e+02 1.386721305225530276e+00
1.630000000000000000e+02 1.369442878849174150e+00
1.635000000000000000e+02 1.352465834643367337e+00
1.640000000000000000e+02 1.336144209219192636e+00
1.645000000000000000e+02 1.320091699952745667e+00
1.650000000000000000e+02 1.304473155243000004e+00
1.655000000000000000e+02 1.289432759888736957e+00
1.660000000000000000e+02 1.274620866730204805e+00
1.665000000000000000e+02 1.260189030707312474e+00
1.670000000000000000e+02 1.246121320560519274e+00
1.675000000000000000e+02 1.232547909496243488e+00
1.680000000000000000e+02 1.219160227811712849e+00
1.685000000000000000e+02 1.206094360656401632e+00
1.690000000000000000e+02 1.193471184188784839e+00
1.695000000000000000e+02 1.181008206680711048e+00
1.700000000000000000e+02 1.168831374031273906e+00
1.705000000000000000e+02 1.157053167249912029e+00
1.710000000000000000e+02 1.145533950609500140e+00
1.715000000000000000e+02 1.134147468580135598e+00
1.720000000000000000e+02 1.123121853316654928e+00
1.725000000000000000e+02 1.112328724074018949e+00
1.730000000000000000e+02 1.101760133724862145e+00
1.735000000000000000e+02 1.091408514442499866e+00
1.740000000000000000e+02 1.081370136578224894e+00
1.745000000000000000e+02 1.071428738169911243e+00
1.750000000000000000e+02 1.061782498548533349e+00
1.755000000000000000e+02 1.052225382099428952e+00
1.760000000000000000e+02 1.042946830649459145e+00
1.765000000000000000e+02 1.033842579984702637e+00
1.770000000000000000e+02 1.024997629532344856e+00
1.775000000000000000e+02 1.016224431073053935e+00
1.780000000000000000e+02 1.007696890598821948e+00
1.785000000000000000e+02 9.993202701082702921e-01
1.790000000000000000e+02 9.910902843567946929e-01
1.795000000000000000e+02 9.830028180469757570e-01
1.805000000000000000e+02 9.673177706551422395e-01
1.810000000000000000e+02 9.597096546346389756e-01
1.815000000000000000e+02 9.522261863080149213e-01
1.820000000000000000e+02 9.449376587246772763e-01
1.825000000000000000e+02 9.376924277423133169e-01
1.830000000000000000e+02 9.306332632973148833e-01
1.835000000000000000e+02 9.236838082042856390e-01
1.840000000000000000e+02 9.169095913325944203e-01
1.845000000000000000e+02 9.101702829725120125e-01
1.850000000000000000e+02 9.035986737793330059e-01
1.855000000000000000e+02 8.971888417936959570e-01
1.860000000000000000e+02 8.908080621523968290e-01
1.865000000000000000e+02 8.845824054238449197e-01
1.870000000000000000e+02 8.784451666723492869e-01
1.875000000000000000e+02 8.723943674601216669e-01
1.880000000000000000e+02 8.664874471870127604e-01
1.885000000000000000e+02 8.606612366571460004e-01
1.890000000000000000e+02 8.549140051084999081e-01
1.895000000000000000e+02 8.492440733946963194e-01
1.900000000000000000e+02 8.437054320063914759e-01
1.905000000000000000e+02 8.382391244695975852e-01
1.910000000000000000e+02 8.328436749873537881e-01
1.915000000000000000e+02 8.275707258976284786e-01
1.920000000000000000e+02 8.223641902093726808e-01
1.925000000000000000e+02 8.172227663157695110e-01
1.930000000000000000e+02 8.121959186778917594e-01
1.935000000000000000e+02 8.072301909590844371e-01
1.940000000000000000e+02 8.023244314279606160e-01
1.945000000000000000e+02 7.975260811181776877e-01
1.950000000000000000e+02 7.927841020866446264e-01
1.955000000000000000e+02 7.880974720942310885e-01
1.960000000000000000e+02 7.834651945216786206e-01
1.965000000000000000e+02 7.789322062396836222e-01
1.970000000000000000e+02 7.744503936830630098e-01
1.975000000000000000e+02 7.700635510435320796e-01
1.980000000000000000e+02 7.657249383806761234e-01
1.985000000000000000e+02 7.614337438447694728e-01
1.990000000000000000e+02 7.571891744012269054e-01
1.995000000000000000e+02 7.530328455928191334e-01
2.000000000000000000e+02 7.489205210252345424e-01
2.005000000000000000e+02 7.448928178963053481e-01
2.010000000000000000e+02 7.409066800786164864e-01
2.015000000000000000e+02 7.369614561607144010e-01
2.020000000000000000e+02 7.330963302321666930e-01
2.025000000000000000e+02 7.292305484647682023e-01
2.030000000000000000e+02 7.254815509490196712e-01
2.035000000000000000e+02 7.217307384328309761e-01
2.040000000000000000e+02 7.180548496078377196e-01
2.045000000000000000e+02 7.144144864931746275e-01
2.050000000000000000e+02 7.108462223100792121e-01
2.055000000000000000e+02 7.073116129295380361e-01
2.060000000000000000e+02 7.038101821203429642e-01
2.065000000000000000e+02 7.003773186079622626e-01
2.070000000000000000e+02 6.969759135036079911e-01
2.075000000000000000e+02 6.936055360164549155e-01
2.080000000000000000e+02 6.903004605406940497e-01
2.085000000000000000e+02 6.870248280245910832e-01
2.090000000000000000e+02 6.837782480621527048e-01
2.095000000000000000e+02 6.805939455879261857e-01
2.100000000000000000e+02 6.774372331293945226e-01
2.105000000000000000e+02 6.743077562571132555e-01
2.110000000000000000e+02 6.712377505222970608e-01
2.115000000000000000e+02 6.681936281607867567e-01
2.120000000000000000e+02 6.651750668645326492e-01
2.125000000000000000e+02 6.622133685254575353e-01
2.130000000000000000e+02 6.592759789415529870e-01
2.135000000000000000e+02 6.563936143111835930e-01
2.140000000000000000e+02 6.535036653364013626e-01
2.145000000000000000e+02 6.506980017746334388e-01
2.150000000000000000e+02 6.478842138454449229e-01
2.155000000000000000e+02 6.451226066805637593e-01
2.160000000000000000e+02 6.423825096764895770e-01
2.165000000000000000e+02 6.396929899660829255e-01
2.170000000000000000e+02 6.369949141349406929e-01
2.175000000000000000e+02 6.343751985526341342e-01
2.180000000000000000e+02 6.317464756367546785e-01
2.185000000000000000e+02 6.291658527754665498e-01
2.190000000000000000e+02 6.266043346375315126e-01
2.195000000000000000e+02 6.240895104102368585e-01
2.200000000000000000e+02 6.215929064057948983e-01
2.205000000000000000e+02 6.191143317679128621e-01
2.210000000000000000e+02 6.166806961121092945e-01
2.215000000000000000e+02 6.142642638308177805e-01
2.220000000000000000e+02 6.118648596718418986e-01
2.225000000000000000e+02 6.095087484844710080e-01
2.235000000000000000e+02 6.048451325127942590e-01
2.240000000000000000e+02 6.025373075867085371e-01
2.245000000000000000e+02 6.002708677076681321e-01
2.250000000000000000e+02 5.980450601688060974e-01
2.255000000000000000e+02 5.958087194440896406e-01
2.260000000000000000e+02 5.936123338113158399e-01
2.265000000000000000e+02 5.914551928104583300e-01
2.270000000000000000e+02 5.892872998546979657e-01
2.275000000000000000e+02 5.871580162471656816e-01
2.280000000000000000e+02 5.850423787684729815e-01
2.285000000000000000e+02 5.829643769214190030e-01
2.290000000000000000e+02 5.808994246977149389e-01
2.295000000000000000e+02 5.788474056673827972e-01
2.300000000000000000e+02 5.768318095280898783e-01
2.305000000000000000e+02 5.748285859651189877e-01
2.310000000000000000e+02 5.728376273287166809e-01
2.315000000000000000e+02 5.708819476491341360e-01
2.320000000000000000e+02 5.689380055424143601e-01
2.325000000000000000e+02 5.670057013713372118e-01
2.330000000000000000e+02 5.650849365949918157e-01
2.335000000000000000e+02 5.631981215634661586e-01
2.340000000000000000e+02 5.613223543432922513e-01
2.345000000000000000e+02 5.594797615681821323e-01
2.350000000000000000e+02 5.576477489123515818e-01
2.355000000000000000e+02 5.558262307657884094e-01
2.360000000000000000e+02 5.540151224130751562e-01
2.365000000000000000e+02 5.522360028032113899e-01
2.370000000000000000e+02 5.504668561002221683e-01
2.375000000000000000e+02 5.487290036722239917e-01
2.380000000000000000e+02 5.469794363127330472e-01
2.385000000000000000e+02 5.452607509651506978e-01
2.390000000000000000e+02 5.435724930055800819e-01
2.395000000000000000e+02 5.418724278926565496e-01
2.400000000000000000e+02 5.402024008892080120e-01
2.405000000000000000e+02 5.385413254447956044e-01
2.410000000000000000e+02 5.369096700239744946e-01
2.415000000000000000e+02 5.352865983661110327e-01
2.420000000000000000e+02 5.336720471108241659e-01
2.425000000000000000e+02 5.320659534990719308e-01
2.430000000000000000e+02 5.304883376872117084e-01
2.435000000000000000e+02 5.289188347000806090e-01
2.440000000000000000e+02 5.273772536935852351e-01
2.445000000000000000e+02 5.258236938061916499e-01
2.450000000000000000e+02 5.242977297432033224e-01
2.455000000000000000e+02 5.227989948458144909e-01
2.460000000000000000e+02 5.212882212061443754e-01
2.465000000000000000e+02 5.198043680876756056e-01
2.470000000000000000e+02 5.183278288333229566e-01
2.475000000000000000e+02 5.168585528693879771e-01
2.480000000000000000e+02 5.154155535324049797e-01
2.485000000000000000e+02 5.139795275081632253e-01
2.490000000000000000e+02 5.125504274930940962e-01
2.495000000000000000e+02 5.111469932216803347e-01
2.500000000000000000e+02 5.097502103284765607e-01
2.505000000000000000e+02 5.083600345216302552e-01
2.510000000000000000e+02 5.069764218890338014e-01
2.515000000000000000e+02 5.056177641588571747e-01
2.520000000000000000e+02 5.042654112897992924e-01
2.525000000000000000e+02 5.029193221195950025e-01
2.530000000000000000e+02 5.015976415308397440e-01
2.535000000000000000e+02 5.002819798552109454e-01
2.540000000000000000e+02 4.989722984657261051e-01
2.545000000000000000e+02 4.976685590554411620e-01
2.550000000000000000e+02 4.963885926331238485e-01
2.555000000000000000e+02 4.951143377494329201e-01
2.560000000000000000e+02 4.938457584156222269e-01
2.565000000000000000e+02 4.926004631300412440e-01
2.570000000000000000e+02 4.913430532362080827e-01
2.575000000000000000e+02 4.901087103790797150e-01
2.580000000000000000e+02 4.888971847613114985e-01
2.585000000000000000e+02 4.876735158739595177e-01
2.590000000000000000e+02 4.864724584910952165e-01
2.595000000000000000e+02 4.852765530258598137e-01
2.600000000000000000e+02 4.840857681126561340e-01
2.605000000000000000e+02 4.829171597509134828e-01
2.610000000000000000e+02 4.817534781138608224e-01
2.615000000000000000e+02 4.805946936298157168e-01
2.620000000000000000e+02 4.794407769581830459e-01
2.625000000000000000e+02 4.783085312894002072e-01
2.630000000000000000e+02 4.771809708058123434e-01
2.635000000000000000e+02 4.760580678110515884e-01
2.640000000000000000e+02 4.749397948224410859e-01
2.645000000000000000e+02 4.738427161647128516e-01
2.650000000000000000e+02 4.727500954379619813e-01
2.655000000000000000e+02 4.716619066673155003e-01
2.660000000000000000e+02 4.705781240759372430e-01
2.665000000000000000e+02 4.695150864645218913e-01
2.670000000000000000e+02 4.684562929152755739e-01
2.675000000000000000e+02 4.674017190347372619e-01
2.680000000000000000e+02 4.663513406133725225e-01
2.685000000000000000e+02 4.653212837144094505e-01
2.690000000000000000e+02 4.642952695710824695e-01
2.695000000000000000e+02 4.632732752436788393e-01
2.700000000000000000e+02 4.622552779636667220e-01
2.705000000000000000e+02 4.612572033315167075e-01
2.710000000000000000e+02 4.602470820886055969e-01
2.720000000000000000e+02 4.582860127345176893e-01
2.725000000000000000e+02 4.573032221580790035e-01
2.730000000000000000e+02 4.563399101134509861e-01
2.735000000000000000e+02 4.553802523851661066e-01
2.740000000000000000e+02 4.544242287522606283e-01
2.745000000000000000e+02 4.534873968185940130e-01
2.750000000000000000e+02 4.525385366436364687e-01
2.755000000000000000e+02 4.516087415510243730e-01
2.760000000000000000e+02 4.506824147683329285e-01
2.770000000000000000e+02 4.488554567634630565e-01
2.775000000000000000e+02 4.479547065382785132e-01
2.780000000000000000e+02 4.470572686052858291e-01
2.785000000000000000e+02 4.461631250366075996e-01
2.790000000000000000e+02 4.452722580330301660e-01
2.795000000000000000e+02 4.443998210697072682e-01
2.800000000000000000e+02 4.435305494898998946e-01
2.805000000000000000e+02 4.426644263162488602e-01
2.810000000000000000e+02 4.418014346923028746e-01
2.815000000000000000e+02 4.409565838686340111e-01
2.820000000000000000e+02 4.400997688178219791e-01
2.825000000000000000e+02 4.392609908091200110e-01
2.830000000000000000e+02 4.384252078703885780e-01
2.835000000000000000e+02 4.376072929749886264e-01
2.840000000000000000e+02 4.367774187036665423e-01
2.845000000000000000e+02 4.359653153145799376e-01
2.850000000000000000e+02 4.351560787830502930e-01
2.855000000000000000e+02 4.343496940362550074e-01
2.860000000000000000e+02 4.335461461067828259e-01
2.865000000000000000e+02 4.327601185284857821e-01
2.870000000000000000e+02 4.319768373722723820e-01
2.875000000000000000e+02 4.311962883058973461e-01
2.880000000000000000e+02 4.304184570966451684e-01
2.885000000000000000e+02 4.296433296104690824e-01
2.890000000000000000e+02 4.288854459829539167e-01
2.895000000000000000e+02 4.281156550105233993e-01
2.900000000000000000e+02 4.273630243632576819e-01
2.905000000000000000e+02 4.266129864120596360e-01
2.910000000000000000e+02 4.258799744079151961e-01
2.915000000000000000e+02 4.251350551887186358e-01
2.920000000000000000e+02 4.244070842038064617e-01
2.925000000000000000e+02 4.236816020085862888e-01
2.930000000000000000e+02 4.229585958618139463e-01
2.935000000000000000e+02 4.222380531090680900e-01
2.940000000000000000e+02 4.215199611820118486e-01
2.945000000000000000e+02 4.208185825219127874e-01
2.950000000000000000e+02 4.201053306871299076e-01
2.955000000000000000e+02 4.194087210333155014e-01
2.965000000000000000e+02 4.180367416157628191e-01
2.970000000000000000e+02 4.173471400424927369e-01
2.975000000000000000e+02 4.166740021641472391e-01
2.980000000000000000e+02 4.160031304964613708e-01
2.985000000000000000e+02 4.153345136544125960e-01
2.990000000000000000e+02 4.146681403291343493e-01
2.995000000000000000e+02 4.140039992872783792e-01
3.000000000000000000e+02 4.133561254911693461e-01
3.005000000000000000e+02 4.126963959010512828e-01
3.010000000000000000e+02 4.120528739947640906e-01
3.015000000000000000e+02 4.114115029074469354e-01
3.020000000000000000e+02 4.107722719661779376e-01
3.025000000000000000e+02 4.101351705686100968e-01
3.030000000000000000e+02 4.095141279291952263e-01
3.035000000000000000e+02 4.088812365784100233e-01
3.040000000000000000e+02 4.082643500408327797e-01
3.045000000000000000e+02 4.076495184204285138e-01
3.050000000000000000e+02 4.070367316345478992e-01
3.055000000000000000e+02 4.064259796665781188e-01
3.060000000000000000e+02 4.058310990000699170e-01
3.065000000000000000e+02 4.052243715256010348e-01
3.070000000000000000e+02 4.046334668565808590e-01
3.075000000000000000e+02 4.040445289633134429e-01
3.080000000000000000e+02 4.034575483131429552e-01
3.085000000000000000e+02 4.028725154352800208e-01
3.090000000000000000e+02 4.022894209202986793e-01
3.095000000000000000e+02 4.017220081534063625e-01
3.100000000000000000e+02 4.011427492023125208e-01
3.105000000000000000e+02 4.005791290339432154e-01
3.110000000000000000e+02 4.000173858969179319e-01
3.115000000000000000e+02 3.994575108316533174e-01
3.120000000000000000e+02 3.988994949361340803e-01
3.125000000000000000e+02 3.983433293654529694e-01
3.130000000000000000e+02 3.977890053313563601e-01
3.135000000000000000e+02 3.972501772230571659e-01
3.140000000000000000e+02 3.967131530763482461e-01
3.145000000000000000e+02 3.961642796141361944e-01
3.150000000000000000e+02 3.956308471006527716e-01
3.155000000000000000e+02 3.950991932291246234e-01
3.165000000000000000e+02 3.940547969130150929e-01
3.170000000000000000e+02 3.935284203712911544e-01
3.175000000000000000e+02 3.930173823136897115e-01
3.180000000000000000e+02 3.924944803206192323e-01
3.185000000000000000e+02 3.919868849071670436e-01
3.190000000000000000e+02 3.914809954539051340e-01
3.195000000000000000e+02 3.909768041402646999e-01
3.200000000000000000e+02 3.904743031949889365e-01
3.205000000000000000e+02 3.899734848957511768e-01
3.210000000000000000e+02 3.894878861503943690e-01
3.215000000000000000e+02 3.889904034688971279e-01
3.220000000000000000e+02 3.885081136218155873e-01
3.225000000000000000e+02 3.880274646311475673e-01
3.230000000000000000e+02 3.875349257095953570e-01
3.235000000000000000e+02 3.870575411527582554e-01
3.240000000000000000e+02 3.865817754960640396e-01
3.245000000000000000e+02 3.861076215271300738e-01
3.250000000000000000e+02 3.856485768857645380e-01
3.255000000000000000e+02 3.851776202887652878e-01
3.260000000000000000e+02 3.847082540557493768e-01
3.265000000000000000e+02 3.842539642555894974e-01
3.270000000000000000e+02 3.837877532780692436e-01
3.275000000000000000e+02 3.833365978608085367e-01
3.280000000000000000e+02 3.828869981301719627e-01
3.285000000000000000e+02 3.824389473579022924e-01
3.290000000000000000e+02 3.819924388577410346e-01
3.295000000000000000e+02 3.815474659851097461e-01
3.300000000000000000e+02 3.811040221367999470e-01
3.305000000000000000e+02 3.806621007506665322e-01
3.310000000000000000e+02 3.802216953053180748e-01
3.315000000000000000e+02 3.797962683593779643e-01
3.320000000000000000e+02 3.793588732334475799e-01
3.325000000000000000e+02 3.789364413509583862e-01
3.330000000000000000e+02 3.785154974479021384e-01
3.335000000000000000e+02 3.780825692156618567e-01
3.340000000000000000e+02 3.776645829122178277e-01
3.345000000000000000e+02 3.772480661007227565e-01
3.350000000000000000e+02 3.768330127109523198e-01
3.355000000000000000e+02 3.764194167105242017e-01
3.360000000000000000e+02 3.760072721046201494e-01
3.365000000000000000e+02 3.755965729357163552e-01
3.370000000000000000e+02 3.751873132833128954e-01
3.375000000000000000e+02 3.747794872636666108e-01
3.380000000000000000e+02 3.743865554060751277e-01
3.385000000000000000e+02 3.739815794070698862e-01
3.390000000000000000e+02 3.735914884338616959e-01
3.395000000000000000e+02 3.731893395417298365e-01
3.400000000000000000e+02 3.728020668735802512e-01
3.405000000000000000e+02 3.724027224586904938e-01
3.410000000000000000e+02 3.720182457981101032e-01
3.415000000000000000e+02 3.716216835109464323e-01
3.420000000000000000e+02 3.712399808383146094e-01
3.425000000000000000e+02 3.708596582308864020e-01
3.430000000000000000e+02 3.704807103353627284e-01
3.435000000000000000e+02 3.701031318320663344e-01
3.445000000000000000e+02 3.693385718275972729e-01
3.450000000000000000e+02 3.689650671822413130e-01
3.455000000000000000e+02 3.685929109323681230e-01
3.460000000000000000e+02 3.682220979229648417e-01
3.465000000000000000e+02 3.678526230312728629e-01
3.475000000000000000e+02 3.671311744773175789e-01
3.480000000000000000e+02 3.667656865525569798e-01
3.485000000000000000e+02 3.664015166222312492e-01
3.490000000000000000e+02 3.660386597215790627e-01
3.495000000000000000e+02 3.656771109167994971e-01
3.500000000000000000e+02 3.653168653048412540e-01
3.505000000000000000e+02 3.649714460347319167e-01
3.510000000000000000e+02 3.646137955521945861e-01
3.515000000000000000e+02 3.642574337853881628e-01
3.520000000000000000e+02 3.639023559522137630e-01
3.525000000000000000e+02 3.635485573003055526e-01
3.530000000000000000e+02 3.632095801746804686e-01
3.535000000000000000e+02 3.628583293275842170e-01
3.540000000000000000e+02 3.625083436307495743e-01
3.545000000000000000e+02 3.621596184487868020e-01
3.550000000000000000e+02 3.618121491750663776e-01
3.555000000000000000e+02 3.614794986105978603e-01
3.560000000000000000e+02 3.611345312798142082e-01
3.565000000000000000e+02 3.607908062577930841e-01
3.570000000000000000e+02 3.604483190510778812e-01
3.575000000000000000e+02 3.601070651940401768e-01
3.580000000000000000e+02 3.597670402486988772e-01
3.585000000000000000e+02 3.594282398045403060e-01
3.590000000000000000e+02 3.590906594783385697e-01
3.595000000000000000e+02 3.587542949139809756e-01
3.600000000000000000e+02 3.584191417822907844e-01
3.605000000000000000e+02 3.580851957808542374e-01
3.610000000000000000e+02 3.577524526338489164e-01
3.615000000000000000e+02 3.574209080918723247e-01
3.620000000000000000e+02 3.570769368486567674e-01
3.625000000000000000e+02 3.567477723930344014e-01
3.630000000000000000e+02 3.564197939010576577e-01
3.635000000000000000e+02 3.560793644995843832e-01
3.640000000000000000e+02 3.557537408963116765e-01
3.645000000000000000e+02 3.554156507644773977e-01
3.650000000000000000e+02 3.550923654742753066e-01
3.655000000000000000e+02 3.547565979468432773e-01
3.660000000000000000e+02 3.544219841023734108e-01
3.665000000000000000e+02 3.540885198033445480e-01
3.670000000000000000e+02 3.537562009368073190e-01
3.675000000000000000e+02 3.534250234142243818e-01
3.680000000000000000e+02 3.530949831713141029e-01
3.685000000000000000e+02 3.527660761678953483e-01
3.690000000000000000e+02 3.524382983877332731e-01
3.695000000000000000e+02 3.521116458383862780e-01
3.700000000000000000e+02 3.517724414779140885e-01
3.705000000000000000e+02 3.514480242358026807e-01
3.710000000000000000e+02 3.511110426609058699e-01
3.715000000000000000e+02 3.507751657977644655e-01
3.720000000000000000e+02 3.504403896408623265e-01
3.725000000000000000e+02 3.501067102076196869e-01
3.730000000000000000e+02 3.497741235382405001e-01
3.735000000000000000e+02 3.494426256955696641e-01
3.740000000000000000e+02 3.491122127649469720e-01
3.745000000000000000e+02 3.487691946465144022e-01
3.750000000000000000e+02 3.484272523404954858e-01
3.755000000000000000e+02 3.481000674698904729e-01
3.760000000000000000e+02 3.477602646597833247e-01
3.765000000000000000e+02 3.474215258674285822e-01
3.775000000000000000e+02 3.467335399514425709e-01
3.780000000000000000e+02 3.463979699983354976e-01
3.785000000000000000e+02 3.460497659187210528e-01
3.790000000000000000e+02 3.457026085939532423e-01
3.795000000000000000e+02 3.453564941222348472e-01
3.800000000000000000e+02 3.450114186229115698e-01
3.805000000000000000e+02 3.446673782363330885e-01
3.810000000000000000e+02 3.443106983150906464e-01
3.815000000000000000e+02 3.439550515795301022e-01
3.820000000000000000e+02 3.436140972343822431e-01
3.830000000000000000e+02 3.428942716078140496e-01
3.835000000000000000e+02 3.425427188390285926e-01
3.840000000000000000e+02 3.421785338978169944e-01
3.845000000000000000e+02 3.418153684207280718e-01
3.850000000000000000e+02 3.414532185363188810e-01
3.855000000000000000e+02 3.410920803934270329e-01
3.860000000000000000e+02 3.407183286533636557e-01
3.865000000000000000e+02 3.403592080806708831e-01
3.870000000000000000e+02 3.399874793783381199e-01
3.875000000000000000e+02 3.396167601896072363e-01
3.880000000000000000e+02 3.392334552617431997e-01
3.885000000000000000e+02 3.388647510341088465e-01
3.890000000000000000e+02 3.384834702805790685e-01
3.895000000000000000e+02 3.381032005309487221e-01
3.905000000000000000e+02 3.373321341896776127e-01
3.910000000000000000e+02 3.369413505447955148e-01
3.915000000000000000e+02 3.365515830961861021e-01
3.920000000000000000e+02 3.361628279679415576e-01
3.925000000000000000e+02 3.357615838899357663e-01
3.930000000000000000e+02 3.353748530261791982e-01
3.940000000000000000e+02 3.345640098403696583e-01
3.945000000000000000e+02 3.341668582226512418e-01
3.950000000000000000e+02 3.337572901144498783e-01
3.955000000000000000e+02 3.333487595672038339e-01
3.960000000000000000e+02 3.329278646687603982e-01
3.965000000000000000e+02 3.325214123830621538e-01
3.970000000000000000e+02 3.321026196722522972e-01
3.975000000000000000e+02 3.316848805280104284e-01
3.980000000000000000e+02 3.312548603236912248e-01
3.985000000000000000e+02 3.308259211924911014e-01
3.990000000000000000e+02 3.303980590697641606e-01
3.995000000000000000e+02 3.299712699112135050e-01
4.000000000000000000e+02 3.295455496927641170e-01
4.005000000000000000e+02 3.291076587569750078e-01
4.010000000000000000e+02 3.286708676622343006e-01
4.015000000000000000e+02 3.282219793957890652e-01
4.020000000000000000e+02 3.277873959818101701e-01
4.025000000000000000e+02 3.273407497093302476e-01
4.030000000000000000e+02 3.268821029889732444e-01
4.035000000000000000e+02 3.264377262569163052e-01
4.040000000000000000e+02 3.259813867055261771e-01
4.045000000000000000e+02 3.255262062626362307e-01
4.050000000000000000e+02 3.250721806064640340e-01
4.055000000000000000e+02 3.246062986633353464e-01
4.060000000000000000e+02 3.241416122499330421e-01
4.065000000000000000e+02 3.236781168989344426e-01
4.070000000000000000e+02 3.232028799431958532e-01
4.075000000000000000e+02 3.227417787980328412e-01
4.080000000000000000e+02 3.222689797670476586e-01
4.085000000000000000e+02 3.217845598892913328e-01
4.090000000000000000e+02 3.213142347667511389e-01
4.095000000000000000e+02 3.208323354659417537e-01
4.100000000000000000e+02 3.203517037518587296e-01
4.105000000000000000e+02 3.198596034919218845e-01
4.110000000000000000e+02 3.193815212078875976e-01
4.115000000000000000e+02 3.188920197204642704e-01
4.120000000000000000e+02 3.184038253836153909e-01
4.125000000000000000e+02 3.179043230420914856e-01
4.130000000000000000e+02 3.174061798560851022e-01
4.135000000000000000e+02 3.169219371085915671e-01
4.140000000000000000e+02 3.164139500152091666e-01
4.145000000000000000e+02 3.159198529580021231e-01
4.150000000000000000e+02 3.154146442056461885e-01
4.155000000000000000e+02 3.149108331349551593e-01
4.160000000000000000e+02 3.144084142898374568e-01
4.165000000000000000e+02 3.139073822417347004e-01
4.170000000000000000e+02 3.133954151766256691e-01
4.175000000000000000e+02 3.128848912274108107e-01
4.180000000000000000e+02 3.123758046711908598e-01
4.185000000000000000e+02 3.118681498143255904e-01
4.190000000000000000e+02 3.113497433233259337e-01
4.195000000000000000e+02 3.108449688115824672e-01
4.200000000000000000e+02 3.103295007415321494e-01
4.210000000000000000e+02 3.092909571956410364e-01
4.215000000000000000e+02 3.087799407840195465e-01
4.220000000000000000e+02 3.082584205591367144e-01
4.225000000000000000e+02 3.077384260555504625e-01
4.230000000000000000e+02 3.072199510081459750e-01
4.235000000000000000e+02 3.066911360206079351e-01
4.240000000000000000e+02 3.061757173018032629e-01
4.245000000000000000e+02 3.056500198274538782e-01
4.250000000000000000e+02 3.051258901603700058e-01
4.255000000000000000e+02 3.046033217346897359e-01
4.260000000000000000e+02 3.040823080199334671e-01
4.265000000000000000e+02 3.035628425207741454e-01
4.270000000000000000e+02 3.030333266411658899e-01
4.275000000000000000e+02 3.025169748753795962e-01
4.280000000000000000e+02 3.019906345338539411e-01
4.285000000000000000e+02 3.014658909034946821e-01
4.290000000000000000e+02 3.009427371732633083e-01
4.295000000000000000e+02 3.004211665695569189e-01
4.300000000000000000e+02 2.998898074300915262e-01
4.305000000000000000e+02 2.993714201844484002e-01
4.310000000000000000e+02 2.988433068580316765e-01
4.315000000000000000e+02 2.983168252326341974e-01
4.320000000000000000e+02 2.977919682043966287e-01
4.325000000000000000e+02 2.972687287093960240e-01
4.330000000000000000e+02 2.967470997233726537e-01
4.335000000000000000e+02 2.962270742614554475e-01
4.340000000000000000e+02 2.957086453778907109e-01
4.345000000000000000e+02 2.951807847316547662e-01
4.350000000000000000e+02 2.946655656117836974e-01
4.355000000000000000e+02 2.941409767948797715e-01
4.360000000000000000e+02 2.936289394271935915e-01
4.365000000000000000e+02 2.931075938737002229e-01
4.370000000000000000e+02 2.925878783906051273e-01
4.375000000000000000e+02 2.920697857769807837e-01
4.380000000000000000e+02 2.915533088730896116e-01
4.385000000000000000e+02 2.910384405600930924e-01
4.390000000000000000e+02 2.905251737597664974e-01
4.395000000000000000e+02 2.900135014342117290e-01
4.400000000000000000e+02 2.894928107128447170e-01
4.405000000000000000e+02 2.889843432292555914e-01
4.410000000000000000e+02 2.884774491718468670e-01
4.415000000000000000e+02 2.879616272496627882e-01
4.420000000000000000e+02 2.874578957688719849e-01
4.425000000000000000e+02 2.869452965106333298e-01
4.430000000000000000e+02 2.864446997149812102e-01
4.435000000000000000e+02 2.859352946801532735e-01
4.440000000000000000e+02 2.854274947113437655e-01
4.445000000000000000e+02 2.849315660697990804e-01
4.450000000000000000e+02 2.844269180952551657e-01
4.455000000000000000e+02 2.839238539876262069e-01
4.460000000000000000e+02 2.834223667024176052e-01
4.465000000000000000e+02 2.829325783909017455e-01
4.470000000000000000e+02 2.824341878008434503e-01
4.475000000000000000e+02 2.819373533164820089e-01
4.480000000000000000e+02 2.814420680532911390e-01
4.485000000000000000e+02 2.809483251663010828e-01
4.490000000000000000e+02 2.804561178498182206e-01
4.495000000000000000e+02 2.799654393371486805e-01
4.500000000000000000e+02 2.794762829003199500e-01
4.505000000000000000e+02 2.789886418498100928e-01
4.510000000000000000e+02 2.785123223614784926e-01
4.515000000000000000e+02 2.780276577081750577e-01
4.520000000000000000e+02 2.775444887650239667e-01
4.525000000000000000e+02 2.770628089926090443e-01
4.530000000000000000e+02 2.765826118886395291e-01
4.535000000000000000e+02 2.761038909876897263e-01
4.540000000000000000e+02 2.756266398609411028e-01
4.545000000000000000e+02 2.751508521159271581e-01
4.550000000000000000e+02 2.746765213962799601e-01
4.555000000000000000e+02 2.742036413814785134e-01
4.560000000000000000e+02 2.737416825523908970e-01
4.565000000000000000e+02 2.732716522622109512e-01
4.570000000000000000e+02 2.728030540826283934e-01
4.575000000000000000e+02 2.723358818331056419e-01
4.580000000000000000e+02 2.718701293677336928e-01
4.585000000000000000e+02 2.714151057737967943e-01
4.590000000000000000e+02 2.709521424691584968e-01
4.595000000000000000e+02 2.704905808664815892e-01
4.600000000000000000e+02 2.700396354883405348e-01
4.605000000000000000e+02 2.695808276259345493e-01
4.610000000000000000e+02 2.691234036811378516e-01
4.615000000000000000e+02 2.686764849112456832e-01
4.620000000000000000e+02 2.682217798680414655e-01
4.625000000000000000e+02 2.677775072809857604e-01
4.630000000000000000e+02 2.673254983254808592e-01
4.635000000000000000e+02 2.668838497876967475e-01
4.640000000000000000e+02 2.664434902965062135e-01
4.645000000000000000e+02 2.659954679712916992e-01
4.650000000000000000e+02 2.655576999104855562e-01
4.655000000000000000e+02 2.651212049169674456e-01
4.660000000000000000e+02 2.646859777643263412e-01
4.670000000000000000e+02 2.638105057078029003e-01
4.675000000000000000e+02 2.633790795945666896e-01
4.680000000000000000e+02 2.629489005665713308e-01
4.685000000000000000e+02 2.625199635351228022e-01
4.690000000000000000e+02 2.621009503031357379e-01
4.695000000000000000e+02 2.616744540064389613e-01
4.700000000000000000e+02 2.612491847236966813e-01
4.705000000000000000e+02 2.608251374719436355e-01
4.710000000000000000e+02 2.604108835886157491e-01
4.715000000000000000e+02 2.599892379380380203e-01
4.720000000000000000e+02 2.595687996462602842e-01
4.725000000000000000e+02 2.591580587167077177e-01
4.735000000000000000e+02 2.583315622751763407e-01
4.740000000000000000e+02 2.579242663962667548e-01
4.745000000000000000e+02 2.575181011871775505e-01
4.750000000000000000e+02 2.571046982578907847e-01
4.755000000000000000e+02 2.567008067959892226e-01
4.760000000000000000e+02 2.562980327054487084e-01
4.765000000000000000e+02 2.558963716336487559e-01
4.770000000000000000e+02 2.554958192498477665e-01
4.780000000000000000e+02 2.547062350195502534e-01
4.785000000000000000e+02 2.543089579170088599e-01
4.790000000000000000e+02 2.539127724985458245e-01
4.795000000000000000e+02 2.535258125082133218e-01
4.800000000000000000e+02 2.531317730952487022e-01
4.805000000000000000e+02 2.527469025133401992e-01
4.810000000000000000e+02 2.523549927785475600e-01
4.815000000000000000e+02 2.519721957458661010e-01
4.820000000000000000e+02 2.515904179281117092e-01
4.825000000000000000e+02 2.512096555107583562e-01
4.830000000000000000e+02 2.508299046976711355e-01
4.835000000000000000e+02 2.504511617109956845e-01
4.840000000000000000e+02 2.500734227910521024e-01
4.845000000000000000e+02 2.496966841962273698e-01
4.850000000000000000e+02 2.493209422028684064e-01
4.855000000000000000e+02 2.489461931051784038e-01
4.860000000000000000e+02 2.485802692688159066e-01
4.865000000000000000e+02 2.482074723967677143e-01
4.870000000000000000e+02 2.478434495584008190e-01
4.875000000000000000e+02 2.474725906451709923e-01
4.880000000000000000e+02 2.471104549389876170e-01
4.885000000000000000e+02 2.467492470239081304e-01
4.890000000000000000e+02 2.463889635615370832e-01
4.895000000000000000e+02 2.460219162839978324e-01
4.900000000000000000e+02 2.456634927703204296e-01
4.905000000000000000e+02 2.453136267380885693e-01
4.910000000000000000e+02 2.449570080104814251e-01
4.915000000000000000e+02 2.446012972737615365e-01
4.920000000000000000e+02 2.442464912809920452e-01
4.925000000000000000e+02 2.439001478403522161e-01
4.930000000000000000e+02 2.435471211133810876e-01
4.935000000000000000e+02 2.432025105026610345e-01
4.940000000000000000e+02 2.428512505290709167e-01
4.945000000000000000e+02 2.425083605798886988e-01
4.950000000000000000e+02 2.421663167607835399e-01
4.955000000000000000e+02 2.418251161390858328e-01
4.960000000000000000e+02 2.414847557952080614e-01
4.965000000000000000e+02 2.411452328225748287e-01
4.970000000000000000e+02 2.408065443275514417e-01
4.975000000000000000e+02 2.404686874293730514e-01
4.980000000000000000e+02 2.401316592600746813e-01
4.985000000000000000e+02 2.398027861218862411e-01
4.990000000000000000e+02 2.394673880432177382e-01
5.000000000000000000e+02 2.388063236528533140e-01
5.005000000000000000e+02 2.384806153460016509e-01
5.010000000000000000e+02 2.381556827017156652e-01
5.015000000000000000e+02 2.378243024106741488e-01
5.020000000000000000e+02 2.375009308855723644e-01
5.025000000000000000e+02 2.371783272068340442e-01
5.030000000000000000e+02 2.368636569719201057e-01
5.035000000000000000e+02 2.365425639041584538e-01
5.040000000000000000e+02 2.362222310820549787e-01
5.045000000000000000e+02 2.359026559746598140e-01
5.050000000000000000e+02 2.355909358050413405e-01
5.055000000000000000e+02 2.352728514000469451e-01
5.060000000000000000e+02 2.349625835250074846e-01
5.065000000000000000e+02 2.346530301088856629e-01
5.070000000000000000e+02 2.343371549517566654e-01
5.075000000000000000e+02 2.340290396357955216e-01
5.080000000000000000e+02 2.337216318033292772e-01
5.085000000000000000e+02 2.334149291654203373e-01
5.090000000000000000e+02 2.331089294426909875e-01
5.095000000000000000e+02 2.328105841117992514e-01
5.100000000000000000e+02 2.325059675411043081e-01
5.105000000000000000e+02 2.322020471534909369e-01
5.110000000000000000e+02 2.319057277844830955e-01
5.115000000000000000e+02 2.316031773131894123e-01
5.120000000000000000e+02 2.313081928479306659e-01
5.125000000000000000e+02 2.310138652354787603e-01
5.135000000000000000e+02 2.304203401893097081e-01
5.140000000000000000e+02 2.301279854622213517e-01
5.145000000000000000e+02 2.298362793255666336e-01
5.150000000000000000e+02 2.295520078996133029e-01
5.155000000000000000e+02 2.292615782815705938e-01
5.160000000000000000e+02 2.289717912198355187e-01
5.170000000000000000e+02 2.284008676600600696e-01
5.175000000000000000e+02 2.281196991532310203e-01
5.180000000000000000e+02 2.278324335826064362e-01
5.185000000000000000e+02 2.275524901002027589e-01
5.190000000000000000e+02 2.272731495441060734e-01
5.195000000000000000e+02 2.269944100710795387e-01
5.200000000000000000e+02 2.267162698452060698e-01
5.205000000000000000e+02 2.264387270378536154e-01
5.210000000000000000e+02 2.261617798276385483e-01
5.215000000000000000e+02 2.258854264003916923e-01
5.220000000000000000e+02 2.256096649491211859e-01
5.225000000000000000e+02 2.253410769131233560e-01
5.230000000000000000e+02 2.250664808166570885e-01
5.235000000000000000e+02 2.247990289856028057e-01
5.240000000000000000e+02 2.245321365049629814e-01
5.245000000000000000e+02 2.242592687830319009e-01
5.250000000000000000e+02 2.239935023079391574e-01
5.255000000000000000e+02 2.237282901626898857e-01
5.260000000000000000e+02 2.234636306974706055e-01
5.265000000000000000e+02 2.231995222688720748e-01
5.270000000000000000e+02 2.229359632398586477e-01
5.275000000000000000e+02 2.226794115437749910e-01
5.280000000000000000e+02 2.224169343127425924e-01
5.285000000000000000e+02 2.221550016395462679e-01
5.290000000000000000e+02 2.219000359699470071e-01
5.295000000000000000e+02 2.216391755595508162e-01
5.300000000000000000e+02 2.213852557056366632e-01
5.305000000000000000e+02 2.211318508450193787e-01
5.310000000000000000e+02 2.208789594779731191e-01
5.315000000000000000e+02 2.206202129094298470e-01
5.320000000000000000e+02 2.203683551929080664e-01
5.330000000000000000e+02 2.198724991506563475e-01
5.335000000000000000e+02 2.196221529548760820e-01
5.340000000000000000e+02 2.193723113735159547e-01
5.345000000000000000e+02 2.191292744448268548e-01
5.350000000000000000e+02 2.188804267382268021e-01
5.355000000000000000e+02 2.186383596012734243e-01
5.360000000000000000e+02 2.183905000779454153e-01
5.365000000000000000e+02 2.181493971634172746e-01
5.370000000000000000e+02 2.179087692071670912e-01
5.375000000000000000e+02 2.176686148563685419e-01
5.380000000000000000e+02 2.174289327632650815e-01
5.385000000000000000e+02 2.171897215851456564e-01
5.390000000000000000e+02 2.169509799843222231e-01
5.395000000000000000e+02 2.167127066281050451e-01
5.400000000000000000e+02 2.164749001887807389e-01
5.405000000000000000e+02 2.162437386561933683e-01
5.410000000000000000e+02 2.160068521167193833e-01
5.415000000000000000e+02 2.157765886660464039e-01
5.420000000000000000e+02 2.155406168647016063e-01
5.425000000000000000e+02 2.153112464392843151e-01
5.430000000000000000e+02 2.150823160528360090e-01
5.440000000000000000e+02 2.146196569777259755e-01
5.445000000000000000e+02 2.143920484654285308e-01
5.450000000000000000e+02 2.141648750800445589e-01
5.455000000000000000e+02 2.139442218186244915e-01
5.460000000000000000e+02 2.137179059971872352e-01
5.465000000000000000e+02 2.134920217003442033e-01
5.470000000000000000e+02 2.132726275144191663e-01
5.475000000000000000e+02 2.130475936740169329e-01
5.480000000000000000e+02 2.128290302883727447e-01
5.485000000000000000e+02 2.126048422218864142e-01
5.490000000000000000e+02 2.123871050439496144e-01
5.495000000000000000e+02 2.121697751389819142e-01
5.500000000000000000e+02 2.119468425737003336e-01
5.505000000000000000e+02 2.117303320677895728e-01
5.510000000000000000e+02 2.115142254749863282e-01
5.515000000000000000e+02 2.112985216890765072e-01
5.520000000000000000e+02 2.110891957061191426e-01
5.525000000000000000e+02 2.108742860940096275e-01
5.530000000000000000e+02 2.106597760107826733e-01
5.535000000000000000e+02 2.104456643661308801e-01
5.540000000000000000e+02 2.102378944007162742e-01
5.545000000000000000e+02 2.100245683057387625e-01
5.550000000000000000e+02 2.098175662940641450e-01
5.555000000000000000e+02 2.096109430100493165e-01
5.560000000000000000e+02 2.093987832683297801e-01
5.565000000000000000e+02 2.091929217047565626e-01
5.570000000000000000e+02 2.089874357909182467e-01
5.575000000000000000e+02 2.087823245129466487e-01
5.580000000000000000e+02 2.085775868606105365e-01
5.585000000000000000e+02 2.083732218272985881e-01
5.590000000000000000e+02 2.081692284100025159e-01
5.595000000000000000e+02 2.079714687138134455e-01
5.600000000000000000e+02 2.077682082964256438e-01
5.605000000000000000e+02 2.075653165214447760e-01
5.610000000000000000e+02 2.073686344996130138e-01
5.615000000000000000e+02 2.071664698499670887e-01
5.620000000000000000e+02 2.069704992846154445e-01
5.625000000000000000e+02 2.067748797644798353e-01
5.630000000000000000e+02 2.065737949714562260e-01
5.635000000000000000e+02 2.063788812194450595e-01
5.640000000000000000e+02 2.061843157020314399e-01
5.645000000000000000e+02 2.059900974929662898e-01
5.650000000000000000e+02 2.057962256692792979e-01
5.655000000000000000e+02 2.056026993112645418e-01
5.660000000000000000e+02 2.054095175024673869e-01
5.665000000000000000e+02 2.052224495805137217e-01
5.670000000000000000e+02 2.050299477337224341e-01
5.675000000000000000e+02 2.048377877178720885e-01
5.680000000000000000e+02 2.046517203694933895e-01
5.685000000000000000e+02 2.044602349421254794e-01
5.690000000000000000e+02 2.042748283290266309e-01
5.700000000000000000e+02 2.038992645812594540e-01
5.705000000000000000e+02 2.037148397041556036e-01
5.710000000000000000e+02 2.035307384628449456e-01
5.715000000000000000e+02 2.033469600077775774e-01
5.720000000000000000e+02 2.031635034923736927e-01
5.725000000000000000e+02 2.029803680730117577e-01
5.730000000000000000e+02 2.027975529090141338e-01
5.735000000000000000e+02 2.026150571626352537e-01
5.740000000000000000e+02 2.024328799990484373e-01
5.745000000000000000e+02 2.022566982061859142e-01
5.750000000000000000e+02 2.020751501336494338e-01
5.755000000000000000e+02 2.018939181666226101e-01
5.760000000000000000e+02 2.017186630293252014e-01
5.765000000000000000e+02 2.015437118905313296e-01
5.770000000000000000e+02 2.013634122244686020e-01
5.775000000000000000e+02 2.011890716078240382e-01
5.780000000000000000e+02 2.010150326185439207e-01
5.785000000000000000e+02 2.008356580339942243e-01
5.790000000000000000e+02 2.006622248232567685e-01
5.795000000000000000e+02 2.004890908932970839e-01
5.800000000000000000e+02 2.003162554701132247e-01
5.805000000000000000e+02 2.001437177823697788e-01
5.810000000000000000e+02 1.999714770613866821e-01
5.815000000000000000e+02 1.998051399028691055e-01
5.820000000000000000e+02 1.996334860026089120e-01
5.825000000000000000e+02 1.994621267871560244e-01
5.830000000000000000e+02 1.992966550684242000e-01
5.835000000000000000e+02 1.991258781574829773e-01
5.845000000000000000e+02 1.987907807131709670e-01
5.850000000000000000e+02 1.986264497768440995e-01
5.855000000000000000e+02 1.984568285558561962e-01
5.860000000000000000e+02 1.982930636224766729e-01
5.865000000000000000e+02 1.981295785453795477e-01
5.870000000000000000e+02 1.979663726095387266e-01
5.875000000000000000e+02 1.978034451023621410e-01
5.880000000000000000e+02 1.976407953136817830e-01
5.885000000000000000e+02 1.974784225357424927e-01
5.890000000000000000e+02 1.973163260631931593e-01
5.895000000000000000e+02 1.971545051930753134e-01
5.900000000000000000e+02 1.969929592248136629e-01
5.905000000000000000e+02 1.968316874602054900e-01
5.910000000000000000e+02 1.966706892034114362e-01
5.915000000000000000e+02 1.965154863591924150e-01
5.920000000000000000e+02 1.963550290031625678e-01
5.925000000000000000e+02 1.962003582474043939e-01
5.930000000000000000e+02 1.960404390641157235e-01
5.935000000000000000e+02 1.958862977040623787e-01
5.940000000000000000e+02 1.957269139838325456e-01
5.945000000000000000e+02 1.955732993448613954e-01
5.950000000000000000e+02 1.954199453834332689e-01
5.955000000000000000e+02 1.952613578216661205e-01
5.960000000000000000e+02 1.951085266092939530e-01
5.965000000000000000e+02 1.949559541077346414e-01
5.970000000000000000e+02 1.948036396678243520e-01
5.975000000000000000e+02 1.946515826425737339e-01
5.980000000000000000e+02 1.944997823871570386e-01
5.985000000000000000e+02 1.943482382589037105e-01
5.990000000000000000e+02 1.941969496172896714e-01
5.995000000000000000e+02 1.940459158239282722e-01
6.000000000000000000e+02 1.939005998504496620e-01
6.005000000000000000e+02 1.937500705419418490e-01
6.010000000000000000e+02 1.935997941851907711e-01
6.015000000000000000e+02 1.934552244826032719e-01
6.020000000000000000e+02 1.933054488540867089e-01
6.025000000000000000e+02 1.931559242996618297e-01
6.030000000000000000e+02 1.930120953038485521e-01
6.040000000000000000e+02 1.927197286218450545e-01
6.045000000000000000e+02 1.925766321853227825e-01
6.050000000000000000e+02 1.924283439279405039e-01
6.055000000000000000e+02 1.922857337248585485e-01
6.060000000000000000e+02 1.921433644258785378e-01
6.065000000000000000e+02 1.920012354380966346e-01
6.070000000000000000e+02 1.918593461705636605e-01
6.080000000000000000e+02 1.915708668278215399e-01
6.085000000000000000e+02 1.914296957909672470e-01
6.090000000000000000e+02 1.912887621247336967e-01
6.100000000000000000e+02 1.910130118418682521e-01
6.105000000000000000e+02 1.908727842321133739e-01
6.110000000000000000e+02 1.907327916844651083e-01
6.115000000000000000e+02 1.905930336252187329e-01
6.120000000000000000e+02 1.904535094825459962e-01
6.125000000000000000e+02 1.903196137396492849e-01
6.130000000000000000e+02 1.901805531723765874e-01
6.135000000000000000e+02 1.900417248225017286e-01
6.140000000000000000e+02 1.899085161617205808e-01
6.145000000000000000e+02 1.897701480206748503e-01
6.150000000000000000e+02 1.896373940029662808e-01
6.155000000000000000e+02 1.894994838479412969e-01
6.160000000000000000e+02 1.893671822774455338e-01
6.165000000000000000e+02 1.892297279000604848e-01
6.170000000000000000e+02 1.890978765951995266e-01
6.175000000000000000e+02 1.889662486650932893e-01
6.180000000000000000e+02 1.888294725947459729e-01
6.185000000000000000e+02 1.886982916892384621e-01
6.190000000000000000e+02 1.885673325530402844e-01
6.195000000000000000e+02 1.884365946560546123e-01
6.200000000000000000e+02 1.883007145943358107e-01
6.205000000000000000e+02 1.881704194525645191e-01
6.210000000000000000e+02 1.880403439652726660e-01
6.215000000000000000e+02 1.879104876091990117e-01
6.220000000000000000e+02 1.877808498627713818e-01
6.225000000000000000e+02 1.876514302060998951e-01
6.230000000000000000e+02 1.875222281209709685e-01
6.235000000000000000e+02 1.873932430908395175e-01
6.240000000000000000e+02 1.872644746008227390e-01
6.245000000000000000e+02 1.871359221376942550e-01
6.250000000000000000e+02 1.870075851898760355e-01
6.255000000000000000e+02 1.868794632474327366e-01
6.260000000000000000e+02 1.867515558020653166e-01
6.270000000000000000e+02 1.865017196356454077e-01
6.275000000000000000e+02 1.863744508529033839e-01
6.280000000000000000e+02 1.862473945548527854e-01
6.285000000000000000e+02 1.861205502412675017e-01
6.290000000000000000e+02 1.859992481333820613e-01
6.295000000000000000e+02 1.858728245175852445e-01
6.300000000000000000e+02 1.857466113996815715e-01
6.305000000000000000e+02 1.856206082857873030e-01
6.310000000000000000e+02 1.855001389377236576e-01
6.315000000000000000e+02 1.853745525977110731e-01
6.320000000000000000e+02 1.852491747939766231e-01
6.325000000000000000e+02 1.851293246445901708e-01
6.330000000000000000e+02 1.850043607067207718e-01
6.335000000000000000e+02 1.848849205852564348e-01
6.340000000000000000e+02 1.847603685929079531e-01
6.350000000000000000e+02 1.845171946479155778e-01
6.355000000000000000e+02 1.843932578613254880e-01
6.360000000000000000e+02 1.842748350912259137e-01
6.365000000000000000e+02 1.841513054978539954e-01
6.370000000000000000e+02 1.840332861662343777e-01
6.375000000000000000e+02 1.839101618878825894e-01
6.380000000000000000e+02 1.837925441400657667e-01
6.385000000000000000e+02 1.836698233103612465e-01
6.390000000000000000e+02 1.835526053033861016e-01
6.395000000000000000e+02 1.834302860676902958e-01
6.400000000000000000e+02 1.833134659702220504e-01
6.405000000000000000e+02 1.831915464855385367e-01
6.410000000000000000e+02 1.830751224777764086e-01
6.415000000000000000e+02 1.829536009126613016e-01
6.420000000000000000e+02 1.828375711862508801e-01
6.425000000000000000e+02 1.827164457207223480e-01
6.430000000000000000e+02 1.826008084786651109e-01
6.435000000000000000e+02 1.824800773041154178e-01
6.440000000000000000e+02 1.823648307606823005e-01
6.445000000000000000e+02 1.822444920797893497e-01
6.450000000000000000e+02 1.821296344604325379e-01
6.455000000000000000e+02 1.820096864870728304e-01
6.460000000000000000e+02 1.818952160283400510e-01
6.465000000000000000e+02 1.817756569875030315e-01
6.470000000000000000e+02 1.816615719369520099e-01
6.475000000000000000e+02 1.815424000646531921e-01
6.480000000000000000e+02 1.814286986807670254e-01
6.485000000000000000e+02 1.813099122239650307e-01
6.490000000000000000e+02 1.811965927760678940e-01
6.495000000000000000e+02 1.810781899925786309e-01
6.500000000000000000e+02 1.809599791949234315e-01
6.505000000000000000e+02 1.808472299191686838e-01
6.510000000000000000e+02 1.807294001975431608e-01
6.515000000000000000e+02 1.806117611628451913e-01
6.520000000000000000e+02 1.804995782127964965e-01
6.525000000000000000e+02 1.803823176808565798e-01
6.530000000000000000e+02 1.802652465489091027e-01
6.535000000000000000e+02 1.801536261137748340e-01
6.540000000000000000e+02 1.800369309350507707e-01
6.545000000000000000e+02 1.799204238812185941e-01
6.550000000000000000e+02 1.798041045284717865e-01
6.555000000000000000e+02 1.796879724543048451e-01
6.560000000000000000e+02 1.795772817935819277e-01
6.565000000000000000e+02 1.794615214699580297e-01
6.570000000000000000e+02 1.793459471692536999e-01
6.575000000000000000e+02 1.792305584741064328e-01
6.580000000000000000e+02 1.791153549684292579e-01
6.585000000000000000e+02 1.790003362374059104e-01
6.590000000000000000e+02 1.788855018674865849e-01
6.595000000000000000e+02 1.787708514463823006e-01
6.600000000000000000e+02 1.786563845630601000e-01
6.605000000000000000e+02 1.785368600029157149e-01
6.610000000000000000e+02 1.784227604746467521e-01
6.615000000000000000e+02 1.783088432545146540e-01
6.620000000000000000e+02 1.781951079364725021e-01
6.625000000000000000e+02 1.780763199312850598e-01
6.630000000000000000e+02 1.779629486956581796e-01
6.635000000000000000e+02 1.778497581473504896e-01
6.640000000000000000e+02 1.777315187772249838e-01
6.645000000000000000e+02 1.776186898807838310e-01
6.650000000000000000e+02 1.775008149287032322e-01
6.655000000000000000e+02 1.773883460733239048e-01
6.660000000000000000e+02 1.772708339172237857e-01
6.665000000000000000e+02 1.771535035924398649e-01
6.670000000000000000e+02 1.770415725293711107e-01
6.675000000000000000e+02 1.769246025816739176e-01
6.680000000000000000e+02 1.768078132552055037e-01
6.685000000000000000e+02 1.766912041476565998e-01
6.690000000000000000e+02 1.765747748579233611e-01
6.695000000000000000e+02 1.764585249861020111e-01
6.700000000000000000e+02 1.763424541334852880e-01
6.705000000000000000e+02 1.762265619025566443e-01
6.710000000000000000e+02 1.761108478969876379e-01
6.715000000000000000e+02 1.759953117216317975e-01
6.720000000000000000e+02 1.758747556525563083e-01
6.725000000000000000e+02 1.757595759853209372e-01
6.730000000000000000e+02 1.756393803006912058e-01
6.735000000000000000e+02 1.755245555589438622e-01
6.740000000000000000e+02 1.754047186642269107e-01
6.745000000000000000e+02 1.752902472747394358e-01
6.750000000000000000e+02 1.751707675848424295e-01
6.755000000000000000e+02 1.750514672134020622e-01
6.760000000000000000e+02 1.749323457634024137e-01
6.775000000000000000e+02 1.745760509894802304e-01
6.780000000000000000e+02 1.744576412785072417e-01
6.785000000000000000e+02 1.743394085214239053e-01
6.790000000000000000e+02 1.742213523281946064e-01
6.795000000000000000e+02 1.740983129151541797e-01
6.800000000000000000e+02 1.739806112605518373e-01
6.805000000000000000e+02 1.738579313646578250e-01
6.810000000000000000e+02 1.737405826851577406e-01
6.815000000000000000e+02 1.736182607295825853e-01
6.820000000000000000e+02 1.734961187390413329e-01
6.825000000000000000e+02 1.733741563181159240e-01
6.830000000000000000e+02 1.732575114852219489e-01
6.840000000000000000e+02 1.730093425361999282e-01
6.845000000000000000e+02 1.728880944626540461e-01
6.850000000000000000e+02 1.727670239989187451e-01
6.855000000000000000e+02 1.726461307564605974e-01
6.860000000000000000e+02 1.725202953841891151e-01
6.865000000000000000e+02 1.723997585471883920e-01
6.870000000000000000e+02 1.722742856515936394e-01
6.875000000000000000e+02 1.721489952620288422e-01
6.880000000000000000e+02 1.720238869805884308e-01
6.885000000000000000e+02 1.718989604105226332e-01
6.890000000000000000e+02 1.717742151562334230e-01
6.895000000000000000e+02 1.716496508232702445e-01
6.900000000000000000e+02 1.715252670183258499e-01
6.905000000000000000e+02 1.714010633492321911e-01
6.910000000000000000e+02 1.712770394249563399e-01
6.915000000000000000e+02 1.711481166067299053e-01
6.920000000000000000e+02 1.710244546727655301e-01
6.925000000000000000e+02 1.708959009953203434e-01
6.930000000000000000e+02 1.707675334194613259e-01
6.935000000000000000e+02 1.706393515425533580e-01
6.940000000000000000e+02 1.705113549631218917e-01
6.945000000000000000e+02 1.703835432808487038e-01
6.950000000000000000e+02 1.702559160965670948e-01
6.955000000000000000e+02 1.701284730122590849e-01
6.960000000000000000e+02 1.700012136310496136e-01
6.965000000000000000e+02 1.698691017144250970e-01
6.970000000000000000e+02 1.697422127598990638e-01
6.975000000000000000e+02 1.696104794761282286e-01
6.980000000000000000e+02 1.694839593493513985e-01
6.985000000000000000e+02 1.693526030773304381e-01
6.990000000000000000e+02 1.692214370923916800e-01
6.995000000000000000e+02 1.690904609856322682e-01
7.000000000000000000e+02 1.689596743493177455e-01
7.005000000000000000e+02 1.688290767768779455e-01
7.010000000000000000e+02 1.686986678629037728e-01
7.015000000000000000e+02 1.685634584499687560e-01
7.020000000000000000e+02 1.684334303700407987e-01
7.025000000000000000e+02 1.683035897321163710e-01
7.030000000000000000e+02 1.681689621332701778e-01
7.035000000000000000e+02 1.680345311749228132e-01
7.040000000000000000e+02 1.679052598613141878e-01
7.045000000000000000e+02 1.677712156443335600e-01
7.050000000000000000e+02 1.676373668143966433e-01
7.055000000000000000e+02 1.675037129532450098e-01
7.060000000000000000e+02 1.673702536438068378e-01
7.065000000000000000e+02 1.672369884701938036e-01
7.070000000000000000e+02 1.670989851176737095e-01
7.075000000000000000e+02 1.669661121978102125e-01
7.080000000000000000e+02 1.668334321648424212e-01
7.085000000000000000e+02 1.666960289360195357e-01
7.090000000000000000e+02 1.665588287491641117e-01
7.095000000000000000e+02 1.664267352960750179e-01
7.100000000000000000e+02 1.662899341294228617e-01
7.105000000000000000e+02 1.661533347104814096e-01
7.110000000000000000e+02 1.660169366070149977e-01
7.115000000000000000e+02 1.658807393880095127e-01
7.120000000000000000e+02 1.657447426236676735e-01
7.125000000000000000e+02 1.656089458854060892e-01
7.130000000000000000e+02 1.654733487458498742e-01
7.135000000000000000e+02 1.653379507788282077e-01
7.140000000000000000e+02 1.651978988975650320e-01
7.145000000000000000e+02 1.650629036721364684e-01
7.150000000000000000e+02 1.649281063383578050e-01
7.155000000000000000e+02 1.647886713618443855e-01
7.160000000000000000e+02 1.646494452829024013e-01
7.165000000000000000e+02 1.645152503624322804e-01
7.170000000000000000e+02 1.643764345456436016e-01
7.175000000000000000e+02 1.642378262914133968e-01
7.180000000000000000e+02 1.640994251535281834e-01
7.185000000000000000e+02 1.639612306870323055e-01
7.190000000000000000e+02 1.638232424482232719e-01
7.195000000000000000e+02 1.636854599946477029e-01
7.200000000000000000e+02 1.635478828850971122e-01
7.205000000000000000e+02 1.634105106796033269e-01
7.210000000000000000e+02 1.632733429394337132e-01
7.215000000000000000e+02 1.631363792270878466e-01
7.220000000000000000e+02 1.629948638143532691e-01
7.225000000000000000e+02 1.628583129132626095e-01
7.230000000000000000e+02 1.627172221008995889e-01
7.235000000000000000e+02 1.625810822314991966e-01
7.240000000000000000e+02 1.624404141980023697e-01
7.245000000000000000e+02 1.623046835907449026e-01
7.250000000000000000e+02 1.621644365248186836e-01
7.255000000000000000e+02 1.620291134201046479e-01
7.260000000000000000e+02 1.618892855205920078e-01
7.265000000000000000e+02 1.617496697921120552e-01
7.270000000000000000e+02 1.616102657759231620e-01
7.275000000000000000e+02 1.614757583875999769e-01
7.280000000000000000e+02 1.613367699417681822e-01
7.285000000000000000e+02 1.611979918521098953e-01
7.290000000000000000e+02 1.610594236649954270e-01
7.295000000000000000e+02 1.609210649280706229e-01
7.300000000000000000e+02 1.607829151902509246e-01
7.305000000000000000e+02 1.606449740017175665e-01
7.310000000000000000e+02 1.605072409139136347e-01
7.315000000000000000e+02 1.603697154795390156e-01
7.320000000000000000e+02 1.602277697852509952e-01
7.325000000000000000e+02 1.600906646937702571e-01
7.330000000000000000e+02 1.599537659092195030e-01
7.335000000000000000e+02 1.598170729893136355e-01
7.340000000000000000e+02 1.596805854930024027e-01
7.345000000000000000e+02 1.595397077887982795e-01
7.350000000000000000e+02 1.594036361332602791e-01
7.355000000000000000e+02 1.592677685735892079e-01
7.360000000000000000e+02 1.591275289104246982e-01
7.365000000000000000e+02 1.589920745104781152e-01
7.370000000000000000e+02 1.588568228898144252e-01
7.375000000000000000e+02 1.587172171685765909e-01
7.380000000000000000e+02 1.585823760490364387e-01
7.385000000000000000e+02 1.584431929456017740e-01
7.390000000000000000e+02 1.583087605590031144e-01
7.395000000000000000e+02 1.581699982594064191e-01
7.400000000000000000e+02 1.580359728474547143e-01
7.405000000000000000e+02 1.578976295478391745e-01
7.410000000000000000e+02 1.577640093620593653e-01
7.415000000000000000e+02 1.576260832686075808e-01
7.420000000000000000e+02 1.574928665702765296e-01
7.425000000000000000e+02 1.573553558991418189e-01
7.430000000000000000e+02 1.572225409592215017e-01
7.435000000000000000e+02 1.570854439364590960e-01
7.440000000000000000e+02 1.569485563794777161e-01
7.445000000000000000e+02 1.568163438970304469e-01
7.450000000000000000e+02 1.566798673331534497e-01
7.455000000000000000e+02 1.565480523166460913e-01
7.460000000000000000e+02 1.564119849964535069e-01
7.465000000000000000e+02 1.562761249167947675e-01
7.470000000000000000e+02 1.561449059340240531e-01
7.475000000000000000e+02 1.560094524794143900e-01
7.485000000000000000e+02 1.557435781746297765e-01
7.490000000000000000e+02 1.556087346656592763e-01
7.495000000000000000e+02 1.554784986144439052e-01
7.500000000000000000e+02 1.553440574225870840e-01
7.505000000000000000e+02 1.552098199717569238e-01
7.510000000000000000e+02 1.550801698531732720e-01
7.515000000000000000e+02 1.549463321581852071e-01
7.520000000000000000e+02 1.548170686159757448e-01
7.525000000000000000e+02 1.546836289892689620e-01
7.530000000000000000e+02 1.545503909569007350e-01
7.535000000000000000e+02 1.544217071511677086e-01
7.540000000000000000e+02 1.542888646608526482e-01
7.545000000000000000e+02 1.541605633482082682e-01
7.550000000000000000e+02 1.540281147354486402e-01
7.555000000000000000e+02 1.539001943027623054e-01
7.560000000000000000e+02 1.537681379121522418e-01
7.565000000000000000e+02 1.536362801621150853e-01
7.570000000000000000e+02 1.535089309402896118e-01
7.575000000000000000e+02 1.533774629342120888e-01
7.580000000000000000e+02 1.532504905869278566e-01
7.585000000000000000e+02 1.531194106919278042e-01
7.590000000000000000e+02 1.529928136367564862e-01
7.595000000000000000e+02 1.528621202288319436e-01
7.600000000000000000e+02 1.527358968919692306e-01
7.610000000000000000e+02 1.524797371721460792e-01
7.615000000000000000e+02 1.523540686338368533e-01
7.620000000000000000e+02 1.522243313141379284e-01
7.625000000000000000e+02 1.520990326078277555e-01
7.630000000000000000e+02 1.519696761719499800e-01
7.635000000000000000e+02 1.518447457535123113e-01
7.640000000000000000e+02 1.517199960826562388e-01
7.645000000000000000e+02 1.515912049503035652e-01
7.650000000000000000e+02 1.514668212775203138e-01
7.655000000000000000e+02 1.513426172279298265e-01
7.660000000000000000e+02 1.512185924321764741e-01
7.665000000000000000e+02 1.510905475735749015e-01
7.670000000000000000e+02 1.509668857586242696e-01
7.675000000000000000e+02 1.508434020851836810e-01
7.680000000000000000e+02 1.507200961878586154e-01
7.685000000000000000e+02 1.505969677022302999e-01
7.690000000000000000e+02 1.504698455710569427e-01
7.695000000000000000e+02 1.503470763452431358e-01
7.700000000000000000e+02 1.502244834336343982e-01
7.705000000000000000e+02 1.501020664757078404e-01
7.710000000000000000e+02 1.499798251119009718e-01
7.715000000000000000e+02 1.498577589836077029e-01
7.720000000000000000e+02 1.497358677331760979e-01
7.725000000000000000e+02 1.496141510039043776e-01
7.730000000000000000e+02 1.494926084400385879e-01
7.735000000000000000e+02 1.493712396867689640e-01
7.740000000000000000e+02 1.492500443902269325e-01
7.745000000000000000e+02 1.491290221974823083e-01
7.750000000000000000e+02 1.490081727565399361e-01
7.755000000000000000e+02 1.488915953528252012e-01
7.760000000000000000e+02 1.487710849663874124e-01
7.765000000000000000e+02 1.486507462911032529e-01
7.770000000000000000e+02 1.485305789786646735e-01
7.775000000000000000e+02 1.484105826816836116e-01
7.780000000000000000e+02 1.482948302593047052e-01
7.785000000000000000e+02 1.481751696057002909e-01
7.790000000000000000e+02 1.480556789405242935e-01
7.795000000000000000e+02 1.479404155612219218e-01
7.800000000000000000e+02 1.478212585216027719e-01
7.810000000000000000e+02 1.475874931683762992e-01
7.815000000000000000e+02 1.474688367217412421e-01
7.820000000000000000e+02 1.473543802660081115e-01
7.825000000000000000e+02 1.472360541230392783e-01
7.830000000000000000e+02 1.471219172132854636e-01
7.835000000000000000e+02 1.470079371938118884e-01
7.840000000000000000e+02 1.468901014225309776e-01
7.845000000000000000e+02 1.467764390478921988e-01
7.850000000000000000e+02 1.466629326290201374e-01
7.855000000000000000e+02 1.465455843249542922e-01
7.860000000000000000e+02 1.464323936645397506e-01
7.865000000000000000e+02 1.463193580326438148e-01
7.870000000000000000e+02 1.462064771244256378e-01
7.875000000000000000e+02 1.460897725686006177e-01
7.880000000000000000e+02 1.459772049318763809e-01
7.885000000000000000e+02 1.458647911011428655e-01
7.890000000000000000e+02 1.457525307747024601e-01
7.895000000000000000e+02 1.456404236516328776e-01
7.900000000000000000e+02 1.455284694317845462e-01
7.905000000000000000e+02 1.454166678157784443e-01
7.910000000000000000e+02 1.453050185050026866e-01
7.915000000000000000e+02 1.451935212016116916e-01
7.920000000000000000e+02 1.450821756085223235e-01
7.925000000000000000e+02 1.449709814294121990e-01
7.930000000000000000e+02 1.448599383687169673e-01
7.935000000000000000e+02 1.447529678880232484e-01
7.940000000000000000e+02 1.446422215382384413e-01
7.945000000000000000e+02 1.445316254323642524e-01
7.950000000000000000e+02 1.444211792778284653e-01
7.955000000000000000e+02 1.443147864485973542e-01
7.960000000000000000e+02 1.442046347096784809e-01
7.965000000000000000e+02 1.440946320564479299e-01
7.970000000000000000e+02 1.439886684815285256e-01
7.975000000000000000e+02 1.438789585413494942e-01
7.980000000000000000e+02 1.437732783665968406e-01
7.985000000000000000e+02 1.436638600164245605e-01
7.990000000000000000e+02 1.435584621493596891e-01
8.000000000000000000e+02 1.433442176254821898e-01
8.005000000000000000e+02 1.432392391233276718e-01
8.010000000000000000e+02 1.431305426017469018e-01
8.015000000000000000e+02 1.430258437067413735e-01
8.020000000000000000e+02 1.429212821618562890e-01
8.025000000000000000e+02 1.428168577058225031e-01
8.030000000000000000e+02 1.427125700780262907e-01
8.035000000000000000e+02 1.426045840185461433e-01
8.040000000000000000e+02 1.425005733442002154e-01
8.045000000000000000e+02 1.423966987139659024e-01
8.050000000000000000e+02 1.422929598698414733e-01
8.055000000000000000e+02 1.421893565544703752e-01
8.060000000000000000e+02 1.420858885111382086e-01
8.065000000000000000e+02 1.419825554837718662e-01
8.070000000000000000e+02 1.418793572169370076e-01
8.075000000000000000e+02 1.417762934558359500e-01
8.080000000000000000e+02 1.416771624823346121e-01
8.085000000000000000e+02 1.415743629499340850e-01
8.090000000000000000e+02 1.414716971687575153e-01
8.095000000000000000e+02 1.413691648865228745e-01
8.100000000000000000e+02 1.412705487566343343e-01
8.105000000000000000e+02 1.411682787207511891e-01
8.110000000000000000e+02 1.410661414367515576e-01
8.115000000000000000e+02 1.409679080011186358e-01
8.120000000000000000e+02 1.408660314924536638e-01
8.125000000000000000e+02 1.407680508008132825e-01
8.130000000000000000e+02 1.406664340966767290e-01
8.135000000000000000e+02 1.405687052025358652e-01
8.140000000000000000e+02 1.404673473368990289e-01
8.145000000000000000e+02 1.403698692984414742e-01
8.150000000000000000e+02 1.402687693100236888e-01
8.155000000000000000e+02 1.401715411900808783e-01
8.160000000000000000e+02 1.400744359174454223e-01
8.165000000000000000e+02 1.399774532645965963e-01
8.170000000000000000e+02 1.398768622422736918e-01
8.175000000000000000e+02 1.397801276577134155e-01
8.180000000000000000e+02 1.396835150088218958e-01
8.185000000000000000e+02 1.395870240703106779e-01
8.190000000000000000e+02 1.394906546174431994e-01
8.195000000000000000e+02 1.393944064260320415e-01
8.200000000000000000e+02 1.392982792724383190e-01
8.205000000000000000e+02 1.392022729335692377e-01
8.210000000000000000e+02 1.391063871868770396e-01
8.215000000000000000e+02 1.390106218103566160e-01
8.220000000000000000e+02 1.389149765825447858e-01
8.225000000000000000e+02 1.388194512825176030e-01
8.230000000000000000e+02 1.387240456898897745e-01
8.235000000000000000e+02 1.386324451089945842e-01
8.240000000000000000e+02 1.385372748260715603e-01
8.245000000000000000e+02 1.384422235973823967e-01
8.250000000000000000e+02 1.383472912046688486e-01
8.255000000000000000e+02 1.382561496005382806e-01
8.260000000000000000e+02 1.381614507996562213e-01
8.265000000000000000e+02 1.380705359090701190e-01
8.270000000000000000e+02 1.379760698518396056e-01
8.275000000000000000e+02 1.378853808459241936e-01
8.280000000000000000e+02 1.377911466882564273e-01
8.285000000000000000e+02 1.377006827421525526e-01
8.290000000000000000e+02 1.376066796440261752e-01
8.295000000000000000e+02 1.375164399368652424e-01
8.300000000000000000e+02 1.374263105458936041e-01
8.305000000000000000e+02 1.373326507771812366e-01
8.310000000000000000e+02 1.372427444053282153e-01
8.315000000000000000e+02 1.371529477479377646e-01
8.320000000000000000e+02 1.370632606066841674e-01
8.325000000000000000e+02 1.369700546051363932e-01
8.330000000000000000e+02 1.368805888729213993e-01
8.335000000000000000e+02 1.367912320608957177e-01
8.340000000000000000e+02 1.367019839726384411e-01
8.345000000000000000e+02 1.366128444121995078e-01
8.350000000000000000e+02 1.365238131840991465e-01
8.355000000000000000e+02 1.364348900933249897e-01
8.360000000000000000e+02 1.363460749453318521e-01
8.365000000000000000e+02 1.362573675460400091e-01
8.370000000000000000e+02 1.361723692889482140e-01
8.375000000000000000e+02 1.360838738710001827e-01
8.380000000000000000e+02 1.359954856260537637e-01
8.385000000000000000e+02 1.359072043618696768e-01
8.390000000000000000e+02 1.358190298866672197e-01
8.395000000000000000e+02 1.357345493466719233e-01
8.400000000000000000e+02 1.356465849586233341e-01
8.405000000000000000e+02 1.355623086879606254e-01
8.410000000000000000e+02 1.354745536399489525e-01
8.415000000000000000e+02 1.353869044362756291e-01
8.420000000000000000e+02 1.353029344552451607e-01
8.425000000000000000e+02 1.352154934740409098e-01
8.430000000000000000e+02 1.351317259361143053e-01
8.440000000000000000e+02 1.349609266211198311e-01
8.445000000000000000e+02 1.348774601442681853e-01
8.450000000000000000e+02 1.347905350557438708e-01
8.455000000000000000e+02 1.347072692237205049e-01
8.460000000000000000e+02 1.346241022018294375e-01
8.465000000000000000e+02 1.345410338149153617e-01
8.470000000000000000e+02 1.344545164459564623e-01
8.475000000000000000e+02 1.343716472842935994e-01
8.480000000000000000e+02 1.342888762316314655e-01
8.485000000000000000e+02 1.342062031144671819e-01
8.490000000000000000e+02 1.341236277597064042e-01
8.495000000000000000e+02 1.340411499946625451e-01
8.500000000000000000e+02 1.339587696470551648e-01
8.505000000000000000e+02 1.338764865450091934e-01
8.510000000000000000e+02 1.337943005170534327e-01
8.515000000000000000e+02 1.337122113921193067e-01
8.520000000000000000e+02 1.336302189995398626e-01
8.525000000000000000e+02 1.335483231690486883e-01
8.530000000000000000e+02 1.334700416197115991e-01
8.535000000000000000e+02 1.333883359605787522e-01
8.540000000000000000e+02 1.333067263580496320e-01
8.545000000000000000e+02 1.332252126434424755e-01
8.550000000000000000e+02 1.331473031623644498e-01
8.555000000000000000e+02 1.330659782868988117e-01
8.560000000000000000e+02 1.329847487985769960e-01
8.565000000000000000e+02 1.329071161372818721e-01
8.570000000000000000e+02 1.328260744984688380e-01
8.575000000000000000e+02 1.327486248923472889e-01
8.580000000000000000e+02 1.326677704489581389e-01
8.585000000000000000e+02 1.325905032559185626e-01
8.590000000000000000e+02 1.325098353569072740e-01
8.595000000000000000e+02 1.324327499378514794e-01
8.600000000000000000e+02 1.323522679351928633e-01
8.605000000000000000e+02 1.322753636539986954e-01
8.610000000000000000e+02 1.321985486925271458e-01
8.620000000000000000e+02 1.320417083563807104e-01
8.625000000000000000e+02 1.319651624384929611e-01
8.630000000000000000e+02 1.318887052180766906e-01
8.635000000000000000e+02 1.318123365410540648e-01
8.645000000000000000e+02 1.316563968864463419e-01
8.650000000000000000e+02 1.315802949229281649e-01
8.655000000000000000e+02 1.315042808877329439e-01
8.660000000000000000e+02 1.314283546285598958e-01
8.665000000000000000e+02 1.313525159934597342e-01
8.670000000000000000e+02 1.312767648308337531e-01
8.675000000000000000e+02 1.312011009894326896e-01
8.680000000000000000e+02 1.311255243183558350e-01
8.690000000000000000e+02 1.309780812464904354e-01
8.695000000000000000e+02 1.309027632009202857e-01
8.700000000000000000e+02 1.308275317278163041e-01
8.705000000000000000e+02 1.307523866780013477e-01
8.710000000000000000e+02 1.306773279026408607e-01
8.715000000000000000e+02 1.306057950938220025e-01
8.720000000000000000e+02 1.305309064498461902e-01
8.725000000000000000e+02 1.304561036381270689e-01
8.730000000000000000e+02 1.303848208151011934e-01
8.735000000000000000e+02 1.303101872599694844e-01
8.740000000000000000e+02 1.302390698457735474e-01
8.745000000000000000e+02 1.301646049687891216e-01
8.750000000000000000e+02 1.300902251945212362e-01
8.755000000000000000e+02 1.300193556198604161e-01
8.760000000000000000e+02 1.299451436588901776e-01
8.765000000000000000e+02 1.298744380736815973e-01
8.770000000000000000e+02 1.298038134828300438e-01
8.775000000000000000e+02 1.297298511959452394e-01
8.780000000000000000e+02 1.296593897537831330e-01
8.785000000000000000e+02 1.295855938575089239e-01
8.790000000000000000e+02 1.295152950054316299e-01
8.795000000000000000e+02 1.294450764552063093e-01
8.800000000000000000e+02 1.293749380700159046e-01
8.805000000000000000e+02 1.293014713249449332e-01
8.810000000000000000e+02 1.292314944240726127e-01
8.815000000000000000e+02 1.291615972778100696e-01
8.820000000000000000e+02 1.290917797505810316e-01
8.825000000000000000e+02 1.290220417071165082e-01
8.830000000000000000e+02 1.289489827933525679e-01
8.835000000000000000e+02 1.288794048670027226e-01
8.840000000000000000e+02 1.288099060186264910e-01
8.845000000000000000e+02 1.287404861141783485e-01
8.850000000000000000e+02 1.286711450199156948e-01
8.855000000000000000e+02 1.286018826023980488e-01
8.860000000000000000e+02 1.285326987284862721e-01
8.865000000000000000e+02 1.284635932653413748e-01
8.870000000000000000e+02 1.283945660804242106e-01
8.875000000000000000e+02 1.283256170414939223e-01
8.880000000000000000e+02 1.282567460166077755e-01
8.885000000000000000e+02 1.281913360969089144e-01
8.890000000000000000e+02 1.281226191711418994e-01
8.895000000000000000e+02 1.280539798671551099e-01
8.900000000000000000e+02 1.279854180541855624e-01
8.905000000000000000e+02 1.279169336017642877e-01
8.910000000000000000e+02 1.278519023166603541e-01
8.915000000000000000e+02 1.277835706695226725e-01
8.920000000000000000e+02 1.277153159950510930e-01
8.925000000000000000e+02 1.276471381639399660e-01
8.930000000000000000e+02 1.275824072598747971e-01
8.935000000000000000e+02 1.275143812100694718e-01
8.940000000000000000e+02 1.274464316192020219e-01
8.945000000000000000e+02 1.273819243881985364e-01
8.950000000000000000e+02 1.273141258174960988e-01
8.955000000000000000e+02 1.272497666944877870e-01
8.960000000000000000e+02 1.271821186404702986e-01
8.965000000000000000e+02 1.271145464109623147e-01
8.970000000000000000e+02 1.270504090910067330e-01
8.975000000000000000e+02 1.269829866254933715e-01
8.980000000000000000e+02 1.269189961764304042e-01
8.985000000000000000e+02 1.268517229770168564e-01
8.990000000000000000e+02 1.267878789084838087e-01
8.995000000000000000e+02 1.267241072807427094e-01
9.000000000000000000e+02 1.266570563033033725e-01
9.005000000000000000e+02 1.265934303261774252e-01
9.010000000000000000e+02 1.265265273813939717e-01
9.015000000000000000e+02 1.264630465699506656e-01
9.020000000000000000e+02 1.263996375977209652e-01
9.025000000000000000e+02 1.263329550390654421e-01
9.030000000000000000e+02 1.262696905106794332e-01
9.035000000000000000e+02 1.262064974640575987e-01
9.040000000000000000e+02 1.261400342007137354e-01
9.045000000000000000e+02 1.260769848808858395e-01
9.050000000000000000e+02 1.260140066877461495e-01
9.055000000000000000e+02 1.259510995039511416e-01
9.060000000000000000e+02 1.258849264574620763e-01
9.065000000000000000e+02 1.258221620527824602e-01
9.070000000000000000e+02 1.257594683055034968e-01
9.075000000000000000e+02 1.256968450993165010e-01
9.080000000000000000e+02 1.256342923181692772e-01
9.085000000000000000e+02 1.255684789980097138e-01
9.090000000000000000e+02 1.255060678238431315e-01
9.095000000000000000e+02 1.254437267266369782e-01
9.100000000000000000e+02 1.253814555913602413e-01
9.105000000000000000e+02 1.253192543032346784e-01
9.110000000000000000e+02 1.252571227477338178e-01
9.115000000000000000e+02 1.251950608105830420e-01
9.120000000000000000e+02 1.251330683777588104e-01
9.125000000000000000e+02 1.250711453354871328e-01
9.130000000000000000e+02 1.250092915702439300e-01
9.135000000000000000e+02 1.249475069687536188e-01
9.140000000000000000e+02 1.248857914179888340e-01
9.145000000000000000e+02 1.248241448051697067e-01
9.150000000000000000e+02 1.247625670177628932e-01
9.155000000000000000e+02 1.247010579434812139e-01
9.160000000000000000e+02 1.246396174702830567e-01
9.165000000000000000e+02 1.245782454863711558e-01
9.170000000000000000e+02 1.245169418801925776e-01
9.175000000000000000e+02 1.244557065404379437e-01
9.180000000000000000e+02 1.243945393560399737e-01
9.185000000000000000e+02 1.243334402161740265e-01
9.190000000000000000e+02 1.242724090102568513e-01
9.195000000000000000e+02 1.242114456279454771e-01
9.200000000000000000e+02 1.241505499591375739e-01
9.205000000000000000e+02 1.240897218939700508e-01
9.210000000000000000e+02 1.240289613228184179e-01
9.215000000000000000e+02 1.239682681362965500e-01
9.220000000000000000e+02 1.239076422252559512e-01
9.225000000000000000e+02 1.238470834807846310e-01
9.230000000000000000e+02 1.237865917942069238e-01
9.235000000000000000e+02 1.237294654076735029e-01
9.240000000000000000e+02 1.236691064504120280e-01
9.245000000000000000e+02 1.236088142278160829e-01
9.250000000000000000e+02 1.235485886321466970e-01
9.255000000000000000e+02 1.234884295558973527e-01
9.260000000000000000e+02 1.234283368917943879e-01
9.265000000000000000e+02 1.233683105327959689e-01
9.270000000000000000e+02 1.233083503720910773e-01
9.275000000000000000e+02 1.232484563030997182e-01
9.280000000000000000e+02 1.231919174285677210e-01
9.285000000000000000e+02 1.231321541751328186e-01
9.290000000000000000e+02 1.230724566964163796e-01
9.295000000000000000e+02 1.230128248867518176e-01
9.300000000000000000e+02 1.229532586407003497e-01
9.305000000000000000e+02 1.228937578530499009e-01
9.310000000000000000e+02 1.228343224188146177e-01
9.315000000000000000e+02 1.227749522332342719e-01
9.320000000000000000e+02 1.227189284073613718e-01
9.325000000000000000e+02 1.226596873674793836e-01
9.330000000000000000e+02 1.226005112646718770e-01
9.335000000000000000e+02 1.225413999950729638e-01
9.340000000000000000e+02 1.224823534550396609e-01
9.345000000000000000e+02 1.224233715411508910e-01
9.350000000000000000e+02 1.223644541502069555e-01
9.355000000000000000e+02 1.223056011792291314e-01
9.360000000000000000e+02 1.222468125254589921e-01
9.365000000000000000e+02 1.221880880863575186e-01
9.370000000000000000e+02 1.221294277596051137e-01
9.380000000000000000e+02 1.220155682404315961e-01
9.385000000000000000e+02 1.219570986167789195e-01
9.390000000000000000e+02 1.218986926997036313e-01
9.395000000000000000e+02 1.218403503879703642e-01
9.400000000000000000e+02 1.217820715805599530e-01
9.405000000000000000e+02 1.217238561766680605e-01
9.410000000000000000e+02 1.216657040757045533e-01
9.415000000000000000e+02 1.216076151772937236e-01
9.420000000000000000e+02 1.215495893812727074e-01
9.425000000000000000e+02 1.214916265876916784e-01
9.430000000000000000e+02 1.214337266968131407e-01
9.435000000000000000e+02 1.213726315752558516e-01
9.440000000000000000e+02 1.213148581991286140e-01
9.445000000000000000e+02 1.212571474264522026e-01
9.450000000000000000e+02 1.211994991583342784e-01
9.455000000000000000e+02 1.211419132960915440e-01
9.460000000000000000e+02 1.210843897412498676e-01
9.465000000000000000e+02 1.210269283955434788e-01
9.470000000000000000e+02 1.209695291609140105e-01
9.475000000000000000e+02 1.209089422894146781e-01
9.480000000000000000e+02 1.208516679808434025e-01
9.485000000000000000e+02 1.207944554891251937e-01
9.490000000000000000e+02 1.207373047170295227e-01
9.495000000000000000e+02 1.206802155675306409e-01
9.500000000000000000e+02 1.206199436251823159e-01
9.505000000000000000e+02 1.205629784213664152e-01
9.510000000000000000e+02 1.205060745490146024e-01
9.515000000000000000e+02 1.204459909195364081e-01
9.520000000000000000e+02 1.203892104085321074e-01
9.525000000000000000e+02 1.203324909396964043e-01
9.530000000000000000e+02 1.202725947393285533e-01
9.535000000000000000e+02 1.202159980511834092e-01
9.540000000000000000e+02 1.201562267616572838e-01
9.545000000000000000e+02 1.200997524682590051e-01
9.550000000000000000e+02 1.200401056990382520e-01
9.555000000000000000e+02 1.199837534160624886e-01
9.560000000000000000e+02 1.199242307782419220e-01
9.565000000000000000e+02 1.198680001229740916e-01
9.570000000000000000e+02 1.198086012292711583e-01
9.575000000000000000e+02 1.197524918205992578e-01
9.580000000000000000e+02 1.196932162853456827e-01
9.585000000000000000e+02 1.196340029484220802e-01
9.590000000000000000e+02 1.195780751828840055e-01
9.595000000000000000e+02 1.195189846275369339e-01
9.600000000000000000e+02 1.194599559808854905e-01
9.605000000000000000e+02 1.194009891463071321e-01
9.610000000000000000e+02 1.193420840273804878e-01
9.615000000000000000e+02 1.192864577502141810e-01
9.620000000000000000e+02 1.192276744575663933e-01
9.625000000000000000e+02 1.191689525939348404e-01
9.630000000000000000e+02 1.191102920636951112e-01
9.635000000000000000e+02 1.190516927714213441e-01
9.640000000000000000e+02 1.189931546218855746e-01
9.645000000000000000e+02 1.189346775200576106e-01
9.650000000000000000e+02 1.188762613711036448e-01
9.655000000000000000e+02 1.188179060803868370e-01
9.660000000000000000e+02 1.187596115534662183e-01
9.670000000000000000e+02 1.186400015959429982e-01
9.675000000000000000e+02 1.185818900966990469e-01
9.680000000000000000e+02 1.185238389840333334e-01
9.690000000000000000e+02 1.184047202758490847e-01
9.695000000000000000e+02 1.183468510581478367e-01
9.700000000000000000e+02 1.182858475266745646e-01
9.705000000000000000e+02 1.182280995335717316e-01
9.710000000000000000e+02 1.181672199766543446e-01
9.715000000000000000e+02 1.181095928324510796e-01
9.720000000000000000e+02 1.180488368690598977e-01
9.725000000000000000e+02 1.179913301996054903e-01
9.730000000000000000e+02 1.179306974502737221e-01
9.740000000000000000e+02 1.178128009697733680e-01
9.745000000000000000e+02 1.177523531498812226e-01
9.750000000000000000e+02 1.176919673277530831e-01
9.755000000000000000e+02 1.176316434080566381e-01
9.760000000000000000e+02 1.175745573904837804e-01
9.765000000000000000e+02 1.175143553641701671e-01
9.770000000000000000e+02 1.174542149571260602e-01
9.775000000000000000e+02 1.173941360747950552e-01
9.780000000000000000e+02 1.173341186228140792e-01
9.785000000000000000e+02 1.172741625070129468e-01
9.790000000000000000e+02 1.172142676334138600e-01
9.795000000000000000e+02 1.171512691623882163e-01
9.800000000000000000e+02 1.170914981066931149e-01
9.805000000000000000e+02 1.170317880107692582e-01
9.810000000000000000e+02 1.169721387814059710e-01
9.815000000000000000e+02 1.169093923781113903e-01
9.820000000000000000e+02 1.168498662109127562e-01
9.825000000000000000e+02 1.167904006301438563e-01
9.830000000000000000e+02 1.167278427637092886e-01
9.835000000000000000e+02 1.166684996814704861e-01
9.840000000000000000e+02 1.166060676802148088e-01
9.845000000000000000e+02 1.165468467215148435e-01
9.850000000000000000e+02 1.164845402039333261e-01
9.855000000000000000e+02 1.164222972575319759e-01
9.860000000000000000e+02 1.163632595814378945e-01
9.865000000000000000e+02 1.163011415474346361e-01
9.870000000000000000e+02 1.162390867969162467e-01
9.875000000000000000e+02 1.161770952336981105e-01
9.880000000000000000e+02 1.161183011571628315e-01
9.885000000000000000e+02 1.160564337487590969e-01
9.890000000000000000e+02 1.159946292422785602e-01
9.895000000000000000e+02 1.159328875423092653e-01
9.900000000000000000e+02 1.158712085536318798e-01
9.905000000000000000e+02 1.158095921812192786e-01
9.910000000000000000e+02 1.157480383302365856e-01
9.915000000000000000e+02 1.156865469060397306e-01
9.920000000000000000e+02 1.156219988187286996e-01
9.925000000000000000e+02 1.155606338809379713e-01
9.930000000000000000e+02 1.154993310851573085e-01
9.935000000000000000e+02 1.154380903375064327e-01
9.940000000000000000e+02 1.153738005449195803e-01
9.945000000000000000e+02 1.153126855204843482e-01
9.950000000000000000e+02 1.152516322616942285e-01
9.955000000000000000e+02 1.151875357368785102e-01
9.960000000000000000e+02 1.151266076318887138e-01
9.965000000000000000e+02 1.150626402173540175e-01
9.970000000000000000e+02 1.150018368870737162e-01
9.975000000000000000e+02 1.149379981956618058e-01
9.980000000000000000e+02 1.148742248387251558e-01
9.985000000000000000e+02 1.148136089086237294e-01
9.990000000000000000e+02 1.147499636946478635e-01
9.995000000000000000e+02 1.146863835223822375e-01
1.000000000000000000e+03 1.146259541418033767e-01
1.000500000000000000e+03 1.145625015358121973e-01
1.001000000000000000e+03 1.144991136805134091e-01
1.001500000000000000e+03 1.144357904784721047e-01
1.002000000000000000e+03 1.143725318324479850e-01
1.002500000000000000e+03 1.143093376453952897e-01
1.003000000000000000e+03 1.142462078204618120e-01
1.003500000000000000e+03 1.141831422609883712e-01
1.004000000000000000e+03 1.141201408705090070e-01
1.004500000000000000e+03 1.140572035527495920e-01
1.005000000000000000e+03 1.139943302116280810e-01
1.005500000000000000e+03 1.139315207512536648e-01
1.006000000000000000e+03 1.138687750759263401e-01
1.006500000000000000e+03 1.138060930901364926e-01
1.007000000000000000e+03 1.137404197551649399e-01
1.007500000000000000e+03 1.136778670520322138e-01
1.008000000000000000e+03 1.136153777506493795e-01
1.008500000000000000e+03 1.135529517562677143e-01
1.009000000000000000e+03 1.134875431096749321e-01
1.009500000000000000e+03 1.134252456253100477e-01
1.010000000000000000e+03 1.133630111624437387e-01
1.010500000000000000e+03 1.132978006286372991e-01
1.011000000000000000e+03 1.132356940990665722e-01
1.011500000000000000e+03 1.131706159847900989e-01
1.012000000000000000e+03 1.131086370042678896e-01
1.012500000000000000e+03 1.130436909154044628e-01
1.013000000000000000e+03 1.129818391012091250e-01
1.013500000000000000e+03 1.129170246451966786e-01
1.014000000000000000e+03 1.128552996161242411e-01
1.014500000000000000e+03 1.127906164019475549e-01
1.015000000000000000e+03 1.127259999045998468e-01
1.015500000000000000e+03 1.126644654164879328e-01
1.016000000000000000e+03 1.125999795745612764e-01
1.016500000000000000e+03 1.125355601528781335e-01
1.017000000000000000e+03 1.124742153490057572e-01
1.017500000000000000e+03 1.124099259997928812e-01
1.018000000000000000e+03 1.123457027759831861e-01
1.018500000000000000e+03 1.122815455787102706e-01
1.019000000000000000e+03 1.122174543093030358e-01
1.019500000000000000e+03 1.121564251753034980e-01
1.020000000000000000e+03 1.120924630107557052e-01
1.020500000000000000e+03 1.120285664821226435e-01
1.021000000000000000e+03 1.119647354915042914e-01
1.021500000000000000e+03 1.119009699411927794e-01
1.022000000000000000e+03 1.118372697336731530e-01
1.022500000000000000e+03 1.117736347716215134e-01
1.023000000000000000e+03 1.117100649579057803e-01
1.023500000000000000e+03 1.116495372640112227e-01
1.024000000000000000e+03 1.115860950234242865e-01
